Linux 5.13.0-52-generic (w1) 	18/07/2022 	_x86_64_	(16 CPU)

19:18:32        CPU      %usr     %nice      %sys   %iowait    %steal      %irq     %soft    %guest    %gnice     %idle
19:18:34        all      6,32      0,00      0,00      0,00      0,00      0,00      0,00      0,00      0,00     93,68
19:18:34          0      0,00      0,00      0,00      0,00      0,00      0,00      0,00      0,00      0,00    100,00
19:18:34          1      0,00      0,00      0,00      0,00      0,00      0,00      0,00      0,00      0,00    100,00
19:18:34          2    100,00      0,00      0,00      0,00      0,00      0,00      0,00      0,00      0,00      0,00
19:18:34          3      0,00      0,00      0,00      0,00      0,00      0,00      0,00      0,00      0,00    100,00
19:18:34          4      0,00      0,00      0,00      0,00      0,00      0,00      0,00      0,00      0,00    100,00
19:18:34          5      0,00      0,00      0,00      0,00      0,00      0,00      0,00      0,00      0,00    100,00
19:18:34          6      0,00      0,00      0,00      0,00      0,00      0,00      0,00      0,00      0,00    100,00
19:18:34          7      0,00      0,00      0,00      0,00      0,00      0,00      0,00      0,00      0,00    100,00
19:18:34          8      0,00      0,00      0,00      0,00      0,00      0,00      0,00      0,00      0,00    100,00
19:18:34          9      0,00      0,00      0,00      0,00      0,00      0,00      0,00      0,00      0,00    100,00
19:18:34         10      0,00      0,00      0,00      0,00      0,00      0,00      0,00      0,00      0,00    100,00
19:18:34         11      0,50      0,00      0,00      0,00      0,00      0,00      0,00      0,00      0,00     99,50
19:18:34         12      0,50      0,00      0,00      0,00      0,00      0,00      0,00      0,00      0,00     99,50
19:18:34         13      0,00      0,00      0,00      0,00      0,00      0,00      0,00      0,00      0,00    100,00
19:18:34         14      0,00      0,00      0,00      0,00      0,00      0,00      0,00      0,00      0,00    100,00
19:18:34         15      0,00      0,00      0,00      0,00      0,00      0,00      0,00      0,00      0,00    100,00

19:18:32        IFACE   rxpck/s   txpck/s    rxkB/s    txkB/s   rxcmp/s   txcmp/s  rxmcst/s   %ifutil
19:18:34           lo      0,00      0,00      0,00      0,00      0,00      0,00      0,00      0,00
19:18:34         eno1     18,00     16,00      3,46      3,18      0,00      0,00      1,00      0,00
19:18:34         eno2      0,00      0,00      0,00      0,00      0,00      0,00      0,00      0,00
19:18:34      docker0      0,00      0,00      0,00      0,00      0,00      0,00      0,00      0,00
19:18:34      ens2np0      0,00      0,00      0,00      0,00      0,00      0,00      0,00      0,00
19:18:34      ens2np1      0,00      0,00      0,00      0,00      0,00      0,00      0,00      0,00

19:18:34        CPU      %usr     %nice      %sys   %iowait    %steal      %irq     %soft    %guest    %gnice     %idle
19:18:36        all      6,28      0,00      0,03      0,00      0,00      0,00      0,00      0,00      0,00     93,69
19:18:36          0      0,50      0,00      0,00      0,00      0,00      0,00      0,00      0,00      0,00     99,50
19:18:36          1      0,00      0,00      0,50      0,00      0,00      0,00      0,00      0,00      0,00     99,50
19:18:36          2    100,00      0,00      0,00      0,00      0,00      0,00      0,00      0,00      0,00      0,00
19:18:36          3      0,00      0,00      0,00      0,00      0,00      0,00      0,00      0,00      0,00    100,00
19:18:36          4      0,00      0,00      0,00      0,00      0,00      0,00      0,00      0,00      0,00    100,00
19:18:36          5      0,00      0,00      0,00      0,00      0,00      0,00      0,00      0,00      0,00    100,00
19:18:36          6      0,00      0,00      0,00      0,00      0,00      0,00      0,00      0,00      0,00    100,00
19:18:36          7      0,00      0,00      0,00      0,00      0,00      0,00      0,00      0,00      0,00    100,00
19:18:36          8      0,00      0,00      0,00      0,00      0,00      0,00      0,00      0,00      0,00    100,00
19:18:36          9      0,00      0,00      0,00      0,00      0,00      0,00      0,00      0,00      0,00    100,00
19:18:36         10      0,00      0,00      0,00      0,00      0,00      0,00      0,00      0,00      0,00    100,00
19:18:36         11      0,00      0,00      0,00      0,00      0,00      0,00      0,00      0,00      0,00    100,00
19:18:36         12      0,00      0,00      0,00      0,00      0,00      0,00      0,00      0,00      0,00    100,00
19:18:36         13      0,00      0,00      0,00      0,00      0,00      0,00      0,00      0,00      0,00    100,00
19:18:36         14      0,00      0,00      0,00      0,00      0,00      0,00      0,00      0,00      0,00    100,00
19:18:36         15      0,00      0,00      0,00      0,00      0,00      0,00      0,00      0,00      0,00    100,00

19:18:34        IFACE   rxpck/s   txpck/s    rxkB/s    txkB/s   rxcmp/s   txcmp/s  rxmcst/s   %ifutil
19:18:36           lo      0,00      0,00      0,00      0,00      0,00      0,00      0,00      0,00
19:18:36         eno1      8,00      3,50      0,55      0,30      0,00      0,00      1,00      0,00
19:18:36         eno2      0,00      0,00      0,00      0,00      0,00      0,00      0,00      0,00
19:18:36      docker0      0,00      0,00      0,00      0,00      0,00      0,00      0,00      0,00
19:18:36      ens2np0      0,00      0,00      0,00      0,00      0,00      0,00      0,00      0,00
19:18:36      ens2np1      0,00      0,00      0,00      0,00      0,00      0,00      0,00      0,00

19:18:36        CPU      %usr     %nice      %sys   %iowait    %steal      %irq     %soft    %guest    %gnice     %idle
19:18:38        all      6,28      0,00      0,03      0,00      0,00      0,00      0,00      0,00      0,00     93,69
19:18:38          0      0,50      0,00      0,50      0,00      0,00      0,00      0,00      0,00      0,00     99,00
19:18:38          1      0,00      0,00      0,00      0,00      0,00      0,00      0,00      0,00      0,00    100,00
19:18:38          2    100,00      0,00      0,00      0,00      0,00      0,00      0,00      0,00      0,00      0,00
19:18:38          3      0,00      0,00      0,00      0,00      0,00      0,00      0,00      0,00      0,00    100,00
19:18:38          4      0,00      0,00      0,00      0,00      0,00      0,00      0,00      0,00      0,00    100,00
19:18:38          5      0,00      0,00      0,00      0,00      0,00      0,00      0,00      0,00      0,00    100,00
19:18:38          6      0,00      0,00      0,00      0,00      0,00      0,00      0,00      0,00      0,00    100,00
19:18:38          7      0,00      0,00      0,00      0,00      0,00      0,00      0,00      0,00      0,00    100,00
19:18:38          8      0,00      0,00      0,00      0,00      0,00      0,00      0,00      0,00      0,00    100,00
19:18:38          9      0,00      0,00      0,00      0,00      0,00      0,00      0,00      0,00      0,00    100,00
19:18:38         10      0,00      0,00      0,00      0,00      0,00      0,00      0,00      0,00      0,00    100,00
19:18:38         11      0,00      0,00      0,00      0,00      0,00      0,00      0,00      0,00      0,00    100,00
19:18:38         12      0,00      0,00      0,00      0,00      0,00      0,00      0,00      0,00      0,00    100,00
19:18:38         13      0,00      0,00      0,00      0,00      0,00      0,00      0,00      0,00      0,00    100,00
19:18:38         14      0,00      0,00      0,00      0,00      0,00      0,00      0,00      0,00      0,00    100,00
19:18:38         15      0,00      0,00      0,00      0,00      0,00      0,00      0,00      0,00      0,00    100,00

19:18:36        IFACE   rxpck/s   txpck/s    rxkB/s    txkB/s   rxcmp/s   txcmp/s  rxmcst/s   %ifutil
19:18:38           lo      0,00      0,00      0,00      0,00      0,00      0,00      0,00      0,00
19:18:38         eno1      9,50      5,50      1,21      1,12      0,00      0,00      1,00      0,00
19:18:38         eno2      0,00      0,00      0,00      0,00      0,00      0,00      0,00      0,00
19:18:38      docker0      0,00      0,00      0,00      0,00      0,00      0,00      0,00      0,00
19:18:38      ens2np0      0,00      0,00      0,00      0,00      0,00      0,00      0,00      0,00
19:18:38      ens2np1      0,00      0,00      0,00      0,00      0,00      0,00      0,00      0,00

19:18:38        CPU      %usr     %nice      %sys   %iowait    %steal      %irq     %soft    %guest    %gnice     %idle
19:18:40        all      6,31      0,00      0,03      0,00      0,00      0,00      0,00      0,00      0,00     93,65
19:18:40          0      0,00      0,00      0,00      0,00      0,00      0,00      0,00      0,00      0,00    100,00
19:18:40          1      1,00      0,00      0,00      0,00      0,00      0,00      0,00      0,00      0,00     99,00
19:18:40          2    100,00      0,00      0,00      0,00      0,00      0,00      0,00      0,00      0,00      0,00
19:18:40          3      0,00      0,00      0,00      0,00      0,00      0,00      0,00      0,00      0,00    100,00
19:18:40          4      0,00      0,00      0,00      0,00      0,00      0,00      0,00      0,00      0,00    100,00
19:18:40          5      0,00      0,00      0,00      0,00      0,00      0,00      0,00      0,00      0,00    100,00
19:18:40          6      0,00      0,00      0,00      0,00      0,00      0,00      0,00      0,00      0,00    100,00
19:18:40          7      0,00      0,00      0,50      0,00      0,00      0,00      0,00      0,00      0,00     99,50
19:18:40          8      0,00      0,00      0,00      0,00      0,00      0,00      0,00      0,00      0,00    100,00
19:18:40          9      0,00      0,00      0,00      0,00      0,00      0,00      0,00      0,00      0,00    100,00
19:18:40         10      0,00      0,00      0,00      0,00      0,00      0,00      0,00      0,00      0,00    100,00
19:18:40         11      0,00      0,00      0,00      0,00      0,00      0,00      0,00      0,00      0,00    100,00
19:18:40         12      0,00      0,00      0,00      0,00      0,00      0,00      0,00      0,00      0,00    100,00
19:18:40         13      0,00      0,00      0,00      0,00      0,00      0,00      0,00      0,00      0,00    100,00
19:18:40         14      0,00      0,00      0,00      0,00      0,00      0,00      0,00      0,00      0,00    100,00
19:18:40         15      0,00      0,00      0,00      0,00      0,00      0,00      0,00      0,00      0,00    100,00

19:18:38        IFACE   rxpck/s   txpck/s    rxkB/s    txkB/s   rxcmp/s   txcmp/s  rxmcst/s   %ifutil
19:18:40           lo      0,00      0,00      0,00      0,00      0,00      0,00      0,00      0,00
19:18:40         eno1      8,00      4,00      0,77      0,99      0,00      0,00      1,00      0,00
19:18:40         eno2      0,00      0,00      0,00      0,00      0,00      0,00      0,00      0,00
19:18:40      docker0      0,00      0,00      0,00      0,00      0,00      0,00      0,00      0,00
19:18:40      ens2np0      0,00      0,00      0,00      0,00      0,00      0,00      0,00      0,00
19:18:40      ens2np1      0,00      0,00      0,00      0,00      0,00      0,00      0,00      0,00

19:18:40        CPU      %usr     %nice      %sys   %iowait    %steal      %irq     %soft    %guest    %gnice     %idle
19:18:42        all      6,66      0,00      0,16      0,00      0,00      0,00      0,03      0,00      0,00     93,16
19:18:42          0      0,50      0,00      0,00      0,00      0,00      0,00      0,50      0,00      0,00     99,00
19:18:42          1      0,00      0,00      0,00      0,00      0,00      0,00      0,00      0,00      0,00    100,00
19:18:42          2    100,00      0,00      0,00      0,00      0,00      0,00      0,00      0,00      0,00      0,00
19:18:42          3      0,50      0,00      0,00      0,00      0,00      0,00      0,00      0,00      0,00     99,50
19:18:42          4      1,00      0,00      0,50      0,00      0,00      0,00      0,00      0,00      0,00     98,51
19:18:42          5      0,00      0,00      0,00      0,00      0,00      0,00      0,00      0,00      0,00    100,00
19:18:42          6      0,50      0,00      0,50      0,00      0,00      0,00      0,00      0,00      0,00     99,00
19:18:42          7      0,50      0,00      0,50      0,00      0,00      0,00      0,00      0,00      0,00     99,00
19:18:42          8      0,50      0,00      0,00      0,00      0,00      0,00      0,00      0,00      0,00     99,50
19:18:42          9      0,50      0,00      0,00      0,00      0,00      0,00      0,00      0,00      0,00     99,50
19:18:42         10      0,00      0,00      0,00      0,00      0,00      0,00      0,00      0,00      0,00    100,00
19:18:42         11      0,50      0,00      0,50      0,00      0,00      0,00      0,00      0,00      0,00     99,00
19:18:42         12      1,00      0,00      0,50      0,00      0,00      0,00      0,00      0,00      0,00     98,50
19:18:42         13      0,00      0,00      0,00      0,00      0,00      0,00      0,00      0,00      0,00    100,00
19:18:42         14      1,00      0,00      0,00      0,00      0,00      0,00      0,00      0,00      0,00     99,00
19:18:42         15      0,00      0,00      0,00      0,00      0,00      0,00      0,00      0,00      0,00    100,00

19:18:40        IFACE   rxpck/s   txpck/s    rxkB/s    txkB/s   rxcmp/s   txcmp/s  rxmcst/s   %ifutil
19:18:42           lo      0,00      0,00      0,00      0,00      0,00      0,00      0,00      0,00
19:18:42         eno1      4,50      1,50      0,47      0,10      0,00      0,00      1,50      0,00
19:18:42         eno2      0,00      0,00      0,00      0,00      0,00      0,00      0,00      0,00
19:18:42      docker0      0,00      0,00      0,00      0,00      0,00      0,00      0,00      0,00
19:18:42      ens2np0      0,00      0,00      0,00      0,00      0,00      0,00      0,00      0,00
19:18:42      ens2np1      0,00      0,00      0,00      0,00      0,00      0,00      0,00      0,00

19:18:42        CPU      %usr     %nice      %sys   %iowait    %steal      %irq     %soft    %guest    %gnice     %idle
19:18:44        all      6,29      0,00      0,00      0,00      0,00      0,00      3,90      0,00      0,00     89,81
19:18:44          0      0,00      0,00      0,00      0,00      0,00      0,00     57,79      0,00      0,00     42,21
19:18:44          1      0,00      0,00      0,00      0,00      0,00      0,00      0,00      0,00      0,00    100,00
19:18:44          2     99,50      0,00      0,00      0,00      0,00      0,00      0,00      0,00      0,00      0,50
19:18:44          3      0,00      0,00      0,00      0,00      0,00      0,00      0,00      0,00      0,00    100,00
19:18:44          4      0,00      0,00      0,00      0,00      0,00      0,00      4,95      0,00      0,00     95,05
19:18:44          5      0,00      0,00      0,00      0,00      0,00      0,00      0,00      0,00      0,00    100,00
19:18:44          6      0,00      0,00      0,00      0,00      0,00      0,00      0,00      0,00      0,00    100,00
19:18:44          7      0,00      0,00      0,00      0,00      0,00      0,00      0,00      0,00      0,00    100,00
19:18:44          8      0,00      0,00      0,00      0,00      0,00      0,00      0,00      0,00      0,00    100,00
19:18:44          9      0,00      0,00      0,00      0,00      0,00      0,00      0,00      0,00      0,00    100,00
19:18:44         10      1,00      0,00      0,00      0,00      0,00      0,00      0,00      0,00      0,00     99,00
19:18:44         11      0,00      0,00      0,00      0,00      0,00      0,00      0,00      0,00      0,00    100,00
19:18:44         12      0,00      0,00      0,00      0,00      0,00      0,00      0,00      0,00      0,00    100,00
19:18:44         13      0,00      0,00      0,00      0,00      0,00      0,00      0,00      0,00      0,00    100,00
19:18:44         14      0,00      0,00      0,00      0,00      0,00      0,00      0,00      0,00      0,00    100,00
19:18:44         15      0,00      0,00      0,00      0,00      0,00      0,00      0,00      0,00      0,00    100,00

19:18:42        IFACE   rxpck/s   txpck/s    rxkB/s    txkB/s   rxcmp/s   txcmp/s  rxmcst/s   %ifutil
19:18:44           lo      0,00      0,00      0,00      0,00      0,00      0,00      0,00      0,00
19:18:44         eno1      4,50  71411,50      0,33  35704,15      0,00      0,00      1,00     29,25
19:18:44         eno2      0,00      0,00      0,00      0,00      0,00      0,00      0,00      0,00
19:18:44      docker0      0,00      0,00      0,00      0,00      0,00      0,00      0,00      0,00
19:18:44      ens2np0 223778,50      1,00 111015,12      0,04      0,00      0,00      0,00      9,09
19:18:44      ens2np1      0,00      0,00      0,00      0,00      0,00      0,00      0,00      0,00

19:18:44        CPU      %usr     %nice      %sys   %iowait    %steal      %irq     %soft    %guest    %gnice     %idle
19:18:46        all      6,33      0,00      0,00      0,00      0,00      0,00      6,71      0,00      0,00     86,96
19:18:46          0      0,00      0,00      0,00      0,00      0,00      0,00    100,00      0,00      0,00      0,00
19:18:46          1      0,00      0,00      0,00      0,00      0,00      0,00      0,00      0,00      0,00    100,00
19:18:46          2    100,00      0,00      0,00      0,00      0,00      0,00      0,00      0,00      0,00      0,00
19:18:46          3      0,00      0,00      0,00      0,00      0,00      0,00      0,00      0,00      0,00    100,00
19:18:46          4      0,00      0,00      0,00      0,00      0,00      0,00      7,41      0,00      0,00     92,59
19:18:46          5      0,00      0,00      0,00      0,00      0,00      0,00      0,00      0,00      0,00    100,00
19:18:46          6      0,00      0,00      0,00      0,00      0,00      0,00      0,00      0,00      0,00    100,00
19:18:46          7      0,00      0,00      0,00      0,00      0,00      0,00      0,00      0,00      0,00    100,00
19:18:46          8      0,00      0,00      0,00      0,00      0,00      0,00      0,00      0,00      0,00    100,00
19:18:46          9      0,00      0,00      0,00      0,00      0,00      0,00      0,00      0,00      0,00    100,00
19:18:46         10      0,00      0,00      0,00      0,00      0,00      0,00      0,00      0,00      0,00    100,00
19:18:46         11      0,00      0,00      0,00      0,00      0,00      0,00      0,00      0,00      0,00    100,00
19:18:46         12      0,00      0,00      0,00      0,00      0,00      0,00      0,00      0,00      0,00    100,00
19:18:46         13      0,00      0,00      0,00      0,00      0,00      0,00      0,00      0,00      0,00    100,00
19:18:46         14      0,00      0,00      0,00      0,00      0,00      0,00      0,00      0,00      0,00    100,00
19:18:46         15      0,00      0,00      0,00      0,00      0,00      0,00      0,00      0,00      0,00    100,00

19:18:44        IFACE   rxpck/s   txpck/s    rxkB/s    txkB/s   rxcmp/s   txcmp/s  rxmcst/s   %ifutil
19:18:46           lo      0,00      0,00      0,00      0,00      0,00      0,00      0,00      0,00
19:18:46         eno1      3,50 240599,00      0,23 120299,50      0,00      0,00      1,00     98,55
19:18:46         eno2      0,00      0,00      0,00      0,00      0,00      0,00      0,00      0,00
19:18:46      docker0      0,00      0,00      0,00      0,00      0,00      0,00      0,00      0,00
19:18:46      ens2np0 388473,50      0,50 192719,28      0,02      0,00      0,00      0,00     15,79
19:18:46      ens2np1      0,00      0,00      0,00      0,00      0,00      0,00      0,00      0,00

19:18:46        CPU      %usr     %nice      %sys   %iowait    %steal      %irq     %soft    %guest    %gnice     %idle
19:18:48        all      6,35      0,00      0,00      0,00      0,00      0,00      6,76      0,00      0,00     86,88
19:18:48          0      0,00      0,00      0,00      0,00      0,00      0,00    100,00      0,00      0,00      0,00
19:18:48          1      0,00      0,00      0,00      0,00      0,00      0,00      0,00      0,00      0,00    100,00
19:18:48          2    100,00      0,00      0,00      0,00      0,00      0,00      0,00      0,00      0,00      0,00
19:18:48          3      0,00      0,00      0,00      0,00      0,00      0,00      0,00      0,00      0,00    100,00
19:18:48          4      0,00      0,00      0,00      0,00      0,00      0,00      8,54      0,00      0,00     91,46
19:18:48          5      0,50      0,00      0,00      0,00      0,00      0,00      0,00      0,00      0,00     99,50
19:18:48          6      0,00      0,00      0,00      0,00      0,00      0,00      0,00      0,00      0,00    100,00
19:18:48          7      0,00      0,00      0,00      0,00      0,00      0,00      0,00      0,00      0,00    100,00
19:18:48          8      0,00      0,00      0,00      0,00      0,00      0,00      0,00      0,00      0,00    100,00
19:18:48          9      0,00      0,00      0,00      0,00      0,00      0,00      0,00      0,00      0,00    100,00
19:18:48         10      0,00      0,00      0,00      0,00      0,00      0,00      0,00      0,00      0,00    100,00
19:18:48         11      0,00      0,00      0,00      0,00      0,00      0,00      0,00      0,00      0,00    100,00
19:18:48         12      0,00      0,00      0,00      0,00      0,00      0,00      0,00      0,00      0,00    100,00
19:18:48         13      0,00      0,00      0,00      0,00      0,00      0,00      0,00      0,00      0,00    100,00
19:18:48         14      0,00      0,00      0,00      0,00      0,00      0,00      0,00      0,00      0,00    100,00
19:18:48         15      0,00      0,00      0,00      0,00      0,00      0,00      0,00      0,00      0,00    100,00

19:18:46        IFACE   rxpck/s   txpck/s    rxkB/s    txkB/s   rxcmp/s   txcmp/s  rxmcst/s   %ifutil
19:18:48           lo      0,00      0,00      0,00      0,00      0,00      0,00      0,00      0,00
19:18:48         eno1      6,50 240602,00      0,55 120299,58      0,00      0,00      1,00     98,55
19:18:48         eno2      0,00      0,00      0,00      0,00      0,00      0,00      0,00      0,00
19:18:48      docker0      0,00      0,00      0,00      0,00      0,00      0,00      0,00      0,00
19:18:48      ens2np0 387928,00      1,00 192448,66      0,04      0,00      0,00      0,00     15,77
19:18:48      ens2np1      0,00      0,00      0,00      0,00      0,00      0,00      0,00      0,00

19:18:48        CPU      %usr     %nice      %sys   %iowait    %steal      %irq     %soft    %guest    %gnice     %idle
19:18:50        all      6,39      0,00      0,00      0,00      0,00      0,00      6,74      0,00      0,00     86,87
19:18:50          0      0,00      0,00      0,00      0,00      0,00      0,00    100,00      0,00      0,00      0,00
19:18:50          1      0,50      0,00      0,00      0,00      0,00      0,00      0,50      0,00      0,00     99,00
19:18:50          2    100,00      0,00      0,00      0,00      0,00      0,00      0,00      0,00      0,00      0,00
19:18:50          3      0,00      0,00      0,00      0,00      0,00      0,00      0,00      0,00      0,00    100,00
19:18:50          4      0,61      0,00      0,00      0,00      0,00      0,00      7,36      0,00      0,00     92,02
19:18:50          5      0,00      0,00      0,00      0,00      0,00      0,00      0,00      0,00      0,00    100,00
19:18:50          6      0,00      0,00      0,00      0,00      0,00      0,00      0,00      0,00      0,00    100,00
19:18:50          7      0,00      0,00      0,00      0,00      0,00      0,00      0,00      0,00      0,00    100,00
19:18:50          8      0,00      0,00      0,00      0,00      0,00      0,00      0,00      0,00      0,00    100,00
19:18:50          9      0,00      0,00      0,00      0,00      0,00      0,00      0,00      0,00      0,00    100,00
19:18:50         10      0,00      0,00      0,00      0,00      0,00      0,00      0,00      0,00      0,00    100,00
19:18:50         11      0,00      0,00      0,00      0,00      0,00      0,00      0,00      0,00      0,00    100,00
19:18:50         12      0,00      0,00      0,00      0,00      0,00      0,00      0,00      0,00      0,00    100,00
19:18:50         13      0,00      0,00      0,00      0,00      0,00      0,00      0,00      0,00      0,00    100,00
19:18:50         14      0,00      0,00      0,00      0,00      0,00      0,00      0,00      0,00      0,00    100,00
19:18:50         15      0,00      0,00      0,00      0,00      0,00      0,00      0,00      0,00      0,00    100,00

19:18:48        IFACE   rxpck/s   txpck/s    rxkB/s    txkB/s   rxcmp/s   txcmp/s  rxmcst/s   %ifutil
19:18:50           lo      0,00      0,00      0,00      0,00      0,00      0,00      0,00      0,00
19:18:50         eno1      5,00 240601,00      0,40 120299,96      0,00      0,00      1,50     98,55
19:18:50         eno2      0,00      0,00      0,00      0,00      0,00      0,00      0,00      0,00
19:18:50      docker0      0,00      0,00      0,00      0,00      0,00      0,00      0,00      0,00
19:18:50      ens2np0 387771,50      0,50 192371,02      0,02      0,00      0,00      0,00     15,76
19:18:50      ens2np1      0,00      0,00      0,00      0,00      0,00      0,00      0,00      0,00

19:18:50        CPU      %usr     %nice      %sys   %iowait    %steal      %irq     %soft    %guest    %gnice     %idle
19:18:52        all      6,72      0,00      0,13      0,00      0,00      0,00      6,75      0,00      0,00     86,41
19:18:52          0      0,00      0,00      0,00      0,00      0,00      0,00    100,00      0,00      0,00      0,00
19:18:52          1      0,50      0,00      0,00      0,00      0,00      0,00      0,50      0,00      0,00     99,00
19:18:52          2     90,50      0,00      0,00      0,00      0,00      0,00      0,00      0,00      0,00      9,50
19:18:52          3      0,50      0,00      0,00      0,00      0,00      0,00      0,00      0,00      0,00     99,50
19:18:52          4      0,00      0,00      0,00      0,00      0,00      0,00      7,45      0,00      0,00     92,55
19:18:52          5      0,00      0,00      0,00      0,00      0,00      0,00      0,00      0,00      0,00    100,00
19:18:52          6      0,50      0,00      0,00      0,00      0,00      0,00      0,00      0,00      0,00     99,50
19:18:52          7      1,49      0,00      0,50      0,00      0,00      0,00      0,00      0,00      0,00     98,01
19:18:52          8      0,50      0,00      0,00      0,00      0,00      0,00      0,00      0,00      0,00     99,50
19:18:52          9      0,00      0,00      0,00      0,00      0,00      0,00      0,00      0,00      0,00    100,00
19:18:52         10     10,50      0,00      0,00      0,00      0,00      0,00      0,00      0,00      0,00     89,50
19:18:52         11      0,00      0,00      0,50      0,00      0,00      0,00      0,00      0,00      0,00     99,50
19:18:52         12      0,50      0,00      0,50      0,00      0,00      0,00      0,00      0,00      0,00     99,00
19:18:52         13      1,01      0,00      0,00      0,00      0,00      0,00      0,00      0,00      0,00     98,99
19:18:52         14      0,00      0,00      0,50      0,00      0,00      0,00      0,00      0,00      0,00     99,50
19:18:52         15      0,00      0,00      0,00      0,00      0,00      0,00      0,00      0,00      0,00    100,00

19:18:50        IFACE   rxpck/s   txpck/s    rxkB/s    txkB/s   rxcmp/s   txcmp/s  rxmcst/s   %ifutil
19:18:52           lo      0,00      0,00      0,00      0,00      0,00      0,00      0,00      0,00
19:18:52         eno1      3,00 240601,00      0,22 120299,64      0,00      0,00      1,50     98,55
19:18:52         eno2      0,00      0,00      0,00      0,00      0,00      0,00      0,00      0,00
19:18:52      docker0      0,00      0,00      0,00      0,00      0,00      0,00      0,00      0,00
19:18:52      ens2np0 386960,50      1,00 191968,69      0,04      0,00      0,00      0,00     15,73
19:18:52      ens2np1      0,00      0,00      0,00      0,00      0,00      0,00      0,00      0,00

19:18:52        CPU      %usr     %nice      %sys   %iowait    %steal      %irq     %soft    %guest    %gnice     %idle
19:18:54        all      6,31      0,00      0,00      0,00      0,00      0,00      6,91      0,00      0,00     86,78
19:18:54          0      0,00      0,00      0,00      0,00      0,00      0,00    100,00      0,00      0,00      0,00
19:18:54          1      0,00      0,00      0,00      0,00      0,00      0,00      0,00      0,00      0,00    100,00
19:18:54          2    100,00      0,00      0,00      0,00      0,00      0,00      0,00      0,00      0,00      0,00
19:18:54          3      0,00      0,00      0,00      0,00      0,00      0,00      0,00      0,00      0,00    100,00
19:18:54          4      0,00      0,00      0,00      0,00      0,00      0,00     11,24      0,00      0,00     88,76
19:18:54          5      0,00      0,00      0,00      0,00      0,00      0,00      0,00      0,00      0,00    100,00
19:18:54          6      0,00      0,00      0,00      0,00      0,00      0,00      0,00      0,00      0,00    100,00
19:18:54          7      0,00      0,00      0,00      0,00      0,00      0,00      0,00      0,00      0,00    100,00
19:18:54          8      0,00      0,00      0,00      0,00      0,00      0,00      0,00      0,00      0,00    100,00
19:18:54          9      0,00      0,00      0,00      0,00      0,00      0,00      0,00      0,00      0,00    100,00
19:18:54         10      0,00      0,00      0,00      0,00      0,00      0,00      0,00      0,00      0,00    100,00
19:18:54         11      0,00      0,00      0,00      0,00      0,00      0,00      0,00      0,00      0,00    100,00
19:18:54         12      0,00      0,00      0,00      0,00      0,00      0,00      0,00      0,00      0,00    100,00
19:18:54         13      0,00      0,00      0,00      0,00      0,00      0,00      0,00      0,00      0,00    100,00
19:18:54         14      0,00      0,00      0,00      0,00      0,00      0,00      0,00      0,00      0,00    100,00
19:18:54         15      0,00      0,00      0,00      0,00      0,00      0,00      0,00      0,00      0,00    100,00

19:18:52        IFACE   rxpck/s   txpck/s    rxkB/s    txkB/s   rxcmp/s   txcmp/s  rxmcst/s   %ifutil
19:18:54           lo      0,00      0,00      0,00      0,00      0,00      0,00      0,00      0,00
19:18:54         eno1      3,00 240599,50      0,19 120299,57      0,00      0,00      1,00     98,55
19:18:54         eno2      0,00      0,00      0,00      0,00      0,00      0,00      0,00      0,00
19:18:54      docker0      0,00      0,00      0,00      0,00      0,00      0,00      0,00      0,00
19:18:54      ens2np0 387814,00      0,50 192392,10      0,02      0,00      0,00      0,00     15,76
19:18:54      ens2np1      0,00      0,00      0,00      0,00      0,00      0,00      0,00      0,00

19:18:54        CPU      %usr     %nice      %sys   %iowait    %steal      %irq     %soft    %guest    %gnice     %idle
19:18:56        all      6,32      0,00      0,00      0,00      0,00      0,00      6,92      0,00      0,00     86,77
19:18:56          0      0,00      0,00      0,00      0,00      0,00      0,00    100,00      0,00      0,00      0,00
19:18:56          1      0,00      0,00      0,00      0,00      0,00      0,00      0,00      0,00      0,00    100,00
19:18:56          2    100,00      0,00      0,00      0,00      0,00      0,00      0,00      0,00      0,00      0,00
19:18:56          3      0,00      0,00      0,00      0,00      0,00      0,00      0,50      0,00      0,00     99,50
19:18:56          4      0,00      0,00      0,00      0,00      0,00      0,00     10,78      0,00      0,00     89,22
19:18:56          5      0,00      0,00      0,00      0,00      0,00      0,00      0,00      0,00      0,00    100,00
19:18:56          6      0,00      0,00      0,00      0,00      0,00      0,00      0,00      0,00      0,00    100,00
19:18:56          7      0,00      0,00      0,00      0,00      0,00      0,00      0,00      0,00      0,00    100,00
19:18:56          8      0,00      0,00      0,00      0,00      0,00      0,00      0,00      0,00      0,00    100,00
19:18:56          9      0,00      0,00      0,00      0,00      0,00      0,00      0,00      0,00      0,00    100,00
19:18:56         10      0,00      0,00      0,00      0,00      0,00      0,00      0,00      0,00      0,00    100,00
19:18:56         11      0,00      0,00      0,00      0,00      0,00      0,00      0,00      0,00      0,00    100,00
19:18:56         12      0,00      0,00      0,00      0,00      0,00      0,00      0,00      0,00      0,00    100,00
19:18:56         13      0,00      0,00      0,00      0,00      0,00      0,00      0,00      0,00      0,00    100,00
19:18:56         14      0,00      0,00      0,00      0,00      0,00      0,00      0,00      0,00      0,00    100,00
19:18:56         15      0,00      0,00      0,00      0,00      0,00      0,00      0,00      0,00      0,00    100,00

19:18:54        IFACE   rxpck/s   txpck/s    rxkB/s    txkB/s   rxcmp/s   txcmp/s  rxmcst/s   %ifutil
19:18:56           lo      0,00      0,00      0,00      0,00      0,00      0,00      0,00      0,00
19:18:56         eno1      4,00 240600,50      0,32 120299,88      0,00      0,00      1,00     98,55
19:18:56         eno2      0,00      0,00      0,00      0,00      0,00      0,00      0,00      0,00
19:18:56      docker0      0,00      0,00      0,00      0,00      0,00      0,00      0,00      0,00
19:18:56      ens2np0 388466,50      1,00 192715,80      0,04      0,00      0,00      0,00     15,79
19:18:56      ens2np1      0,00      0,00      0,00      0,00      0,00      0,00      0,00      0,00

19:18:56        CPU      %usr     %nice      %sys   %iowait    %steal      %irq     %soft    %guest    %gnice     %idle
19:18:58        all      6,32      0,00      0,00      0,00      0,00      0,00      6,80      0,00      0,00     86,88
19:18:58          0      0,00      0,00      0,00      0,00      0,00      0,00    100,00      0,00      0,00      0,00
19:18:58          1      0,00      0,00      0,00      0,00      0,00      0,00      0,00      0,00      0,00    100,00
19:18:58          2    100,00      0,00      0,00      0,00      0,00      0,00      0,00      0,00      0,00      0,00
19:18:58          3      0,00      0,00      0,00      0,00      0,00      0,00      0,00      0,00      0,00    100,00
19:18:58          4      0,00      0,00      0,00      0,00      0,00      0,00      9,09      0,00      0,00     90,91
19:18:58          5      0,00      0,00      0,00      0,00      0,00      0,00      0,00      0,00      0,00    100,00
19:18:58          6      0,00      0,00      0,00      0,00      0,00      0,00      0,00      0,00      0,00    100,00
19:18:58          7      0,00      0,00      0,00      0,00      0,00      0,00      0,00      0,00      0,00    100,00
19:18:58          8      0,00      0,00      0,00      0,00      0,00      0,00      0,00      0,00      0,00    100,00
19:18:58          9      0,00      0,00      0,00      0,00      0,00      0,00      0,00      0,00      0,00    100,00
19:18:58         10      0,00      0,00      0,00      0,00      0,00      0,00      0,00      0,00      0,00    100,00
19:18:58         11      0,00      0,00      0,00      0,00      0,00      0,00      0,00      0,00      0,00    100,00
19:18:58         12      0,00      0,00      0,00      0,00      0,00      0,00      0,00      0,00      0,00    100,00
19:18:58         13      0,00      0,00      0,00      0,00      0,00      0,00      0,00      0,00      0,00    100,00
19:18:58         14      0,00      0,00      0,00      0,00      0,00      0,00      0,00      0,00      0,00    100,00
19:18:58         15      0,00      0,00      0,00      0,00      0,00      0,00      0,00      0,00      0,00    100,00

19:18:56        IFACE   rxpck/s   txpck/s    rxkB/s    txkB/s   rxcmp/s   txcmp/s  rxmcst/s   %ifutil
19:18:58           lo      0,00      0,00      0,00      0,00      0,00      0,00      0,00      0,00
19:18:58         eno1      3,50 240600,50      0,22 120300,07      0,00      0,00      1,00     98,55
19:18:58         eno2      0,00      0,00      0,00      0,00      0,00      0,00      0,00      0,00
19:18:58      docker0      0,00      0,00      0,00      0,00      0,00      0,00      0,00      0,00
19:18:58      ens2np0 387843,50      1,00 192406,74      0,06      0,00      0,00      0,00     15,76
19:18:58      ens2np1      0,00      0,00      0,00      0,00      0,00      0,00      0,00      0,00

19:18:58        CPU      %usr     %nice      %sys   %iowait    %steal      %irq     %soft    %guest    %gnice     %idle
19:19:00        all      6,39      0,00      0,00      0,00      0,00      0,00      6,71      0,00      0,00     86,90
19:19:00          0      0,00      0,00      0,00      0,00      0,00      0,00    100,00      0,00      0,00      0,00
19:19:00          1      0,00      0,00      0,00      0,00      0,00      0,00      0,00      0,00      0,00    100,00
19:19:00          2    100,00      0,00      0,00      0,00      0,00      0,00      0,00      0,00      0,00      0,00
19:19:00          3      0,00      0,00      0,00      0,00      0,00      0,00      0,00      0,00      0,00    100,00
19:19:00          4      0,00      0,00      0,00      0,00      0,00      0,00      7,41      0,00      0,00     92,59
19:19:00          5      0,50      0,00      0,00      0,00      0,00      0,00      0,00      0,00      0,00     99,50
19:19:00          6      0,00      0,00      0,00      0,00      0,00      0,00      0,00      0,00      0,00    100,00
19:19:00          7      0,50      0,00      0,00      0,00      0,00      0,00      0,00      0,00      0,00     99,50
19:19:00          8      0,00      0,00      0,00      0,00      0,00      0,00      0,00      0,00      0,00    100,00
19:19:00          9      0,00      0,00      0,00      0,00      0,00      0,00      0,00      0,00      0,00    100,00
19:19:00         10      0,00      0,00      0,00      0,00      0,00      0,00      0,00      0,00      0,00    100,00
19:19:00         11      0,00      0,00      0,00      0,00      0,00      0,00      0,00      0,00      0,00    100,00
19:19:00         12      0,00      0,00      0,00      0,00      0,00      0,00      0,00      0,00      0,00    100,00
19:19:00         13      0,00      0,00      0,00      0,00      0,00      0,00      0,00      0,00      0,00    100,00
19:19:00         14      0,00      0,00      0,00      0,00      0,00      0,00      0,00      0,00      0,00    100,00
19:19:00         15      0,00      0,00      0,00      0,00      0,00      0,00      0,00      0,00      0,00    100,00

19:18:58        IFACE   rxpck/s   txpck/s    rxkB/s    txkB/s   rxcmp/s   txcmp/s  rxmcst/s   %ifutil
19:19:00           lo      0,00      0,00      0,00      0,00      0,00      0,00      0,00      0,00
19:19:00         eno1      3,00 240597,50      0,19 120298,75      0,00      0,00      1,00     98,55
19:19:00         eno2      0,00      0,00      0,00      0,00      0,00      0,00      0,00      0,00
19:19:00      docker0      0,00      0,00      0,00      0,00      0,00      0,00      0,00      0,00
19:19:00      ens2np0 387526,50      1,00 192249,47      0,04      0,00      0,00      0,00     15,75
19:19:00      ens2np1      0,00      0,00      0,00      0,00      0,00      0,00      0,00      0,00

19:19:00        CPU      %usr     %nice      %sys   %iowait    %steal      %irq     %soft    %guest    %gnice     %idle
19:19:02        all      6,90      0,00      0,28      0,00      0,00      0,00      6,81      0,00      0,00     86,01
19:19:02          0      0,00      0,00      0,00      0,00      0,00      0,00    100,00      0,00      0,00      0,00
19:19:02          1      0,50      0,00      0,50      0,00      0,00      0,00      0,00      0,00      0,00     98,99
19:19:02          2    100,00      0,00      0,00      0,00      0,00      0,00      0,00      0,00      0,00      0,00
19:19:02          3      0,00      0,00      0,50      0,00      0,00      0,00      0,00      0,00      0,00     99,50
19:19:02          4      0,60      0,00      0,60      0,00      0,00      0,00      9,58      0,00      0,00     89,22
19:19:02          5      1,00      0,00      0,00      0,00      0,00      0,00      0,00      0,00      0,00     99,00
19:19:02          6      0,99      0,00      0,50      0,00      0,00      0,00      0,00      0,00      0,00     98,51
19:19:02          7      0,50      0,00      0,00      0,00      0,00      0,00      0,00      0,00      0,00     99,50
19:19:02          8      0,50      0,00      1,00      0,00      0,00      0,00      0,00      0,00      0,00     98,51
19:19:02          9      0,50      0,00      0,00      0,00      0,00      0,00      0,00      0,00      0,00     99,50
19:19:02         10      0,50      0,00      0,50      0,00      0,00      0,00      0,00      0,00      0,00     99,01
19:19:02         11      1,00      0,00      0,00      0,00      0,00      0,00      0,00      0,00      0,00     99,00
19:19:02         12      0,50      0,00      0,00      0,00      0,00      0,00      0,00      0,00      0,00     99,50
19:19:02         13      0,00      0,00      0,50      0,00      0,00      0,00      0,00      0,00      0,00     99,50
19:19:02         14      0,50      0,00      0,00      0,00      0,00      0,00      0,00      0,00      0,00     99,50
19:19:02         15      2,48      0,00      0,50      0,00      0,00      0,00      0,00      0,00      0,00     97,03

19:19:00        IFACE   rxpck/s   txpck/s    rxkB/s    txkB/s   rxcmp/s   txcmp/s  rxmcst/s   %ifutil
19:19:02           lo      0,00      0,00      0,00      0,00      0,00      0,00      0,00      0,00
19:19:02         eno1      1,50 240599,50      0,10 120299,75      0,00      0,00      1,00     98,55
19:19:02         eno2      0,00      0,00      0,00      0,00      0,00      0,00      0,00      0,00
19:19:02      docker0      0,00      0,00      0,00      0,00      0,00      0,00      0,00      0,00
19:19:02      ens2np0 385773,50      0,50 191379,82      0,02      0,00      0,00      0,00     15,68
19:19:02      ens2np1      0,00      0,00      0,00      0,00      0,00      0,00      0,00      0,00

19:19:02        CPU      %usr     %nice      %sys   %iowait    %steal      %irq     %soft    %guest    %gnice     %idle
19:19:04        all      6,32      0,00      0,00      0,00      0,00      0,00      6,80      0,00      0,00     86,88
19:19:04          0      0,00      0,00      0,00      0,00      0,00      0,00    100,00      0,00      0,00      0,00
19:19:04          1      0,00      0,00      0,00      0,00      0,00      0,00      0,00      0,00      0,00    100,00
19:19:04          2    100,00      0,00      0,00      0,00      0,00      0,00      0,00      0,00      0,00      0,00
19:19:04          3      0,00      0,00      0,00      0,00      0,00      0,00      0,00      0,00      0,00    100,00
19:19:04          4      0,00      0,00      0,00      0,00      0,00      0,00      9,09      0,00      0,00     90,91
19:19:04          5      0,00      0,00      0,00      0,00      0,00      0,00      0,00      0,00      0,00    100,00
19:19:04          6      0,00      0,00      0,00      0,00      0,00      0,00      0,00      0,00      0,00    100,00
19:19:04          7      0,00      0,00      0,00      0,00      0,00      0,00      0,00      0,00      0,00    100,00
19:19:04          8      0,00      0,00      0,00      0,00      0,00      0,00      0,00      0,00      0,00    100,00
19:19:04          9      0,00      0,00      0,00      0,00      0,00      0,00      0,00      0,00      0,00    100,00
19:19:04         10      0,00      0,00      0,00      0,00      0,00      0,00      0,00      0,00      0,00    100,00
19:19:04         11      0,00      0,00      0,00      0,00      0,00      0,00      0,00      0,00      0,00    100,00
19:19:04         12      0,00      0,00      0,00      0,00      0,00      0,00      0,00      0,00      0,00    100,00
19:19:04         13      0,00      0,00      0,00      0,00      0,00      0,00      0,00      0,00      0,00    100,00
19:19:04         14      0,00      0,00      0,00      0,00      0,00      0,00      0,00      0,00      0,00    100,00
19:19:04         15      0,00      0,00      0,00      0,00      0,00      0,00      0,00      0,00      0,00    100,00

19:19:02        IFACE   rxpck/s   txpck/s    rxkB/s    txkB/s   rxcmp/s   txcmp/s  rxmcst/s   %ifutil
19:19:04           lo      0,00      0,00      0,00      0,00      0,00      0,00      0,00      0,00
19:19:04         eno1      4,00 240599,50      0,31 120299,35      0,00      0,00      1,00     98,55
19:19:04         eno2      0,00      0,00      0,00      0,00      0,00      0,00      0,00      0,00
19:19:04      docker0      0,00      0,00      0,00      0,00      0,00      0,00      0,00      0,00
19:19:04      ens2np0 387199,50      1,00 192087,25      0,04      0,00      0,00      0,00     15,74
19:19:04      ens2np1      0,00      0,00      0,00      0,00      0,00      0,00      0,00      0,00

19:19:04        CPU      %usr     %nice      %sys   %iowait    %steal      %irq     %soft    %guest    %gnice     %idle
19:19:06        all      6,32      0,00      0,00      0,00      0,00      0,00      6,77      0,00      0,00     86,91
19:19:06          0      0,00      0,00      0,00      0,00      0,00      0,00    100,00      0,00      0,00      0,00
19:19:06          1      0,00      0,00      0,00      0,00      0,00      0,00      0,00      0,00      0,00    100,00
19:19:06          2    100,00      0,00      0,00      0,00      0,00      0,00      0,00      0,00      0,00      0,00
19:19:06          3      0,00      0,00      0,00      0,00      0,00      0,00      0,00      0,00      0,00    100,00
19:19:06          4      0,00      0,00      0,00      0,00      0,00      0,00      8,54      0,00      0,00     91,46
19:19:06          5      0,00      0,00      0,00      0,00      0,00      0,00      0,00      0,00      0,00    100,00
19:19:06          6      0,00      0,00      0,00      0,00      0,00      0,00      0,00      0,00      0,00    100,00
19:19:06          7      0,00      0,00      0,00      0,00      0,00      0,00      0,00      0,00      0,00    100,00
19:19:06          8      0,00      0,00      0,00      0,00      0,00      0,00      0,00      0,00      0,00    100,00
19:19:06          9      0,00      0,00      0,00      0,00      0,00      0,00      0,00      0,00      0,00    100,00
19:19:06         10      0,00      0,00      0,00      0,00      0,00      0,00      0,00      0,00      0,00    100,00
19:19:06         11      0,00      0,00      0,00      0,00      0,00      0,00      0,00      0,00      0,00    100,00
19:19:06         12      0,00      0,00      0,00      0,00      0,00      0,00      0,00      0,00      0,00    100,00
19:19:06         13      0,00      0,00      0,00      0,00      0,00      0,00      0,00      0,00      0,00    100,00
19:19:06         14      0,00      0,00      0,00      0,00      0,00      0,00      0,00      0,00      0,00    100,00
19:19:06         15      0,00      0,00      0,00      0,00      0,00      0,00      0,00      0,00      0,00    100,00

19:19:04        IFACE   rxpck/s   txpck/s    rxkB/s    txkB/s   rxcmp/s   txcmp/s  rxmcst/s   %ifutil
19:19:06           lo      0,00      0,00      0,00      0,00      0,00      0,00      0,00      0,00
19:19:06         eno1      4,00 240571,00      0,31 120285,25      0,00      0,00      1,50     98,54
19:19:06         eno2      0,00      0,00      0,00      0,00      0,00      0,00      0,00      0,00
19:19:06      docker0      0,00      0,00      0,00      0,00      0,00      0,00      0,00      0,00
19:19:06      ens2np0 388120,50      0,50 192544,15      0,02      0,00      0,00      0,00     15,77
19:19:06      ens2np1      0,00      0,00      0,00      0,00      0,00      0,00      0,00      0,00

19:19:06        CPU      %usr     %nice      %sys   %iowait    %steal      %irq     %soft    %guest    %gnice     %idle
19:19:08        all      6,32      0,00      0,09      0,00      0,00      0,00      6,70      0,00      0,00     86,88
19:19:08          0      0,00      0,00      0,00      0,00      0,00      0,00    100,00      0,00      0,00      0,00
19:19:08          1      0,00      0,00      0,00      0,00      0,00      0,00      0,00      0,00      0,00    100,00
19:19:08          2    100,00      0,00      0,00      0,00      0,00      0,00      0,00      0,00      0,00      0,00
19:19:08          3      0,00      0,00      0,00      0,00      0,00      0,00      0,00      0,00      0,00    100,00
19:19:08          4      0,00      0,00      0,62      0,00      0,00      0,00      7,41      0,00      0,00     91,98
19:19:08          5      0,00      0,00      0,50      0,00      0,00      0,00      0,00      0,00      0,00     99,50
19:19:08          6      0,00      0,00      0,00      0,00      0,00      0,00      0,00      0,00      0,00    100,00
19:19:08          7      0,00      0,00      0,00      0,00      0,00      0,00      0,00      0,00      0,00    100,00
19:19:08          8      0,00      0,00      0,00      0,00      0,00      0,00      0,00      0,00      0,00    100,00
19:19:08          9      0,00      0,00      0,00      0,00      0,00      0,00      0,00      0,00      0,00    100,00
19:19:08         10      0,00      0,00      0,00      0,00      0,00      0,00      0,00      0,00      0,00    100,00
19:19:08         11      0,00      0,00      0,00      0,00      0,00      0,00      0,00      0,00      0,00    100,00
19:19:08         12      0,00      0,00      0,00      0,00      0,00      0,00      0,00      0,00      0,00    100,00
19:19:08         13      0,00      0,00      0,00      0,00      0,00      0,00      0,00      0,00      0,00    100,00
19:19:08         14      0,00      0,00      0,50      0,00      0,00      0,00      0,00      0,00      0,00     99,50
19:19:08         15      0,00      0,00      0,00      0,00      0,00      0,00      0,00      0,00      0,00    100,00

19:19:06        IFACE   rxpck/s   txpck/s    rxkB/s    txkB/s   rxcmp/s   txcmp/s  rxmcst/s   %ifutil
19:19:08           lo      0,00      0,00      0,00      0,00      0,00      0,00      0,00      0,00
19:19:08         eno1      3,50 120302,00      0,23  60151,25      0,00      0,00      0,50     49,28
19:19:08         eno2      0,00      0,00      0,00      0,00      0,00      0,00      0,00      0,00
19:19:08      docker0      0,00      0,00      0,00      0,00      0,00      0,00      0,00      0,00
19:19:08      ens2np0 387588,00      1,00 192279,98      0,04      0,00      0,00      0,00     15,75
19:19:08      ens2np1      0,00      0,00      0,00      0,00      0,00      0,00      0,00      0,00

19:19:08        CPU      %usr     %nice      %sys   %iowait    %steal      %irq     %soft    %guest    %gnice     %idle
19:19:10        all      6,31      0,00      0,00      0,00      0,00      0,00      6,94      0,00      0,00     86,75
19:19:10          0      0,00      0,00      0,00      0,00      0,00      0,00    100,00      0,00      0,00      0,00
19:19:10          1      0,00      0,00      0,00      0,00      0,00      0,00      0,00      0,00      0,00    100,00
19:19:10          2    100,00      0,00      0,00      0,00      0,00      0,00      0,00      0,00      0,00      0,00
19:19:10          3      0,00      0,00      0,00      0,00      0,00      0,00      0,00      0,00      0,00    100,00
19:19:10          4      0,00      0,00      0,00      0,00      0,00      0,00     11,76      0,00      0,00     88,24
19:19:10          5      0,00      0,00      0,00      0,00      0,00      0,00      0,00      0,00      0,00    100,00
19:19:10          6      0,00      0,00      0,00      0,00      0,00      0,00      0,00      0,00      0,00    100,00
19:19:10          7      0,00      0,00      0,00      0,00      0,00      0,00      0,00      0,00      0,00    100,00
19:19:10          8      0,00      0,00      0,00      0,00      0,00      0,00      0,00      0,00      0,00    100,00
19:19:10          9      0,00      0,00      0,00      0,00      0,00      0,00      0,00      0,00      0,00    100,00
19:19:10         10      0,00      0,00      0,00      0,00      0,00      0,00      0,00      0,00      0,00    100,00
19:19:10         11      0,00      0,00      0,00      0,00      0,00      0,00      0,00      0,00      0,00    100,00
19:19:10         12      0,00      0,00      0,00      0,00      0,00      0,00      0,00      0,00      0,00    100,00
19:19:10         13      0,00      0,00      0,00      0,00      0,00      0,00      0,00      0,00      0,00    100,00
19:19:10         14      0,00      0,00      0,00      0,00      0,00      0,00      0,00      0,00      0,00    100,00
19:19:10         15      0,00      0,00      0,00      0,00      0,00      0,00      0,00      0,00      0,00    100,00

19:19:08        IFACE   rxpck/s   txpck/s    rxkB/s    txkB/s   rxcmp/s   txcmp/s  rxmcst/s   %ifutil
19:19:10           lo      0,00      0,00      0,00      0,00      0,00      0,00      0,00      0,00
19:19:10         eno1      4,00 240415,00      0,27 120206,69      0,00      0,00      1,00     98,47
19:19:10         eno2      0,00      0,00      0,00      0,00      0,00      0,00      0,00      0,00
19:19:10      docker0      0,00      0,00      0,00      0,00      0,00      0,00      0,00      0,00
19:19:10      ens2np0 387973,50      0,50 192471,23      0,02      0,00      0,00      0,00     15,77
19:19:10      ens2np1      0,00      0,00      0,00      0,00      0,00      0,00      0,00      0,00

19:19:10        CPU      %usr     %nice      %sys   %iowait    %steal      %irq     %soft    %guest    %gnice     %idle
19:19:12        all      6,70      0,00      0,16      0,00      0,00      0,00      6,70      0,00      0,00     86,45
19:19:12          0      0,00      0,00      0,00      0,00      0,00      0,00    100,00      0,00      0,00      0,00
19:19:12          1      0,50      0,00      0,00      0,00      0,00      0,00      0,00      0,00      0,00     99,50
19:19:12          2    100,00      0,00      0,00      0,00      0,00      0,00      0,00      0,00      0,00      0,00
19:19:12          3      0,50      0,00      0,50      0,00      0,00      0,00      0,00      0,00      0,00     99,00
19:19:12          4      0,59      0,00      0,00      0,00      0,00      0,00      7,10      0,00      0,00     92,31
19:19:12          5      0,00      0,00      0,00      0,00      0,00      0,00      0,00      0,00      0,00    100,00
19:19:12          6      1,51      0,00      0,50      0,00      0,00      0,00      0,00      0,00      0,00     97,99
19:19:12          7      0,50      0,00      0,50      0,00      0,00      0,00      0,00      0,00      0,00     99,00
19:19:12          8      0,00      0,00      0,00      0,00      0,00      0,00      0,00      0,00      0,00    100,00
19:19:12          9      0,50      0,00      0,00      0,00      0,00      0,00      0,00      0,00      0,00     99,50
19:19:12         10      0,00      0,00      0,00      0,00      0,00      0,00      0,00      0,00      0,00    100,00
19:19:12         11      0,50      0,00      0,50      0,00      0,00      0,00      0,00      0,00      0,00     99,00
19:19:12         12      1,00      0,00      0,00      0,00      0,00      0,00      0,00      0,00      0,00     99,00
19:19:12         13      0,00      0,00      0,00      0,00      0,00      0,00      0,00      0,00      0,00    100,00
19:19:12         14      0,00      0,00      0,00      0,00      0,00      0,00      0,00      0,00      0,00    100,00
19:19:12         15      0,50      0,00      0,50      0,00      0,00      0,00      0,00      0,00      0,00     98,99

19:19:10        IFACE   rxpck/s   txpck/s    rxkB/s    txkB/s   rxcmp/s   txcmp/s  rxmcst/s   %ifutil
19:19:12           lo      0,00      0,00      0,00      0,00      0,00      0,00      0,00      0,00
19:19:12         eno1      6,50 240595,50      0,42 120297,33      0,00      0,00      1,00     98,55
19:19:12         eno2      0,00      0,00      0,00      0,00      0,00      0,00      0,00      0,00
19:19:12      docker0      0,00      0,00      0,00      0,00      0,00      0,00      0,00      0,00
19:19:12      ens2np0 391482,50      1,00 194212,02      0,04      0,00      0,00      0,00     15,91
19:19:12      ens2np1      0,00      0,00      0,00      0,00      0,00      0,00      0,00      0,00

19:19:12        CPU      %usr     %nice      %sys   %iowait    %steal      %irq     %soft    %guest    %gnice     %idle
19:19:14        all      6,33      0,00      0,03      0,00      0,00      0,00      6,74      0,00      0,00     86,90
19:19:14          0      0,00      0,00      0,00      0,00      0,00      0,00    100,00      0,00      0,00      0,00
19:19:14          1      0,00      0,00      0,00      0,00      0,00      0,00      0,00      0,00      0,00    100,00
19:19:14          2    100,00      0,00      0,00      0,00      0,00      0,00      0,00      0,00      0,00      0,00
19:19:14          3      0,00      0,00      0,00      0,00      0,00      0,00      0,00      0,00      0,00    100,00
19:19:14          4      0,00      0,00      0,00      0,00      0,00      0,00      8,02      0,00      0,00     91,98
19:19:14          5      0,00      0,00      0,00      0,00      0,00      0,00      0,00      0,00      0,00    100,00
19:19:14          6      0,00      0,00      0,00      0,00      0,00      0,00      0,00      0,00      0,00    100,00
19:19:14          7      0,00      0,00      0,00      0,00      0,00      0,00      0,00      0,00      0,00    100,00
19:19:14          8      0,00      0,00      0,00      0,00      0,00      0,00      0,00      0,00      0,00    100,00
19:19:14          9      0,00      0,00      0,00      0,00      0,00      0,00      0,00      0,00      0,00    100,00
19:19:14         10      0,00      0,00      0,00      0,00      0,00      0,00      0,00      0,00      0,00    100,00
19:19:14         11      0,00      0,00      0,00      0,00      0,00      0,00      0,00      0,00      0,00    100,00
19:19:14         12      0,00      0,00      0,00      0,00      0,00      0,00      0,00      0,00      0,00    100,00
19:19:14         13      0,00      0,00      0,00      0,00      0,00      0,00      0,00      0,00      0,00    100,00
19:19:14         14      0,00      0,00      0,50      0,00      0,00      0,00      0,00      0,00      0,00     99,50
19:19:14         15      0,00      0,00      0,00      0,00      0,00      0,00      0,00      0,00      0,00    100,00

19:19:12        IFACE   rxpck/s   txpck/s    rxkB/s    txkB/s   rxcmp/s   txcmp/s  rxmcst/s   %ifutil
19:19:14           lo      0,00      0,00      0,00      0,00      0,00      0,00      0,00      0,00
19:19:14         eno1      3,50 240600,50      0,23 120299,58      0,00      0,00      1,00     98,55
19:19:14         eno2      0,00      0,00      0,00      0,00      0,00      0,00      0,00      0,00
19:19:14      docker0      0,00      0,00      0,00      0,00      0,00      0,00      0,00      0,00
19:19:14      ens2np0 386056,00      0,50 191519,97      0,02      0,00      0,00      0,00     15,69
19:19:14      ens2np1      0,00      0,00      0,00      0,00      0,00      0,00      0,00      0,00

19:19:14        CPU      %usr     %nice      %sys   %iowait    %steal      %irq     %soft    %guest    %gnice     %idle
19:19:16        all      6,36      0,00      0,03      0,00      0,00      0,00      6,68      0,00      0,00     86,93
19:19:16          0      0,00      0,00      0,00      0,00      0,00      0,00    100,00      0,00      0,00      0,00
19:19:16          1      0,00      0,00      0,00      0,00      0,00      0,00      0,00      0,00      0,00    100,00
19:19:16          2    100,00      0,00      0,00      0,00      0,00      0,00      0,00      0,00      0,00      0,00
19:19:16          3      0,00      0,00      0,00      0,00      0,00      0,00      0,00      0,00      0,00    100,00
19:19:16          4      0,00      0,00      0,00      0,00      0,00      0,00      6,83      0,00      0,00     93,17
19:19:16          5      0,00      0,00      0,00      0,00      0,00      0,00      0,00      0,00      0,00    100,00
19:19:16          6      0,50      0,00      0,00      0,00      0,00      0,00      0,00      0,00      0,00     99,50
19:19:16          7      0,00      0,00      0,00      0,00      0,00      0,00      0,00      0,00      0,00    100,00
19:19:16          8      0,00      0,00      0,00      0,00      0,00      0,00      0,00      0,00      0,00    100,00
19:19:16          9      0,00      0,00      0,00      0,00      0,00      0,00      0,00      0,00      0,00    100,00
19:19:16         10      0,00      0,00      0,00      0,00      0,00      0,00      0,00      0,00      0,00    100,00
19:19:16         11      0,00      0,00      0,00      0,00      0,00      0,00      0,00      0,00      0,00    100,00
19:19:16         12      0,00      0,00      0,50      0,00      0,00      0,00      0,00      0,00      0,00     99,50
19:19:16         13      0,00      0,00      0,00      0,00      0,00      0,00      0,00      0,00      0,00    100,00
19:19:16         14      0,00      0,00      0,00      0,00      0,00      0,00      0,00      0,00      0,00    100,00
19:19:16         15      0,00      0,00      0,00      0,00      0,00      0,00      0,00      0,00      0,00    100,00

19:19:14        IFACE   rxpck/s   txpck/s    rxkB/s    txkB/s   rxcmp/s   txcmp/s  rxmcst/s   %ifutil
19:19:16           lo      0,00      0,00      0,00      0,00      0,00      0,00      0,00      0,00
19:19:16         eno1      5,50 240599,50      0,35 120299,58      0,00      0,00      1,50     98,55
19:19:16         eno2      0,00      0,00      0,00      0,00      0,00      0,00      0,00      0,00
19:19:16      docker0      0,00      0,00      0,00      0,00      0,00      0,00      0,00      0,00
19:19:16      ens2np0 385124,00      1,00 191057,61      0,04      0,00      0,00      0,00     15,65
19:19:16      ens2np1      0,00      0,00      0,00      0,00      0,00      0,00      0,00      0,00

19:19:16        CPU      %usr     %nice      %sys   %iowait    %steal      %irq     %soft    %guest    %gnice     %idle
19:19:18        all      6,32      0,00      0,03      0,00      0,00      0,00      6,70      0,00      0,00     86,94
19:19:18          0      0,00      0,00      0,00      0,00      0,00      0,00    100,00      0,00      0,00      0,00
19:19:18          1      0,00      0,00      0,00      0,00      0,00      0,00      0,00      0,00      0,00    100,00
19:19:18          2    100,00      0,00      0,00      0,00      0,00      0,00      0,00      0,00      0,00      0,00
19:19:18          3      0,00      0,00      0,00      0,00      0,00      0,00      0,00      0,00      0,00    100,00
19:19:18          4      0,00      0,00      0,00      0,00      0,00      0,00      7,41      0,00      0,00     92,59
19:19:18          5      0,00      0,00      0,00      0,00      0,00      0,00      0,00      0,00      0,00    100,00
19:19:18          6      0,00      0,00      0,00      0,00      0,00      0,00      0,00      0,00      0,00    100,00
19:19:18          7      0,00      0,00      0,00      0,00      0,00      0,00      0,00      0,00      0,00    100,00
19:19:18          8      0,00      0,00      0,00      0,00      0,00      0,00      0,00      0,00      0,00    100,00
19:19:18          9      0,00      0,00      0,00      0,00      0,00      0,00      0,00      0,00      0,00    100,00
19:19:18         10      0,00      0,00      0,00      0,00      0,00      0,00      0,00      0,00      0,00    100,00
19:19:18         11      0,00      0,00      0,00      0,00      0,00      0,00      0,00      0,00      0,00    100,00
19:19:18         12      0,00      0,00      0,00      0,00      0,00      0,00      0,00      0,00      0,00    100,00
19:19:18         13      0,00      0,00      0,00      0,00      0,00      0,00      0,00      0,00      0,00    100,00
19:19:18         14      0,00      0,00      0,50      0,00      0,00      0,00      0,00      0,00      0,00     99,50
19:19:18         15      0,00      0,00      0,00      0,00      0,00      0,00      0,00      0,00      0,00    100,00

19:19:16        IFACE   rxpck/s   txpck/s    rxkB/s    txkB/s   rxcmp/s   txcmp/s  rxmcst/s   %ifutil
19:19:18           lo      0,00      0,00      0,00      0,00      0,00      0,00      0,00      0,00
19:19:18         eno1      4,00 240600,00      0,26 120299,79      0,00      0,00      1,00     98,55
19:19:18         eno2      0,00      0,00      0,00      0,00      0,00      0,00      0,00      0,00
19:19:18      docker0      0,00      0,00      0,00      0,00      0,00      0,00      0,00      0,00
19:19:18      ens2np0 385444,00      0,50 191216,36      0,02      0,00      0,00      0,00     15,66
19:19:18      ens2np1      0,00      0,00      0,00      0,00      0,00      0,00      0,00      0,00

19:19:18        CPU      %usr     %nice      %sys   %iowait    %steal      %irq     %soft    %guest    %gnice     %idle
19:19:20        all      6,36      0,00      0,00      0,00      0,00      0,00      6,68      0,00      0,00     86,96
19:19:20          0      0,00      0,00      0,00      0,00      0,00      0,00    100,00      0,00      0,00      0,00
19:19:20          1      0,00      0,00      0,00      0,00      0,00      0,00      0,00      0,00      0,00    100,00
19:19:20          2    100,00      0,00      0,00      0,00      0,00      0,00      0,00      0,00      0,00      0,00
19:19:20          3      0,00      0,00      0,00      0,00      0,00      0,00      0,00      0,00      0,00    100,00
19:19:20          4      0,00      0,00      0,00      0,00      0,00      0,00      6,83      0,00      0,00     93,17
19:19:20          5      0,00      0,00      0,00      0,00      0,00      0,00      0,00      0,00      0,00    100,00
19:19:20          6      0,00      0,00      0,00      0,00      0,00      0,00      0,00      0,00      0,00    100,00
19:19:20          7      0,00      0,00      0,00      0,00      0,00      0,00      0,00      0,00      0,00    100,00
19:19:20          8      0,00      0,00      0,00      0,00      0,00      0,00      0,00      0,00      0,00    100,00
19:19:20          9      0,00      0,00      0,00      0,00      0,00      0,00      0,00      0,00      0,00    100,00
19:19:20         10      0,00      0,00      0,00      0,00      0,00      0,00      0,00      0,00      0,00    100,00
19:19:20         11      0,00      0,00      0,00      0,00      0,00      0,00      0,00      0,00      0,00    100,00
19:19:20         12      0,00      0,00      0,00      0,00      0,00      0,00      0,00      0,00      0,00    100,00
19:19:20         13      0,00      0,00      0,00      0,00      0,00      0,00      0,00      0,00      0,00    100,00
19:19:20         14      0,50      0,00      0,00      0,00      0,00      0,00      0,00      0,00      0,00     99,50
19:19:20         15      0,00      0,00      0,00      0,00      0,00      0,00      0,00      0,00      0,00    100,00

19:19:18        IFACE   rxpck/s   txpck/s    rxkB/s    txkB/s   rxcmp/s   txcmp/s  rxmcst/s   %ifutil
19:19:20           lo      0,00      0,00      0,00      0,00      0,00      0,00      0,00      0,00
19:19:20         eno1      5,50 240600,50      0,36 120299,61      0,00      0,00      1,00     98,55
19:19:20         eno2      0,00      0,00      0,00      0,00      0,00      0,00      0,00      0,00
19:19:20      docker0      0,00      0,00      0,00      0,00      0,00      0,00      0,00      0,00
19:19:20      ens2np0 385235,50      1,00 191112,92      0,04      0,00      0,00      0,00     15,66
19:19:20      ens2np1      0,00      0,00      0,00      0,00      0,00      0,00      0,00      0,00

19:19:20        CPU      %usr     %nice      %sys   %iowait    %steal      %irq     %soft    %guest    %gnice     %idle
19:19:22        all      6,61      0,00      0,13      0,00      0,00      0,00      6,49      0,00      0,00     86,78
19:19:22          0      0,00      0,00      0,00      0,00      0,00      0,00    100,00      0,00      0,00      0,00
19:19:22          1      0,00      0,00      0,00      0,00      0,00      0,00      0,00      0,00      0,00    100,00
19:19:22          2     97,51      0,00      0,00      0,00      0,00      0,00      0,00      0,00      0,00      2,49
19:19:22          3      0,00      0,00      0,00      0,00      0,00      0,00      0,00      0,00      0,00    100,00
19:19:22          4      0,60      0,00      0,00      0,00      0,00      0,00      2,99      0,00      0,00     96,41
19:19:22          5      1,00      0,00      0,50      0,00      0,00      0,00      0,00      0,00      0,00     98,50
19:19:22          6      0,50      0,00      0,50      0,00      0,00      0,00      0,00      0,00      0,00     99,00
19:19:22          7      0,00      0,00      0,00      0,00      0,00      0,00      0,00      0,00      0,00    100,00
19:19:22          8      0,00      0,00      0,00      0,00      0,00      0,00      0,00      0,00      0,00    100,00
19:19:22          9      0,50      0,00      0,50      0,00      0,00      0,00      0,00      0,00      0,00     99,01
19:19:22         10      2,00      0,00      0,00      0,00      0,00      0,00      0,00      0,00      0,00     98,00
19:19:22         11      0,50      0,00      0,50      0,00      0,00      0,00      0,00      0,00      0,00     99,00
19:19:22         12      0,00      0,00      0,00      0,00      0,00      0,00      0,00      0,00      0,00    100,00
19:19:22         13      0,00      0,00      0,00      0,00      0,00      0,00      0,00      0,00      0,00    100,00
19:19:22         14      0,50      0,00      0,00      0,00      0,00      0,00      0,00      0,00      0,00     99,50
19:19:22         15      1,01      0,00      0,00      0,00      0,00      0,00      0,00      0,00      0,00     98,99

19:19:20        IFACE   rxpck/s   txpck/s    rxkB/s    txkB/s   rxcmp/s   txcmp/s  rxmcst/s   %ifutil
19:19:22           lo      0,00      0,00      0,00      0,00      0,00      0,00      0,00      0,00
19:19:22         eno1      7,00 240600,00      0,51 120299,33      0,00      0,00      1,50     98,55
19:19:22         eno2      0,00      0,00      0,00      0,00      0,00      0,00      0,00      0,00
19:19:22      docker0      0,00      0,00      0,00      0,00      0,00      0,00      0,00      0,00
19:19:22      ens2np0 454024,50      0,50 225238,72      0,02      0,00      0,00      0,00     18,45
19:19:22      ens2np1      0,00      0,00      0,00      0,00      0,00      0,00      0,00      0,00

Average:        CPU      %usr     %nice      %sys   %iowait    %steal      %irq     %soft    %guest    %gnice     %idle
Average:        all      6,41      0,00      0,05      0,00      0,00      0,00      5,28      0,00      0,00     88,27
Average:          0      0,06      0,00      0,02      0,00      0,00      0,00     78,35      0,00      0,00     21,57
Average:          1      0,12      0,00      0,04      0,00      0,00      0,00      0,04      0,00      0,00     99,80
Average:          2     99,50      0,00      0,00      0,00      0,00      0,00      0,00      0,00      0,00      0,50
Average:          3      0,06      0,00      0,04      0,00      0,00      0,00      0,02      0,00      0,00     99,88
Average:          4      0,14      0,00      0,07      0,00      0,00      0,00      6,13      0,00      0,00     93,66
Average:          5      0,12      0,00      0,04      0,00      0,00      0,00      0,00      0,00      0,00     99,84
Average:          6      0,18      0,00      0,08      0,00      0,00      0,00      0,00      0,00      0,00     99,74
Average:          7      0,14      0,00      0,08      0,00      0,00      0,00      0,00      0,00      0,00     99,78
Average:          8      0,06      0,00      0,04      0,00      0,00      0,00      0,00      0,00      0,00     99,90
Average:          9      0,08      0,00      0,02      0,00      0,00      0,00      0,00      0,00      0,00     99,90
Average:         10      0,56      0,00      0,02      0,00      0,00      0,00      0,00      0,00      0,00     99,42
Average:         11      0,12      0,00      0,08      0,00      0,00      0,00      0,00      0,00      0,00     99,80
Average:         12      0,14      0,00      0,06      0,00      0,00      0,00      0,00      0,00      0,00     99,80
Average:         13      0,04      0,00      0,02      0,00      0,00      0,00      0,00      0,00      0,00     99,94
Average:         14      0,10      0,00      0,08      0,00      0,00      0,00      0,00      0,00      0,00     99,82
Average:         15      0,16      0,00      0,04      0,00      0,00      0,00      0,00      0,00      0,00     99,80

Average:        IFACE   rxpck/s   txpck/s    rxkB/s    txkB/s   rxcmp/s   txcmp/s  rxmcst/s   %ifutil
Average:           lo      0,00      0,00      0,00      0,00      0,00      0,00      0,00      0,00
Average:         eno1      5,32 180893,04      0,50  90445,77      0,00      0,00      1,10     74,09
Average:         eno2      0,00      0,00      0,00      0,00      0,00      0,00      0,00      0,00
Average:      docker0      0,00      0,00      0,00      0,00      0,00      0,00      0,00      0,00
Average:      ens2np0 306023,36      0,62 151816,28      0,03      0,00      0,00      0,00     12,44
Average:      ens2np1      0,00      0,00      0,00      0,00      0,00      0,00      0,00      0,00
