Linux 5.13.0-52-generic (w1) 	15/07/2022 	_x86_64_	(16 CPU)

18:30:11        CPU      %usr     %nice      %sys   %iowait    %steal      %irq     %soft    %guest    %gnice     %idle
18:30:13        all      0,69      0,00      0,16      0,00      0,00      0,00      0,00      0,00      0,00     99,16
18:30:13          0      0,50      0,00      0,00      0,00      0,00      0,00      0,00      0,00      0,00     99,50
18:30:13          1      0,50      0,00      0,00      0,00      0,00      0,00      0,00      0,00      0,00     99,50
18:30:13          2      0,00      0,00      0,00      0,00      0,00      0,00      0,00      0,00      0,00    100,00
18:30:13          3      0,50      0,00      0,00      0,00      0,00      0,00      0,00      0,00      0,00     99,50
18:30:13          4      0,50      0,00      0,00      0,00      0,00      0,00      0,00      0,00      0,00     99,50
18:30:13          5      1,51      0,00      0,00      0,00      0,00      0,00      0,00      0,00      0,00     98,49
18:30:13          6      0,50      0,00      0,00      0,00      0,00      0,00      0,00      0,00      0,00     99,50
18:30:13          7      0,00      0,00      0,00      0,00      0,00      0,00      0,00      0,00      0,00    100,00
18:30:13          8      0,50      0,00      0,00      0,00      0,00      0,00      0,00      0,00      0,00     99,50
18:30:13          9      0,50      0,00      0,50      0,00      0,00      0,00      0,00      0,00      0,00     99,00
18:30:13         10      1,00      0,00      0,00      0,00      0,00      0,00      0,00      0,00      0,00     99,00
18:30:13         11      1,00      0,00      0,00      0,00      0,00      0,00      0,00      0,00      0,00     99,00
18:30:13         12      0,99      0,00      0,50      0,00      0,00      0,00      0,00      0,00      0,00     98,51
18:30:13         13      1,00      0,00      1,00      0,00      0,00      0,00      0,00      0,00      0,00     98,01
18:30:13         14      1,00      0,00      0,50      0,00      0,00      0,00      0,00      0,00      0,00     98,51
18:30:13         15      1,01      0,00      0,00      0,00      0,00      0,00      0,00      0,00      0,00     98,99

18:30:11        IFACE   rxpck/s   txpck/s    rxkB/s    txkB/s   rxcmp/s   txcmp/s  rxmcst/s   %ifutil
18:30:13           lo      0,00      0,00      0,00      0,00      0,00      0,00      0,00      0,00
18:30:13         eno1     23,50     17,00      3,82      3,25      0,00      0,00      1,00      0,00
18:30:13         eno2      0,00      0,00      0,00      0,00      0,00      0,00      0,00      0,00
18:30:13      docker0      0,00      0,00      0,00      0,00      0,00      0,00      0,00      0,00
18:30:13      ens2np0      0,00      0,00      0,00      0,00      0,00      0,00      0,00      0,00
18:30:13      ens2np1      0,00      0,00      0,00      0,00      0,00      0,00      0,00      0,00

18:30:13        CPU      %usr     %nice      %sys   %iowait    %steal      %irq     %soft    %guest    %gnice     %idle
18:30:15        all      0,03      0,00      0,00      0,00      0,00      0,00      0,00      0,00      0,00     99,97
18:30:15          0      0,00      0,00      0,00      0,00      0,00      0,00      0,00      0,00      0,00    100,00
18:30:15          1      0,00      0,00      0,00      0,00      0,00      0,00      0,00      0,00      0,00    100,00
18:30:15          2      0,00      0,00      0,00      0,00      0,00      0,00      0,00      0,00      0,00    100,00
18:30:15          3      0,00      0,00      0,00      0,00      0,00      0,00      0,00      0,00      0,00    100,00
18:30:15          4      0,00      0,00      0,00      0,00      0,00      0,00      0,00      0,00      0,00    100,00
18:30:15          5      0,00      0,00      0,00      0,00      0,00      0,00      0,00      0,00      0,00    100,00
18:30:15          6      0,00      0,00      0,00      0,00      0,00      0,00      0,00      0,00      0,00    100,00
18:30:15          7      0,00      0,00      0,00      0,00      0,00      0,00      0,00      0,00      0,00    100,00
18:30:15          8      0,00      0,00      0,00      0,00      0,00      0,00      0,00      0,00      0,00    100,00
18:30:15          9      0,00      0,00      0,00      0,00      0,00      0,00      0,00      0,00      0,00    100,00
18:30:15         10      0,00      0,00      0,00      0,00      0,00      0,00      0,00      0,00      0,00    100,00
18:30:15         11      0,00      0,00      0,00      0,00      0,00      0,00      0,00      0,00      0,00    100,00
18:30:15         12      0,00      0,00      0,00      0,00      0,00      0,00      0,00      0,00      0,00    100,00
18:30:15         13      0,50      0,00      0,00      0,00      0,00      0,00      0,00      0,00      0,00     99,50
18:30:15         14      0,00      0,00      0,00      0,00      0,00      0,00      0,00      0,00      0,00    100,00
18:30:15         15      0,00      0,00      0,00      0,00      0,00      0,00      0,00      0,00      0,00    100,00

18:30:13        IFACE   rxpck/s   txpck/s    rxkB/s    txkB/s   rxcmp/s   txcmp/s  rxmcst/s   %ifutil
18:30:15           lo      0,00      0,00      0,00      0,00      0,00      0,00      0,00      0,00
18:30:15         eno1      4,00      0,00      0,25      0,00      0,00      0,00      1,00      0,00
18:30:15         eno2      0,00      0,00      0,00      0,00      0,00      0,00      0,00      0,00
18:30:15      docker0      0,00      0,00      0,00      0,00      0,00      0,00      0,00      0,00
18:30:15      ens2np0      0,00      0,00      0,00      0,00      0,00      0,00      0,00      0,00
18:30:15      ens2np1      0,00      0,00      0,00      0,00      0,00      0,00      0,00      0,00

18:30:15        CPU      %usr     %nice      %sys   %iowait    %steal      %irq     %soft    %guest    %gnice     %idle
18:30:17        all      0,00      0,00      0,06      0,00      0,00      0,00      0,00      0,00      0,00     99,94
18:30:17          0      0,00      0,00      0,00      0,00      0,00      0,00      0,00      0,00      0,00    100,00
18:30:17          1      0,00      0,00      0,00      0,00      0,00      0,00      0,00      0,00      0,00    100,00
18:30:17          2      0,00      0,00      0,00      0,00      0,00      0,00      0,00      0,00      0,00    100,00
18:30:17          3      0,00      0,00      0,00      0,00      0,00      0,00      0,00      0,00      0,00    100,00
18:30:17          4      0,00      0,00      0,00      0,00      0,00      0,00      0,00      0,00      0,00    100,00
18:30:17          5      0,00      0,00      0,00      0,00      0,00      0,00      0,00      0,00      0,00    100,00
18:30:17          6      0,00      0,00      0,50      0,00      0,00      0,00      0,00      0,00      0,00     99,50
18:30:17          7      0,00      0,00      0,00      0,00      0,00      0,00      0,00      0,00      0,00    100,00
18:30:17          8      0,00      0,00      0,00      0,00      0,00      0,00      0,00      0,00      0,00    100,00
18:30:17          9      0,00      0,00      0,00      0,00      0,00      0,00      0,00      0,00      0,00    100,00
18:30:17         10      0,00      0,00      0,00      0,00      0,00      0,00      0,00      0,00      0,00    100,00
18:30:17         11      0,00      0,00      0,00      0,00      0,00      0,00      0,00      0,00      0,00    100,00
18:30:17         12      0,00      0,00      0,00      0,00      0,00      0,00      0,00      0,00      0,00    100,00
18:30:17         13      0,00      0,00      0,50      0,00      0,00      0,00      0,00      0,00      0,00     99,50
18:30:17         14      0,00      0,00      0,00      0,00      0,00      0,00      0,00      0,00      0,00    100,00
18:30:17         15      0,00      0,00      0,00      0,00      0,00      0,00      0,00      0,00      0,00    100,00

18:30:15        IFACE   rxpck/s   txpck/s    rxkB/s    txkB/s   rxcmp/s   txcmp/s  rxmcst/s   %ifutil
18:30:17           lo      0,00      0,00      0,00      0,00      0,00      0,00      0,00      0,00
18:30:17         eno1      5,00      0,00      0,31      0,00      0,00      0,00      1,00      0,00
18:30:17         eno2      0,00      0,00      0,00      0,00      0,00      0,00      0,00      0,00
18:30:17      docker0      0,00      0,00      0,00      0,00      0,00      0,00      0,00      0,00
18:30:17      ens2np0      0,00      0,00      0,00      0,00      0,00      0,00      0,00      0,00
18:30:17      ens2np1      0,00      0,00      0,00      0,00      0,00      0,00      0,00      0,00

18:30:17        CPU      %usr     %nice      %sys   %iowait    %steal      %irq     %soft    %guest    %gnice     %idle
18:30:19        all      0,00      0,00      0,00      0,00      0,00      0,00      0,00      0,00      0,00    100,00
18:30:19          0      0,00      0,00      0,00      0,00      0,00      0,00      0,00      0,00      0,00    100,00
18:30:19          1      0,00      0,00      0,00      0,00      0,00      0,00      0,00      0,00      0,00    100,00
18:30:19          2      0,00      0,00      0,00      0,00      0,00      0,00      0,00      0,00      0,00    100,00
18:30:19          3      0,00      0,00      0,00      0,00      0,00      0,00      0,00      0,00      0,00    100,00
18:30:19          4      0,00      0,00      0,00      0,00      0,00      0,00      0,00      0,00      0,00    100,00
18:30:19          5      0,00      0,00      0,00      0,00      0,00      0,00      0,00      0,00      0,00    100,00
18:30:19          6      0,00      0,00      0,00      0,00      0,00      0,00      0,00      0,00      0,00    100,00
18:30:19          7      0,00      0,00      0,00      0,00      0,00      0,00      0,00      0,00      0,00    100,00
18:30:19          8      0,00      0,00      0,00      0,00      0,00      0,00      0,00      0,00      0,00    100,00
18:30:19          9      0,00      0,00      0,00      0,00      0,00      0,00      0,00      0,00      0,00    100,00
18:30:19         10      0,00      0,00      0,00      0,00      0,00      0,00      0,00      0,00      0,00    100,00
18:30:19         11      0,00      0,00      0,00      0,00      0,00      0,00      0,00      0,00      0,00    100,00
18:30:19         12      0,00      0,00      0,00      0,00      0,00      0,00      0,00      0,00      0,00    100,00
18:30:19         13      0,00      0,00      0,00      0,00      0,00      0,00      0,00      0,00      0,00    100,00
18:30:19         14      0,00      0,00      0,00      0,00      0,00      0,00      0,00      0,00      0,00    100,00
18:30:19         15      0,00      0,00      0,00      0,00      0,00      0,00      0,00      0,00      0,00    100,00

18:30:17        IFACE   rxpck/s   txpck/s    rxkB/s    txkB/s   rxcmp/s   txcmp/s  rxmcst/s   %ifutil
18:30:19           lo      0,00      0,00      0,00      0,00      0,00      0,00      0,00      0,00
18:30:19         eno1      6,00      1,00      0,50      0,07      0,00      0,00      1,00      0,00
18:30:19         eno2      0,00      0,00      0,00      0,00      0,00      0,00      0,00      0,00
18:30:19      docker0      0,00      0,00      0,00      0,00      0,00      0,00      0,00      0,00
18:30:19      ens2np0      0,00      0,00      0,00      0,00      0,00      0,00      0,00      0,00
18:30:19      ens2np1      0,00      0,00      0,00      0,00      0,00      0,00      0,00      0,00

18:30:19        CPU      %usr     %nice      %sys   %iowait    %steal      %irq     %soft    %guest    %gnice     %idle
18:30:21        all      0,00      0,00      0,00      0,00      0,00      0,00      0,00      0,00      0,00    100,00
18:30:21          0      0,00      0,00      0,00      0,00      0,00      0,00      0,00      0,00      0,00    100,00
18:30:21          1      0,00      0,00      0,00      0,00      0,00      0,00      0,00      0,00      0,00    100,00
18:30:21          2      0,00      0,00      0,00      0,00      0,00      0,00      0,00      0,00      0,00    100,00
18:30:21          3      0,00      0,00      0,00      0,00      0,00      0,00      0,00      0,00      0,00    100,00
18:30:21          4      0,00      0,00      0,00      0,00      0,00      0,00      0,00      0,00      0,00    100,00
18:30:21          5      0,00      0,00      0,00      0,00      0,00      0,00      0,00      0,00      0,00    100,00
18:30:21          6      0,00      0,00      0,00      0,00      0,00      0,00      0,00      0,00      0,00    100,00
18:30:21          7      0,00      0,00      0,00      0,00      0,00      0,00      0,00      0,00      0,00    100,00
18:30:21          8      0,00      0,00      0,00      0,00      0,00      0,00      0,00      0,00      0,00    100,00
18:30:21          9      0,00      0,00      0,00      0,00      0,00      0,00      0,00      0,00      0,00    100,00
18:30:21         10      0,00      0,00      0,00      0,00      0,00      0,00      0,00      0,00      0,00    100,00
18:30:21         11      0,00      0,00      0,00      0,00      0,00      0,00      0,00      0,00      0,00    100,00
18:30:21         12      0,00      0,00      0,00      0,00      0,00      0,00      0,00      0,00      0,00    100,00
18:30:21         13      0,00      0,00      0,00      0,00      0,00      0,00      0,00      0,00      0,00    100,00
18:30:21         14      0,00      0,00      0,00      0,00      0,00      0,00      0,00      0,00      0,00    100,00
18:30:21         15      0,00      0,00      0,00      0,00      0,00      0,00      0,00      0,00      0,00    100,00

18:30:19        IFACE   rxpck/s   txpck/s    rxkB/s    txkB/s   rxcmp/s   txcmp/s  rxmcst/s   %ifutil
18:30:21           lo      0,00      0,00      0,00      0,00      0,00      0,00      0,00      0,00
18:30:21         eno1      5,50      0,00      0,35      0,00      0,00      0,00      1,00      0,00
18:30:21         eno2      0,00      0,00      0,00      0,00      0,00      0,00      0,00      0,00
18:30:21      docker0      0,00      0,00      0,00      0,00      0,00      0,00      0,00      0,00
18:30:21      ens2np0      0,00      0,00      0,00      0,00      0,00      0,00      0,00      0,00
18:30:21      ens2np1      0,00      0,00      0,00      0,00      0,00      0,00      0,00      0,00

18:30:21        CPU      %usr     %nice      %sys   %iowait    %steal      %irq     %soft    %guest    %gnice     %idle
18:30:23        all      0,31      0,00      0,22      0,00      0,00      0,00      3,72      0,00      0,00     95,74
18:30:23          0      0,00      0,00      0,00      0,00      0,00      0,00     59,80      0,00      0,00     40,20
18:30:23          1      0,50      0,00      0,00      0,00      0,00      0,00      0,00      0,00      0,00     99,50
18:30:23          2      0,50      0,00      0,50      0,00      0,00      0,00      0,00      0,00      0,00     99,00
18:30:23          3      0,00      0,00      0,00      0,00      0,00      0,00      0,00      0,00      0,00    100,00
18:30:23          4      0,50      0,00      0,00      0,00      0,00      0,00      0,00      0,00      0,00     99,50
18:30:23          5      0,50      0,00      0,00      0,00      0,00      0,00      0,00      0,00      0,00     99,50
18:30:23          6      0,00      0,00      0,00      0,00      0,00      0,00      0,00      0,00      0,00    100,00
18:30:23          7      0,00      0,00      0,00      0,00      0,00      0,00      0,00      0,00      0,00    100,00
18:30:23          8      0,00      0,00      0,00      0,00      0,00      0,00      0,00      0,00      0,00    100,00
18:30:23          9      0,50      0,00      0,00      0,00      0,00      0,00      0,00      0,00      0,00     99,50
18:30:23         10      0,00      0,00      0,50      0,00      0,00      0,00      0,00      0,00      0,00     99,50
18:30:23         11      0,50      0,00      0,50      0,00      0,00      0,00      0,00      0,00      0,00     99,00
18:30:23         12      0,00      0,00      0,00      0,00      0,00      0,00      0,00      0,00      0,00    100,00
18:30:23         13      1,00      0,00      1,00      0,00      0,00      0,00      0,00      0,00      0,00     98,00
18:30:23         14      0,00      0,00      0,50      0,00      0,00      0,00      0,00      0,00      0,00     99,50
18:30:23         15      1,00      0,00      0,50      0,00      0,00      0,00      0,00      0,00      0,00     98,51

18:30:21        IFACE   rxpck/s   txpck/s    rxkB/s    txkB/s   rxcmp/s   txcmp/s  rxmcst/s   %ifutil
18:30:23           lo      0,00      0,00      0,00      0,00      0,00      0,00      0,00      0,00
18:30:23         eno1      4,00      0,00      0,25      0,00      0,00      0,00      1,00      0,00
18:30:23         eno2      0,00      0,00      0,00      0,00      0,00      0,00      0,00      0,00
18:30:23      docker0      0,00      0,00      0,00      0,00      0,00      0,00      0,00      0,00
18:30:23      ens2np0 216986,00 215040,00  53398,90  52920,00      0,00      0,00      0,00      4,37
18:30:23      ens2np1      0,00      0,00      0,00      0,00      0,00      0,00      0,00      0,00

18:30:23        CPU      %usr     %nice      %sys   %iowait    %steal      %irq     %soft    %guest    %gnice     %idle
18:30:25        all      0,00      0,00      0,00      0,00      0,00      0,00      6,28      0,00      0,00     93,72
18:30:25          0      0,00      0,00      0,00      0,00      0,00      0,00    100,00      0,00      0,00      0,00
18:30:25          1      0,00      0,00      0,00      0,00      0,00      0,00      0,50      0,00      0,00     99,50
18:30:25          2      0,00      0,00      0,00      0,00      0,00      0,00      0,00      0,00      0,00    100,00
18:30:25          3      0,00      0,00      0,00      0,00      0,00      0,00      0,00      0,00      0,00    100,00
18:30:25          4      0,00      0,00      0,00      0,00      0,00      0,00      0,00      0,00      0,00    100,00
18:30:25          5      0,00      0,00      0,00      0,00      0,00      0,00      0,00      0,00      0,00    100,00
18:30:25          6      0,00      0,00      0,00      0,00      0,00      0,00      0,00      0,00      0,00    100,00
18:30:25          7      0,00      0,00      0,00      0,00      0,00      0,00      0,00      0,00      0,00    100,00
18:30:25          8      0,00      0,00      0,00      0,00      0,00      0,00      0,00      0,00      0,00    100,00
18:30:25          9      0,00      0,00      0,00      0,00      0,00      0,00      0,00      0,00      0,00    100,00
18:30:25         10      0,00      0,00      0,00      0,00      0,00      0,00      0,00      0,00      0,00    100,00
18:30:25         11      0,00      0,00      0,00      0,00      0,00      0,00      0,00      0,00      0,00    100,00
18:30:25         12      0,00      0,00      0,00      0,00      0,00      0,00      0,00      0,00      0,00    100,00
18:30:25         13      0,00      0,00      0,00      0,00      0,00      0,00      0,00      0,00      0,00    100,00
18:30:25         14      0,00      0,00      0,00      0,00      0,00      0,00      0,00      0,00      0,00    100,00
18:30:25         15      0,00      0,00      0,00      0,00      0,00      0,00      0,00      0,00      0,00    100,00

18:30:23        IFACE   rxpck/s   txpck/s    rxkB/s    txkB/s   rxcmp/s   txcmp/s  rxmcst/s   %ifutil
18:30:25           lo      0,00      0,00      0,00      0,00      0,00      0,00      0,00      0,00
18:30:25         eno1      5,00      0,00      0,31      0,00      0,00      0,00      1,50      0,00
18:30:25         eno2      0,00      0,00      0,00      0,00      0,00      0,00      0,00      0,00
18:30:25      docker0      0,00      0,00      0,00      0,00      0,00      0,00      0,00      0,00
18:30:25      ens2np0 367411,00 367616,00  90417,55  90468,00      0,00      0,00      0,00      7,41
18:30:25      ens2np1      0,00      0,00      0,00      0,00      0,00      0,00      0,00      0,00

18:30:25        CPU      %usr     %nice      %sys   %iowait    %steal      %irq     %soft    %guest    %gnice     %idle
18:30:27        all      0,00      0,00      0,03      0,00      0,00      0,00      6,25      0,00      0,00     93,72
18:30:27          0      0,00      0,00      0,00      0,00      0,00      0,00    100,00      0,00      0,00      0,00
18:30:27          1      0,00      0,00      0,00      0,00      0,00      0,00      0,00      0,00      0,00    100,00
18:30:27          2      0,00      0,00      0,00      0,00      0,00      0,00      0,00      0,00      0,00    100,00
18:30:27          3      0,00      0,00      0,00      0,00      0,00      0,00      0,00      0,00      0,00    100,00
18:30:27          4      0,00      0,00      0,00      0,00      0,00      0,00      0,00      0,00      0,00    100,00
18:30:27          5      0,00      0,00      0,00      0,00      0,00      0,00      0,00      0,00      0,00    100,00
18:30:27          6      0,00      0,00      0,00      0,00      0,00      0,00      0,00      0,00      0,00    100,00
18:30:27          7      0,00      0,00      0,00      0,00      0,00      0,00      0,00      0,00      0,00    100,00
18:30:27          8      0,00      0,00      0,00      0,00      0,00      0,00      0,00      0,00      0,00    100,00
18:30:27          9      0,00      0,00      0,00      0,00      0,00      0,00      0,00      0,00      0,00    100,00
18:30:27         10      0,00      0,00      0,00      0,00      0,00      0,00      0,00      0,00      0,00    100,00
18:30:27         11      0,00      0,00      0,00      0,00      0,00      0,00      0,00      0,00      0,00    100,00
18:30:27         12      0,00      0,00      0,00      0,00      0,00      0,00      0,00      0,00      0,00    100,00
18:30:27         13      0,00      0,00      0,50      0,00      0,00      0,00      0,00      0,00      0,00     99,50
18:30:27         14      0,00      0,00      0,00      0,00      0,00      0,00      0,00      0,00      0,00    100,00
18:30:27         15      0,00      0,00      0,00      0,00      0,00      0,00      0,00      0,00      0,00    100,00

18:30:25        IFACE   rxpck/s   txpck/s    rxkB/s    txkB/s   rxcmp/s   txcmp/s  rxmcst/s   %ifutil
18:30:27           lo      0,00      0,00      0,00      0,00      0,00      0,00      0,00      0,00
18:30:27         eno1      4,50      0,50      0,28      0,03      0,00      0,00      1,00      0,00
18:30:27         eno2      0,00      0,00      0,00      0,00      0,00      0,00      0,00      0,00
18:30:27      docker0      0,00      0,00      0,00      0,00      0,00      0,00      0,00      0,00
18:30:27      ens2np0 367389,50 367616,00  90412,26  90468,00      0,00      0,00      0,00      7,41
18:30:27      ens2np1      0,00      0,00      0,00      0,00      0,00      0,00      0,00      0,00

18:30:27        CPU      %usr     %nice      %sys   %iowait    %steal      %irq     %soft    %guest    %gnice     %idle
18:30:29        all      0,00      0,00      0,00      0,00      0,00      0,00      6,25      0,00      0,00     93,75
18:30:29          0      0,00      0,00      0,00      0,00      0,00      0,00    100,00      0,00      0,00      0,00
18:30:29          1      0,00      0,00      0,00      0,00      0,00      0,00      0,00      0,00      0,00    100,00
18:30:29          2      0,00      0,00      0,00      0,00      0,00      0,00      0,00      0,00      0,00    100,00
18:30:29          3      0,00      0,00      0,00      0,00      0,00      0,00      0,00      0,00      0,00    100,00
18:30:29          4      0,00      0,00      0,00      0,00      0,00      0,00      0,00      0,00      0,00    100,00
18:30:29          5      0,00      0,00      0,00      0,00      0,00      0,00      0,00      0,00      0,00    100,00
18:30:29          6      0,00      0,00      0,00      0,00      0,00      0,00      0,00      0,00      0,00    100,00
18:30:29          7      0,00      0,00      0,00      0,00      0,00      0,00      0,00      0,00      0,00    100,00
18:30:29          8      0,00      0,00      0,00      0,00      0,00      0,00      0,00      0,00      0,00    100,00
18:30:29          9      0,00      0,00      0,00      0,00      0,00      0,00      0,00      0,00      0,00    100,00
18:30:29         10      0,00      0,00      0,00      0,00      0,00      0,00      0,00      0,00      0,00    100,00
18:30:29         11      0,00      0,00      0,00      0,00      0,00      0,00      0,00      0,00      0,00    100,00
18:30:29         12      0,00      0,00      0,00      0,00      0,00      0,00      0,00      0,00      0,00    100,00
18:30:29         13      0,00      0,00      0,00      0,00      0,00      0,00      0,00      0,00      0,00    100,00
18:30:29         14      0,00      0,00      0,00      0,00      0,00      0,00      0,00      0,00      0,00    100,00
18:30:29         15      0,00      0,00      0,00      0,00      0,00      0,00      0,00      0,00      0,00    100,00

18:30:27        IFACE   rxpck/s   txpck/s    rxkB/s    txkB/s   rxcmp/s   txcmp/s  rxmcst/s   %ifutil
18:30:29           lo      0,00      0,00      0,00      0,00      0,00      0,00      0,00      0,00
18:30:29         eno1      5,00      0,00      0,31      0,00      0,00      0,00      1,00      0,00
18:30:29         eno2      0,00      0,00      0,00      0,00      0,00      0,00      0,00      0,00
18:30:29      docker0      0,00      0,00      0,00      0,00      0,00      0,00      0,00      0,00
18:30:29      ens2np0 367473,00 367616,00  90432,81  90468,00      0,00      0,00      0,00      7,41
18:30:29      ens2np1      0,00      0,00      0,00      0,00      0,00      0,00      0,00      0,00

18:30:29        CPU      %usr     %nice      %sys   %iowait    %steal      %irq     %soft    %guest    %gnice     %idle
18:30:31        all      0,00      0,00      0,00      0,00      0,00      0,00      6,25      0,00      0,00     93,75
18:30:31          0      0,00      0,00      0,00      0,00      0,00      0,00    100,00      0,00      0,00      0,00
18:30:31          1      0,00      0,00      0,00      0,00      0,00      0,00      0,00      0,00      0,00    100,00
18:30:31          2      0,00      0,00      0,00      0,00      0,00      0,00      0,00      0,00      0,00    100,00
18:30:31          3      0,00      0,00      0,00      0,00      0,00      0,00      0,00      0,00      0,00    100,00
18:30:31          4      0,00      0,00      0,00      0,00      0,00      0,00      0,00      0,00      0,00    100,00
18:30:31          5      0,00      0,00      0,00      0,00      0,00      0,00      0,00      0,00      0,00    100,00
18:30:31          6      0,00      0,00      0,00      0,00      0,00      0,00      0,00      0,00      0,00    100,00
18:30:31          7      0,00      0,00      0,00      0,00      0,00      0,00      0,00      0,00      0,00    100,00
18:30:31          8      0,00      0,00      0,00      0,00      0,00      0,00      0,00      0,00      0,00    100,00
18:30:31          9      0,00      0,00      0,00      0,00      0,00      0,00      0,00      0,00      0,00    100,00
18:30:31         10      0,00      0,00      0,00      0,00      0,00      0,00      0,00      0,00      0,00    100,00
18:30:31         11      0,00      0,00      0,00      0,00      0,00      0,00      0,00      0,00      0,00    100,00
18:30:31         12      0,00      0,00      0,00      0,00      0,00      0,00      0,00      0,00      0,00    100,00
18:30:31         13      0,00      0,00      0,00      0,00      0,00      0,00      0,00      0,00      0,00    100,00
18:30:31         14      0,00      0,00      0,00      0,00      0,00      0,00      0,00      0,00      0,00    100,00
18:30:31         15      0,00      0,00      0,00      0,00      0,00      0,00      0,00      0,00      0,00    100,00

18:30:29        IFACE   rxpck/s   txpck/s    rxkB/s    txkB/s   rxcmp/s   txcmp/s  rxmcst/s   %ifutil
18:30:31           lo      0,00      0,00      0,00      0,00      0,00      0,00      0,00      0,00
18:30:31         eno1      2,00      0,00      0,13      0,00      0,00      0,00      0,50      0,00
18:30:31         eno2      0,00      0,00      0,00      0,00      0,00      0,00      0,00      0,00
18:30:31      docker0      0,00      0,00      0,00      0,00      0,00      0,00      0,00      0,00
18:30:31      ens2np0 367599,00 367616,00  90463,82  90468,00      0,00      0,00      0,00      7,41
18:30:31      ens2np1      0,00      0,00      0,00      0,00      0,00      0,00      0,00      0,00

18:30:31        CPU      %usr     %nice      %sys   %iowait    %steal      %irq     %soft    %guest    %gnice     %idle
18:30:33        all      0,19      0,00      0,13      0,00      0,00      0,00      6,26      0,00      0,00     93,43
18:30:33          0      0,00      0,00      0,00      0,00      0,00      0,00    100,00      0,00      0,00      0,00
18:30:33          1      0,00      0,00      0,50      0,00      0,00      0,00      0,00      0,00      0,00     99,50
18:30:33          2      0,00      0,00      0,50      0,00      0,00      0,00      0,00      0,00      0,00     99,50
18:30:33          3      0,00      0,00      0,00      0,00      0,00      0,00      0,00      0,00      0,00    100,00
18:30:33          4      0,00      0,00      0,00      0,00      0,00      0,00      0,00      0,00      0,00    100,00
18:30:33          5      0,50      0,00      0,00      0,00      0,00      0,00      0,00      0,00      0,00     99,50
18:30:33          6      0,00      0,00      0,00      0,00      0,00      0,00      0,00      0,00      0,00    100,00
18:30:33          7      0,00      0,00      0,00      0,00      0,00      0,00      0,00      0,00      0,00    100,00
18:30:33          8      0,00      0,00      0,00      0,00      0,00      0,00      0,00      0,00      0,00    100,00
18:30:33          9      0,00      0,00      0,00      0,00      0,00      0,00      0,00      0,00      0,00    100,00
18:30:33         10      0,00      0,00      0,00      0,00      0,00      0,00      0,00      0,00      0,00    100,00
18:30:33         11      1,01      0,00      0,00      0,00      0,00      0,00      0,00      0,00      0,00     98,99
18:30:33         12      0,50      0,00      0,00      0,00      0,00      0,00      0,00      0,00      0,00     99,50
18:30:33         13      0,50      0,00      0,50      0,00      0,00      0,00      0,00      0,00      0,00     99,00
18:30:33         14      0,50      0,00      0,00      0,00      0,00      0,00      0,00      0,00      0,00     99,50
18:30:33         15      0,00      0,00      0,50      0,00      0,00      0,00      0,00      0,00      0,00     99,50

18:30:31        IFACE   rxpck/s   txpck/s    rxkB/s    txkB/s   rxcmp/s   txcmp/s  rxmcst/s   %ifutil
18:30:33           lo      0,00      0,00      0,00      0,00      0,00      0,00      0,00      0,00
18:30:33         eno1      5,00      1,00      0,31      0,06      0,00      0,00      1,00      0,00
18:30:33         eno2      0,00      0,00      0,00      0,00      0,00      0,00      0,00      0,00
18:30:33      docker0      0,00      0,00      0,00      0,00      0,00      0,00      0,00      0,00
18:30:33      ens2np0 367369,50 367616,00  90407,34  90468,00      0,00      0,00      0,00      7,41
18:30:33      ens2np1      0,00      0,00      0,00      0,00      0,00      0,00      0,00      0,00

18:30:33        CPU      %usr     %nice      %sys   %iowait    %steal      %irq     %soft    %guest    %gnice     %idle
18:30:35        all      0,03      0,00      0,03      0,00      0,00      0,00      6,25      0,00      0,00     93,69
18:30:35          0      0,00      0,00      0,00      0,00      0,00      0,00    100,00      0,00      0,00      0,00
18:30:35          1      0,00      0,00      0,00      0,00      0,00      0,00      0,00      0,00      0,00    100,00
18:30:35          2      0,00      0,00      0,00      0,00      0,00      0,00      0,00      0,00      0,00    100,00
18:30:35          3      0,00      0,00      0,00      0,00      0,00      0,00      0,00      0,00      0,00    100,00
18:30:35          4      0,00      0,00      0,00      0,00      0,00      0,00      0,00      0,00      0,00    100,00
18:30:35          5      0,00      0,00      0,00      0,00      0,00      0,00      0,00      0,00      0,00    100,00
18:30:35          6      0,00      0,00      0,00      0,00      0,00      0,00      0,00      0,00      0,00    100,00
18:30:35          7      0,50      0,00      0,00      0,00      0,00      0,00      0,00      0,00      0,00     99,50
18:30:35          8      0,00      0,00      0,00      0,00      0,00      0,00      0,00      0,00      0,00    100,00
18:30:35          9      0,00      0,00      0,00      0,00      0,00      0,00      0,00      0,00      0,00    100,00
18:30:35         10      0,00      0,00      0,00      0,00      0,00      0,00      0,00      0,00      0,00    100,00
18:30:35         11      0,00      0,00      0,00      0,00      0,00      0,00      0,00      0,00      0,00    100,00
18:30:35         12      0,00      0,00      0,00      0,00      0,00      0,00      0,00      0,00      0,00    100,00
18:30:35         13      0,00      0,00      0,50      0,00      0,00      0,00      0,00      0,00      0,00     99,50
18:30:35         14      0,00      0,00      0,00      0,00      0,00      0,00      0,00      0,00      0,00    100,00
18:30:35         15      0,00      0,00      0,00      0,00      0,00      0,00      0,00      0,00      0,00    100,00

18:30:33        IFACE   rxpck/s   txpck/s    rxkB/s    txkB/s   rxcmp/s   txcmp/s  rxmcst/s   %ifutil
18:30:35           lo      0,00      0,00      0,00      0,00      0,00      0,00      0,00      0,00
18:30:35         eno1      5,00      0,00      0,31      0,00      0,00      0,00      1,00      0,00
18:30:35         eno2      0,00      0,00      0,00      0,00      0,00      0,00      0,00      0,00
18:30:35      docker0      0,00      0,00      0,00      0,00      0,00      0,00      0,00      0,00
18:30:35      ens2np0 367369,00 366592,00  90407,21  90216,00      0,00      0,00      0,00      7,41
18:30:35      ens2np1      0,00      0,00      0,00      0,00      0,00      0,00      0,00      0,00

18:30:35        CPU      %usr     %nice      %sys   %iowait    %steal      %irq     %soft    %guest    %gnice     %idle
18:30:37        all      0,00      0,00      0,03      0,00      0,00      0,00      6,28      0,00      0,00     93,69
18:30:37          0      0,00      0,00      0,00      0,00      0,00      0,00    100,00      0,00      0,00      0,00
18:30:37          1      0,00      0,00      0,00      0,00      0,00      0,00      0,00      0,00      0,00    100,00
18:30:37          2      0,00      0,00      0,00      0,00      0,00      0,00      0,00      0,00      0,00    100,00
18:30:37          3      0,00      0,00      0,00      0,00      0,00      0,00      0,00      0,00      0,00    100,00
18:30:37          4      0,00      0,00      0,00      0,00      0,00      0,00      0,00      0,00      0,00    100,00
18:30:37          5      0,00      0,00      0,00      0,00      0,00      0,00      0,00      0,00      0,00    100,00
18:30:37          6      0,00      0,00      0,00      0,00      0,00      0,00      0,00      0,00      0,00    100,00
18:30:37          7      0,00      0,00      0,00      0,00      0,00      0,00      0,00      0,00      0,00    100,00
18:30:37          8      0,00      0,00      0,00      0,00      0,00      0,00      0,00      0,00      0,00    100,00
18:30:37          9      0,00      0,00      0,00      0,00      0,00      0,00      0,00      0,00      0,00    100,00
18:30:37         10      0,00      0,00      0,00      0,00      0,00      0,00      0,00      0,00      0,00    100,00
18:30:37         11      0,00      0,00      0,00      0,00      0,00      0,00      0,00      0,00      0,00    100,00
18:30:37         12      0,00      0,00      0,00      0,00      0,00      0,00      0,00      0,00      0,00    100,00
18:30:37         13      0,00      0,00      0,50      0,00      0,00      0,00      0,00      0,00      0,00     99,50
18:30:37         14      0,00      0,00      0,00      0,00      0,00      0,00      0,00      0,00      0,00    100,00
18:30:37         15      0,00      0,00      0,00      0,00      0,00      0,00      0,00      0,00      0,00    100,00

18:30:35        IFACE   rxpck/s   txpck/s    rxkB/s    txkB/s   rxcmp/s   txcmp/s  rxmcst/s   %ifutil
18:30:37           lo      0,00      0,00      0,00      0,00      0,00      0,00      0,00      0,00
18:30:37         eno1      4,50      0,00      0,28      0,00      0,00      0,00      1,00      0,00
18:30:37         eno2      0,00      0,00      0,00      0,00      0,00      0,00      0,00      0,00
18:30:37      docker0      0,00      0,00      0,00      0,00      0,00      0,00      0,00      0,00
18:30:37      ens2np0 367674,50 367616,00  90482,40  90468,00      0,00      0,00      0,00      7,41
18:30:37      ens2np1      0,00      0,00      0,00      0,00      0,00      0,00      0,00      0,00

18:30:37        CPU      %usr     %nice      %sys   %iowait    %steal      %irq     %soft    %guest    %gnice     %idle
18:30:39        all      0,03      0,00      0,00      0,00      0,00      0,00      6,25      0,00      0,00     93,72
18:30:39          0      0,00      0,00      0,00      0,00      0,00      0,00    100,00      0,00      0,00      0,00
18:30:39          1      0,00      0,00      0,00      0,00      0,00      0,00      0,00      0,00      0,00    100,00
18:30:39          2      0,00      0,00      0,00      0,00      0,00      0,00      0,00      0,00      0,00    100,00
18:30:39          3      0,00      0,00      0,00      0,00      0,00      0,00      0,00      0,00      0,00    100,00
18:30:39          4      0,00      0,00      0,00      0,00      0,00      0,00      0,00      0,00      0,00    100,00
18:30:39          5      0,00      0,00      0,00      0,00      0,00      0,00      0,00      0,00      0,00    100,00
18:30:39          6      0,00      0,00      0,00      0,00      0,00      0,00      0,00      0,00      0,00    100,00
18:30:39          7      0,00      0,00      0,00      0,00      0,00      0,00      0,00      0,00      0,00    100,00
18:30:39          8      0,00      0,00      0,00      0,00      0,00      0,00      0,00      0,00      0,00    100,00
18:30:39          9      0,00      0,00      0,00      0,00      0,00      0,00      0,00      0,00      0,00    100,00
18:30:39         10      0,00      0,00      0,00      0,00      0,00      0,00      0,00      0,00      0,00    100,00
18:30:39         11      0,00      0,00      0,00      0,00      0,00      0,00      0,00      0,00      0,00    100,00
18:30:39         12      0,00      0,00      0,00      0,00      0,00      0,00      0,00      0,00      0,00    100,00
18:30:39         13      0,50      0,00      0,00      0,00      0,00      0,00      0,00      0,00      0,00     99,50
18:30:39         14      0,00      0,00      0,00      0,00      0,00      0,00      0,00      0,00      0,00    100,00
18:30:39         15      0,00      0,00      0,00      0,00      0,00      0,00      0,00      0,00      0,00    100,00

18:30:37        IFACE   rxpck/s   txpck/s    rxkB/s    txkB/s   rxcmp/s   txcmp/s  rxmcst/s   %ifutil
18:30:39           lo      0,00      0,00      0,00      0,00      0,00      0,00      0,00      0,00
18:30:39         eno1      8,00      0,00      0,50      0,00      0,00      0,00      1,00      0,00
18:30:39         eno2      0,00      0,00      0,00      0,00      0,00      0,00      0,00      0,00
18:30:39      docker0      0,00      0,00      0,00      0,00      0,00      0,00      0,00      0,00
18:30:39      ens2np0 367394,50 367616,00  90413,49  90468,00      0,00      0,00      0,00      7,41
18:30:39      ens2np1      0,00      0,00      0,00      0,00      0,00      0,00      0,00      0,00

18:30:39        CPU      %usr     %nice      %sys   %iowait    %steal      %irq     %soft    %guest    %gnice     %idle
18:30:41        all      0,00      0,00      0,00      0,00      0,00      0,00      6,25      0,00      0,00     93,75
18:30:41          0      0,00      0,00      0,00      0,00      0,00      0,00    100,00      0,00      0,00      0,00
18:30:41          1      0,00      0,00      0,00      0,00      0,00      0,00      0,00      0,00      0,00    100,00
18:30:41          2      0,00      0,00      0,00      0,00      0,00      0,00      0,00      0,00      0,00    100,00
18:30:41          3      0,00      0,00      0,00      0,00      0,00      0,00      0,00      0,00      0,00    100,00
18:30:41          4      0,00      0,00      0,00      0,00      0,00      0,00      0,00      0,00      0,00    100,00
18:30:41          5      0,00      0,00      0,00      0,00      0,00      0,00      0,00      0,00      0,00    100,00
18:30:41          6      0,00      0,00      0,00      0,00      0,00      0,00      0,00      0,00      0,00    100,00
18:30:41          7      0,00      0,00      0,00      0,00      0,00      0,00      0,00      0,00      0,00    100,00
18:30:41          8      0,00      0,00      0,00      0,00      0,00      0,00      0,00      0,00      0,00    100,00
18:30:41          9      0,00      0,00      0,00      0,00      0,00      0,00      0,00      0,00      0,00    100,00
18:30:41         10      0,00      0,00      0,00      0,00      0,00      0,00      0,00      0,00      0,00    100,00
18:30:41         11      0,00      0,00      0,00      0,00      0,00      0,00      0,00      0,00      0,00    100,00
18:30:41         12      0,00      0,00      0,00      0,00      0,00      0,00      0,00      0,00      0,00    100,00
18:30:41         13      0,00      0,00      0,00      0,00      0,00      0,00      0,00      0,00      0,00    100,00
18:30:41         14      0,00      0,00      0,00      0,00      0,00      0,00      0,00      0,00      0,00    100,00
18:30:41         15      0,00      0,00      0,00      0,00      0,00      0,00      0,00      0,00      0,00    100,00

18:30:39        IFACE   rxpck/s   txpck/s    rxkB/s    txkB/s   rxcmp/s   txcmp/s  rxmcst/s   %ifutil
18:30:41           lo      0,00      0,00      0,00      0,00      0,00      0,00      0,00      0,00
18:30:41         eno1      6,00      0,00      0,38      0,00      0,00      0,00      1,00      0,00
18:30:41         eno2      0,00      0,00      0,00      0,00      0,00      0,00      0,00      0,00
18:30:41      docker0      0,00      0,00      0,00      0,00      0,00      0,00      0,00      0,00
18:30:41      ens2np0 367391,50 367616,00  90412,75  90468,00      0,00      0,00      0,00      7,41
18:30:41      ens2np1      0,00      0,00      0,00      0,00      0,00      0,00      0,00      0,00

18:30:41        CPU      %usr     %nice      %sys   %iowait    %steal      %irq     %soft    %guest    %gnice     %idle
18:30:43        all      0,03      0,00      0,00      0,00      0,00      0,00      6,25      0,00      0,00     93,72
18:30:43          0      0,00      0,00      0,00      0,00      0,00      0,00    100,00      0,00      0,00      0,00
18:30:43          1      0,00      0,00      0,00      0,00      0,00      0,00      0,00      0,00      0,00    100,00
18:30:43          2      0,50      0,00      0,00      0,00      0,00      0,00      0,00      0,00      0,00     99,50
18:30:43          3      0,00      0,00      0,00      0,00      0,00      0,00      0,00      0,00      0,00    100,00
18:30:43          4      0,00      0,00      0,00      0,00      0,00      0,00      0,00      0,00      0,00    100,00
18:30:43          5      0,00      0,00      0,00      0,00      0,00      0,00      0,00      0,00      0,00    100,00
18:30:43          6      0,00      0,00      0,00      0,00      0,00      0,00      0,00      0,00      0,00    100,00
18:30:43          7      0,00      0,00      0,00      0,00      0,00      0,00      0,00      0,00      0,00    100,00
18:30:43          8      0,00      0,00      0,00      0,00      0,00      0,00      0,00      0,00      0,00    100,00
18:30:43          9      0,00      0,00      0,00      0,00      0,00      0,00      0,00      0,00      0,00    100,00
18:30:43         10      0,00      0,00      0,00      0,00      0,00      0,00      0,00      0,00      0,00    100,00
18:30:43         11      0,00      0,00      0,00      0,00      0,00      0,00      0,00      0,00      0,00    100,00
18:30:43         12      0,00      0,00      0,00      0,00      0,00      0,00      0,00      0,00      0,00    100,00
18:30:43         13      0,00      0,00      0,00      0,00      0,00      0,00      0,00      0,00      0,00    100,00
18:30:43         14      0,00      0,00      0,00      0,00      0,00      0,00      0,00      0,00      0,00    100,00
18:30:43         15      0,00      0,00      0,00      0,00      0,00      0,00      0,00      0,00      0,00    100,00

18:30:41        IFACE   rxpck/s   txpck/s    rxkB/s    txkB/s   rxcmp/s   txcmp/s  rxmcst/s   %ifutil
18:30:43           lo      0,00      0,00      0,00      0,00      0,00      0,00      0,00      0,00
18:30:43         eno1      4,50      0,50      0,28      0,03      0,00      0,00      1,00      0,00
18:30:43         eno2      0,00      0,00      0,00      0,00      0,00      0,00      0,00      0,00
18:30:43      docker0      0,00      0,00      0,00      0,00      0,00      0,00      0,00      0,00
18:30:43      ens2np0 367377,00 367616,00  90409,18  90468,00      0,00      0,00      0,00      7,41
18:30:43      ens2np1      0,00      0,00      0,00      0,00      0,00      0,00      0,00      0,00

18:30:43        CPU      %usr     %nice      %sys   %iowait    %steal      %irq     %soft    %guest    %gnice     %idle
18:30:45        all      0,47      0,00      0,09      0,00      0,00      0,00      6,25      0,00      0,00     93,18
18:30:45          0      0,00      0,00      0,00      0,00      0,00      0,00    100,00      0,00      0,00      0,00
18:30:45          1      0,00      0,00      0,00      0,00      0,00      0,00      0,00      0,00      0,00    100,00
18:30:45          2      0,00      0,00      0,00      0,00      0,00      0,00      0,00      0,00      0,00    100,00
18:30:45          3      0,50      0,00      0,00      0,00      0,00      0,00      0,00      0,00      0,00     99,50
18:30:45          4      0,50      0,00      0,00      0,00      0,00      0,00      0,00      0,00      0,00     99,50
18:30:45          5      1,00      0,00      0,00      0,00      0,00      0,00      0,00      0,00      0,00     99,00
18:30:45          6      1,01      0,00      0,00      0,00      0,00      0,00      0,00      0,00      0,00     98,99
18:30:45          7      0,00      0,00      0,50      0,00      0,00      0,00      0,00      0,00      0,00     99,50
18:30:45          8      0,50      0,00      0,00      0,00      0,00      0,00      0,00      0,00      0,00     99,50
18:30:45          9      0,00      0,00      0,00      0,00      0,00      0,00      0,00      0,00      0,00    100,00
18:30:45         10      0,50      0,00      0,00      0,00      0,00      0,00      0,00      0,00      0,00     99,50
18:30:45         11      0,50      0,00      0,00      0,00      0,00      0,00      0,00      0,00      0,00     99,50
18:30:45         12      0,00      0,00      0,50      0,00      0,00      0,00      0,00      0,00      0,00     99,50
18:30:45         13      1,01      0,00      0,00      0,00      0,00      0,00      0,00      0,00      0,00     98,99
18:30:45         14      1,00      0,00      0,00      0,00      0,00      0,00      0,00      0,00      0,00     99,00
18:30:45         15      1,00      0,00      0,50      0,00      0,00      0,00      0,00      0,00      0,00     98,50

18:30:43        IFACE   rxpck/s   txpck/s    rxkB/s    txkB/s   rxcmp/s   txcmp/s  rxmcst/s   %ifutil
18:30:45           lo      0,00      0,00      0,00      0,00      0,00      0,00      0,00      0,00
18:30:45         eno1      6,00      0,00      0,38      0,00      0,00      0,00      1,00      0,00
18:30:45         eno2      0,00      0,00      0,00      0,00      0,00      0,00      0,00      0,00
18:30:45      docker0      0,00      0,00      0,00      0,00      0,00      0,00      0,00      0,00
18:30:45      ens2np0 367111,50 366592,00  90343,85  90216,00      0,00      0,00      0,00      7,40
18:30:45      ens2np1      0,00      0,00      0,00      0,00      0,00      0,00      0,00      0,00

18:30:45        CPU      %usr     %nice      %sys   %iowait    %steal      %irq     %soft    %guest    %gnice     %idle
18:30:47        all      0,00      0,00      0,00      0,00      0,00      0,00      6,25      0,00      0,00     93,75
18:30:47          0      0,00      0,00      0,00      0,00      0,00      0,00    100,00      0,00      0,00      0,00
18:30:47          1      0,00      0,00      0,00      0,00      0,00      0,00      0,00      0,00      0,00    100,00
18:30:47          2      0,00      0,00      0,00      0,00      0,00      0,00      0,00      0,00      0,00    100,00
18:30:47          3      0,00      0,00      0,00      0,00      0,00      0,00      0,00      0,00      0,00    100,00
18:30:47          4      0,00      0,00      0,00      0,00      0,00      0,00      0,00      0,00      0,00    100,00
18:30:47          5      0,00      0,00      0,00      0,00      0,00      0,00      0,00      0,00      0,00    100,00
18:30:47          6      0,00      0,00      0,00      0,00      0,00      0,00      0,00      0,00      0,00    100,00
18:30:47          7      0,00      0,00      0,00      0,00      0,00      0,00      0,00      0,00      0,00    100,00
18:30:47          8      0,00      0,00      0,00      0,00      0,00      0,00      0,00      0,00      0,00    100,00
18:30:47          9      0,00      0,00      0,00      0,00      0,00      0,00      0,00      0,00      0,00    100,00
18:30:47         10      0,00      0,00      0,00      0,00      0,00      0,00      0,00      0,00      0,00    100,00
18:30:47         11      0,00      0,00      0,00      0,00      0,00      0,00      0,00      0,00      0,00    100,00
18:30:47         12      0,00      0,00      0,00      0,00      0,00      0,00      0,00      0,00      0,00    100,00
18:30:47         13      0,00      0,00      0,00      0,00      0,00      0,00      0,00      0,00      0,00    100,00
18:30:47         14      0,00      0,00      0,00      0,00      0,00      0,00      0,00      0,00      0,00    100,00
18:30:47         15      0,00      0,00      0,00      0,00      0,00      0,00      0,00      0,00      0,00    100,00

18:30:45        IFACE   rxpck/s   txpck/s    rxkB/s    txkB/s   rxcmp/s   txcmp/s  rxmcst/s   %ifutil
18:30:47           lo      0,00      0,00      0,00      0,00      0,00      0,00      0,00      0,00
18:30:47         eno1      4,00      0,00      0,25      0,00      0,00      0,00      1,00      0,00
18:30:47         eno2      0,00      0,00      0,00      0,00      0,00      0,00      0,00      0,00
18:30:47      docker0      0,00      0,00      0,00      0,00      0,00      0,00      0,00      0,00
18:30:47      ens2np0 367390,50 367616,00  90412,51  90468,00      0,00      0,00      0,00      7,41
18:30:47      ens2np1      0,00      0,00      0,00      0,00      0,00      0,00      0,00      0,00

18:30:47        CPU      %usr     %nice      %sys   %iowait    %steal      %irq     %soft    %guest    %gnice     %idle
18:30:49        all      0,00      0,00      0,03      0,00      0,00      0,00      6,25      0,00      0,00     93,72
18:30:49          0      0,00      0,00      0,00      0,00      0,00      0,00    100,00      0,00      0,00      0,00
18:30:49          1      0,00      0,00      0,50      0,00      0,00      0,00      0,00      0,00      0,00     99,50
18:30:49          2      0,00      0,00      0,00      0,00      0,00      0,00      0,00      0,00      0,00    100,00
18:30:49          3      0,00      0,00      0,00      0,00      0,00      0,00      0,00      0,00      0,00    100,00
18:30:49          4      0,00      0,00      0,00      0,00      0,00      0,00      0,00      0,00      0,00    100,00
18:30:49          5      0,00      0,00      0,00      0,00      0,00      0,00      0,00      0,00      0,00    100,00
18:30:49          6      0,00      0,00      0,00      0,00      0,00      0,00      0,00      0,00      0,00    100,00
18:30:49          7      0,00      0,00      0,00      0,00      0,00      0,00      0,00      0,00      0,00    100,00
18:30:49          8      0,00      0,00      0,00      0,00      0,00      0,00      0,00      0,00      0,00    100,00
18:30:49          9      0,00      0,00      0,00      0,00      0,00      0,00      0,00      0,00      0,00    100,00
18:30:49         10      0,00      0,00      0,00      0,00      0,00      0,00      0,00      0,00      0,00    100,00
18:30:49         11      0,00      0,00      0,00      0,00      0,00      0,00      0,00      0,00      0,00    100,00
18:30:49         12      0,00      0,00      0,00      0,00      0,00      0,00      0,00      0,00      0,00    100,00
18:30:49         13      0,00      0,00      0,00      0,00      0,00      0,00      0,00      0,00      0,00    100,00
18:30:49         14      0,00      0,00      0,00      0,00      0,00      0,00      0,00      0,00      0,00    100,00
18:30:49         15      0,00      0,00      0,00      0,00      0,00      0,00      0,00      0,00      0,00    100,00

18:30:47        IFACE   rxpck/s   txpck/s    rxkB/s    txkB/s   rxcmp/s   txcmp/s  rxmcst/s   %ifutil
18:30:49           lo      0,00      0,00      0,00      0,00      0,00      0,00      0,00      0,00
18:30:49         eno1      6,00      0,00      0,38      0,00      0,00      0,00      1,50      0,00
18:30:49         eno2      0,00      0,00      0,00      0,00      0,00      0,00      0,00      0,00
18:30:49      docker0      0,00      0,00      0,00      0,00      0,00      0,00      0,00      0,00
18:30:49      ens2np0 367242,50 367616,00  90376,08  90468,00      0,00      0,00      0,00      7,41
18:30:49      ens2np1      0,00      0,00      0,00      0,00      0,00      0,00      0,00      0,00

18:30:49        CPU      %usr     %nice      %sys   %iowait    %steal      %irq     %soft    %guest    %gnice     %idle
18:30:51        all      0,00      0,00      0,00      0,00      0,00      0,00      6,25      0,00      0,00     93,75
18:30:51          0      0,00      0,00      0,00      0,00      0,00      0,00    100,00      0,00      0,00      0,00
18:30:51          1      0,00      0,00      0,00      0,00      0,00      0,00      0,00      0,00      0,00    100,00
18:30:51          2      0,00      0,00      0,00      0,00      0,00      0,00      0,00      0,00      0,00    100,00
18:30:51          3      0,00      0,00      0,00      0,00      0,00      0,00      0,00      0,00      0,00    100,00
18:30:51          4      0,00      0,00      0,00      0,00      0,00      0,00      0,00      0,00      0,00    100,00
18:30:51          5      0,00      0,00      0,00      0,00      0,00      0,00      0,00      0,00      0,00    100,00
18:30:51          6      0,00      0,00      0,00      0,00      0,00      0,00      0,00      0,00      0,00    100,00
18:30:51          7      0,00      0,00      0,00      0,00      0,00      0,00      0,00      0,00      0,00    100,00
18:30:51          8      0,00      0,00      0,00      0,00      0,00      0,00      0,00      0,00      0,00    100,00
18:30:51          9      0,00      0,00      0,00      0,00      0,00      0,00      0,00      0,00      0,00    100,00
18:30:51         10      0,00      0,00      0,00      0,00      0,00      0,00      0,00      0,00      0,00    100,00
18:30:51         11      0,00      0,00      0,00      0,00      0,00      0,00      0,00      0,00      0,00    100,00
18:30:51         12      0,00      0,00      0,00      0,00      0,00      0,00      0,00      0,00      0,00    100,00
18:30:51         13      0,00      0,00      0,00      0,00      0,00      0,00      0,00      0,00      0,00    100,00
18:30:51         14      0,00      0,00      0,00      0,00      0,00      0,00      0,00      0,00      0,00    100,00
18:30:51         15      0,00      0,00      0,00      0,00      0,00      0,00      0,00      0,00      0,00    100,00

18:30:49        IFACE   rxpck/s   txpck/s    rxkB/s    txkB/s   rxcmp/s   txcmp/s  rxmcst/s   %ifutil
18:30:51           lo      0,00      0,00      0,00      0,00      0,00      0,00      0,00      0,00
18:30:51         eno1      5,50      0,00      0,35      0,00      0,00      0,00      1,00      0,00
18:30:51         eno2      0,00      0,00      0,00      0,00      0,00      0,00      0,00      0,00
18:30:51      docker0      0,00      0,00      0,00      0,00      0,00      0,00      0,00      0,00
18:30:51      ens2np0 367239,00 366592,00  90375,22  90216,00      0,00      0,00      0,00      7,40
18:30:51      ens2np1      0,00      0,00      0,00      0,00      0,00      0,00      0,00      0,00

18:30:51        CPU      %usr     %nice      %sys   %iowait    %steal      %irq     %soft    %guest    %gnice     %idle
18:30:53        all      0,00      0,00      0,00      0,03      0,00      0,00      6,25      0,00      0,00     93,71
18:30:53          0      0,00      0,00      0,00      0,00      0,00      0,00    100,00      0,00      0,00      0,00
18:30:53          1      0,00      0,00      0,00      0,00      0,00      0,00      0,00      0,00      0,00    100,00
18:30:53          2      0,00      0,00      0,00      0,00      0,00      0,00      0,00      0,00      0,00    100,00
18:30:53          3      0,00      0,00      0,00      0,00      0,00      0,00      0,00      0,00      0,00    100,00
18:30:53          4      0,00      0,00      0,00      0,00      0,00      0,00      0,00      0,00      0,00    100,00
18:30:53          5      0,00      0,00      0,00      0,00      0,00      0,00      0,00      0,00      0,00    100,00
18:30:53          6      0,00      0,00      0,00      0,00      0,00      0,00      0,00      0,00      0,00    100,00
18:30:53          7      0,00      0,00      0,00      0,00      0,00      0,00      0,00      0,00      0,00    100,00
18:30:53          8      0,00      0,00      0,00      0,00      0,00      0,00      0,00      0,00      0,00    100,00
18:30:53          9      0,00      0,00      0,00      0,00      0,00      0,00      0,00      0,00      0,00    100,00
18:30:53         10      0,00      0,00      0,00      0,00      0,00      0,00      0,00      0,00      0,00    100,00
18:30:53         11      0,00      0,00      0,00      0,00      0,00      0,00      0,00      0,00      0,00    100,00
18:30:53         12      0,00      0,00      0,00      0,00      0,00      0,00      0,00      0,00      0,00    100,00
18:30:53         13      0,00      0,00      0,00      0,00      0,00      0,00      0,00      0,00      0,00    100,00
18:30:53         14      0,00      0,00      0,00      0,50      0,00      0,00      0,00      0,00      0,00     99,50
18:30:53         15      0,00      0,00      0,00      0,00      0,00      0,00      0,00      0,00      0,00    100,00

18:30:51        IFACE   rxpck/s   txpck/s    rxkB/s    txkB/s   rxcmp/s   txcmp/s  rxmcst/s   %ifutil
18:30:53           lo      0,00      0,00      0,00      0,00      0,00      0,00      0,00      0,00
18:30:53         eno1      4,50      0,00      0,28      0,00      0,00      0,00      1,00      0,00
18:30:53         eno2      0,00      0,00      0,00      0,00      0,00      0,00      0,00      0,00
18:30:53      docker0      0,00      0,00      0,00      0,00      0,00      0,00      0,00      0,00
18:30:53      ens2np0 367574,50 367616,00  90457,79  90468,00      0,00      0,00      0,00      7,41
18:30:53      ens2np1      0,00      0,00      0,00      0,00      0,00      0,00      0,00      0,00

18:30:53        CPU      %usr     %nice      %sys   %iowait    %steal      %irq     %soft    %guest    %gnice     %idle
18:30:55        all      0,34      0,00      0,16      0,00      0,00      0,00      6,26      0,00      0,00     93,24
18:30:55          0      0,00      0,00      0,00      0,00      0,00      0,00    100,00      0,00      0,00      0,00
18:30:55          1      0,50      0,00      0,00      0,00      0,00      0,00      0,00      0,00      0,00     99,50
18:30:55          2      0,00      0,00      0,00      0,00      0,00      0,00      0,00      0,00      0,00    100,00
18:30:55          3      0,00      0,00      0,50      0,00      0,00      0,00      0,00      0,00      0,00     99,50
18:30:55          4      0,00      0,00      0,00      0,00      0,00      0,00      0,00      0,00      0,00    100,00
18:30:55          5      1,01      0,00      1,01      0,00      0,00      0,00      0,00      0,00      0,00     97,99
18:30:55          6      0,50      0,00      0,00      0,00      0,00      0,00      0,00      0,00      0,00     99,50
18:30:55          7      0,00      0,00      0,00      0,00      0,00      0,00      0,00      0,00      0,00    100,00
18:30:55          8      0,00      0,00      0,00      0,00      0,00      0,00      0,00      0,00      0,00    100,00
18:30:55          9      0,50      0,00      0,00      0,00      0,00      0,00      0,00      0,00      0,00     99,50
18:30:55         10      0,50      0,00      0,00      0,00      0,00      0,00      0,00      0,00      0,00     99,50
18:30:55         11      0,50      0,00      0,00      0,00      0,00      0,00      0,00      0,00      0,00     99,50
18:30:55         12      0,50      0,00      0,50      0,00      0,00      0,00      0,00      0,00      0,00     99,00
18:30:55         13      0,50      0,00      0,00      0,00      0,00      0,00      0,00      0,00      0,00     99,50
18:30:55         14      0,00      0,00      0,50      0,00      0,00      0,00      0,00      0,00      0,00     99,50
18:30:55         15      1,00      0,00      0,00      0,00      0,00      0,00      0,00      0,00      0,00     99,00

18:30:53        IFACE   rxpck/s   txpck/s    rxkB/s    txkB/s   rxcmp/s   txcmp/s  rxmcst/s   %ifutil
18:30:55           lo      0,00      0,00      0,00      0,00      0,00      0,00      0,00      0,00
18:30:55         eno1      7,50      0,00      0,47      0,00      0,00      0,00      1,50      0,00
18:30:55         eno2      0,00      0,00      0,00      0,00      0,00      0,00      0,00      0,00
18:30:55      docker0      0,00      0,00      0,00      0,00      0,00      0,00      0,00      0,00
18:30:55      ens2np0 367072,50 367616,00  90334,25  90468,00      0,00      0,00      0,00      7,41
18:30:55      ens2np1      0,00      0,00      0,00      0,00      0,00      0,00      0,00      0,00

18:30:55        CPU      %usr     %nice      %sys   %iowait    %steal      %irq     %soft    %guest    %gnice     %idle
18:30:57        all      0,00      0,00      0,00      0,03      0,00      0,00      6,25      0,00      0,00     93,72
18:30:57          0      0,00      0,00      0,00      0,00      0,00      0,00    100,00      0,00      0,00      0,00
18:30:57          1      0,00      0,00      0,00      0,00      0,00      0,00      0,00      0,00      0,00    100,00
18:30:57          2      0,00      0,00      0,00      0,00      0,00      0,00      0,00      0,00      0,00    100,00
18:30:57          3      0,00      0,00      0,00      0,00      0,00      0,00      0,00      0,00      0,00    100,00
18:30:57          4      0,00      0,00      0,00      0,00      0,00      0,00      0,00      0,00      0,00    100,00
18:30:57          5      0,00      0,00      0,00      0,00      0,00      0,00      0,00      0,00      0,00    100,00
18:30:57          6      0,00      0,00      0,00      0,00      0,00      0,00      0,00      0,00      0,00    100,00
18:30:57          7      0,00      0,00      0,00      0,00      0,00      0,00      0,00      0,00      0,00    100,00
18:30:57          8      0,00      0,00      0,00      0,00      0,00      0,00      0,00      0,00      0,00    100,00
18:30:57          9      0,00      0,00      0,00      0,00      0,00      0,00      0,00      0,00      0,00    100,00
18:30:57         10      0,00      0,00      0,00      0,00      0,00      0,00      0,00      0,00      0,00    100,00
18:30:57         11      0,00      0,00      0,00      0,00      0,00      0,00      0,00      0,00      0,00    100,00
18:30:57         12      0,00      0,00      0,00      0,00      0,00      0,00      0,00      0,00      0,00    100,00
18:30:57         13      0,00      0,00      0,00      0,00      0,00      0,00      0,00      0,00      0,00    100,00
18:30:57         14      0,00      0,00      0,00      0,50      0,00      0,00      0,00      0,00      0,00     99,50
18:30:57         15      0,00      0,00      0,00      0,00      0,00      0,00      0,00      0,00      0,00    100,00

18:30:55        IFACE   rxpck/s   txpck/s    rxkB/s    txkB/s   rxcmp/s   txcmp/s  rxmcst/s   %ifutil
18:30:57           lo      0,00      0,00      0,00      0,00      0,00      0,00      0,00      0,00
18:30:57         eno1      3,50      0,00      0,22      0,00      0,00      0,00      1,00      0,00
18:30:57         eno2      0,00      0,00      0,00      0,00      0,00      0,00      0,00      0,00
18:30:57      docker0      0,00      0,00      0,00      0,00      0,00      0,00      0,00      0,00
18:30:57      ens2np0 367501,50 367616,00  90439,82  90468,00      0,00      0,00      0,00      7,41
18:30:57      ens2np1      0,00      0,00      0,00      0,00      0,00      0,00      0,00      0,00

18:30:57        CPU      %usr     %nice      %sys   %iowait    %steal      %irq     %soft    %guest    %gnice     %idle
18:30:59        all      0,00      0,00      0,00      0,00      0,00      0,00      6,25      0,00      0,00     93,75
18:30:59          0      0,00      0,00      0,00      0,00      0,00      0,00    100,00      0,00      0,00      0,00
18:30:59          1      0,00      0,00      0,00      0,00      0,00      0,00      0,00      0,00      0,00    100,00
18:30:59          2      0,00      0,00      0,00      0,00      0,00      0,00      0,00      0,00      0,00    100,00
18:30:59          3      0,00      0,00      0,00      0,00      0,00      0,00      0,00      0,00      0,00    100,00
18:30:59          4      0,00      0,00      0,00      0,00      0,00      0,00      0,00      0,00      0,00    100,00
18:30:59          5      0,00      0,00      0,00      0,00      0,00      0,00      0,00      0,00      0,00    100,00
18:30:59          6      0,00      0,00      0,00      0,00      0,00      0,00      0,00      0,00      0,00    100,00
18:30:59          7      0,00      0,00      0,00      0,00      0,00      0,00      0,00      0,00      0,00    100,00
18:30:59          8      0,00      0,00      0,00      0,00      0,00      0,00      0,00      0,00      0,00    100,00
18:30:59          9      0,00      0,00      0,00      0,00      0,00      0,00      0,00      0,00      0,00    100,00
18:30:59         10      0,00      0,00      0,00      0,00      0,00      0,00      0,00      0,00      0,00    100,00
18:30:59         11      0,00      0,00      0,00      0,00      0,00      0,00      0,00      0,00      0,00    100,00
18:30:59         12      0,00      0,00      0,00      0,00      0,00      0,00      0,00      0,00      0,00    100,00
18:30:59         13      0,00      0,00      0,00      0,00      0,00      0,00      0,00      0,00      0,00    100,00
18:30:59         14      0,00      0,00      0,00      0,00      0,00      0,00      0,00      0,00      0,00    100,00
18:30:59         15      0,00      0,00      0,00      0,00      0,00      0,00      0,00      0,00      0,00    100,00

18:30:57        IFACE   rxpck/s   txpck/s    rxkB/s    txkB/s   rxcmp/s   txcmp/s  rxmcst/s   %ifutil
18:30:59           lo      0,00      0,00      0,00      0,00      0,00      0,00      0,00      0,00
18:30:59         eno1      6,50      0,00      0,41      0,00      0,00      0,00      1,00      0,00
18:30:59         eno2      0,00      0,00      0,00      0,00      0,00      0,00      0,00      0,00
18:30:59      docker0      0,00      0,00      0,00      0,00      0,00      0,00      0,00      0,00
18:30:59      ens2np0 367614,50 367616,00  90467,63  90468,00      0,00      0,00      0,00      7,41
18:30:59      ens2np1      0,00      0,00      0,00      0,00      0,00      0,00      0,00      0,00

18:30:59        CPU      %usr     %nice      %sys   %iowait    %steal      %irq     %soft    %guest    %gnice     %idle
18:31:01        all      0,06      0,00      0,00      0,00      0,00      0,00      6,25      0,00      0,00     93,69
18:31:01          0      0,00      0,00      0,00      0,00      0,00      0,00    100,00      0,00      0,00      0,00
18:31:01          1      0,00      0,00      0,00      0,00      0,00      0,00      0,00      0,00      0,00    100,00
18:31:01          2      0,00      0,00      0,00      0,00      0,00      0,00      0,00      0,00      0,00    100,00
18:31:01          3      0,50      0,00      0,00      0,00      0,00      0,00      0,00      0,00      0,00     99,50
18:31:01          4      0,50      0,00      0,00      0,00      0,00      0,00      0,00      0,00      0,00     99,50
18:31:01          5      0,00      0,00      0,00      0,00      0,00      0,00      0,00      0,00      0,00    100,00
18:31:01          6      0,00      0,00      0,00      0,00      0,00      0,00      0,00      0,00      0,00    100,00
18:31:01          7      0,00      0,00      0,00      0,00      0,00      0,00      0,00      0,00      0,00    100,00
18:31:01          8      0,00      0,00      0,00      0,00      0,00      0,00      0,00      0,00      0,00    100,00
18:31:01          9      0,00      0,00      0,00      0,00      0,00      0,00      0,00      0,00      0,00    100,00
18:31:01         10      0,00      0,00      0,00      0,00      0,00      0,00      0,00      0,00      0,00    100,00
18:31:01         11      0,00      0,00      0,00      0,00      0,00      0,00      0,00      0,00      0,00    100,00
18:31:01         12      0,00      0,00      0,00      0,00      0,00      0,00      0,00      0,00      0,00    100,00
18:31:01         13      0,00      0,00      0,00      0,00      0,00      0,00      0,00      0,00      0,00    100,00
18:31:01         14      0,00      0,00      0,00      0,00      0,00      0,00      0,00      0,00      0,00    100,00
18:31:01         15      0,00      0,00      0,00      0,00      0,00      0,00      0,00      0,00      0,00    100,00

18:30:59        IFACE   rxpck/s   txpck/s    rxkB/s    txkB/s   rxcmp/s   txcmp/s  rxmcst/s   %ifutil
18:31:01           lo      0,00      0,00      0,00      0,00      0,00      0,00      0,00      0,00
18:31:01         eno1      4,50      0,50      0,30      0,05      0,00      0,00      1,00      0,00
18:31:01         eno2      0,00      0,00      0,00      0,00      0,00      0,00      0,00      0,00
18:31:01      docker0      0,00      0,00      0,00      0,00      0,00      0,00      0,00      0,00
18:31:01      ens2np0 367106,00 366592,00  90342,49  90216,00      0,00      0,00      0,00      7,40
18:31:01      ens2np1      0,00      0,00      0,00      0,00      0,00      0,00      0,00      0,00

Average:        CPU      %usr     %nice      %sys   %iowait    %steal      %irq     %soft    %guest    %gnice     %idle
Average:        all      0,09      0,00      0,04      0,00      0,00      0,00      4,90      0,00      0,00     94,97
Average:          0      0,02      0,00      0,00      0,00      0,00      0,00     78,40      0,00      0,00     21,58
Average:          1      0,06      0,00      0,04      0,00      0,00      0,00      0,02      0,00      0,00     99,88
Average:          2      0,04      0,00      0,04      0,00      0,00      0,00      0,00      0,00      0,00     99,92
Average:          3      0,06      0,00      0,02      0,00      0,00      0,00      0,00      0,00      0,00     99,92
Average:          4      0,08      0,00      0,00      0,00      0,00      0,00      0,00      0,00      0,00     99,92
Average:          5      0,18      0,00      0,04      0,00      0,00      0,00      0,00      0,00      0,00     99,78
Average:          6      0,08      0,00      0,02      0,00      0,00      0,00      0,00      0,00      0,00     99,90
Average:          7      0,02      0,00      0,02      0,00      0,00      0,00      0,00      0,00      0,00     99,96
Average:          8      0,04      0,00      0,00      0,00      0,00      0,00      0,00      0,00      0,00     99,96
Average:          9      0,06      0,00      0,02      0,00      0,00      0,00      0,00      0,00      0,00     99,92
Average:         10      0,08      0,00      0,02      0,00      0,00      0,00      0,00      0,00      0,00     99,90
Average:         11      0,14      0,00      0,02      0,00      0,00      0,00      0,00      0,00      0,00     99,84
Average:         12      0,08      0,00      0,06      0,00      0,00      0,00      0,00      0,00      0,00     99,86
Average:         13      0,20      0,00      0,18      0,00      0,00      0,00      0,00      0,00      0,00     99,62
Average:         14      0,10      0,00      0,06      0,04      0,00      0,00      0,00      0,00      0,00     99,80
Average:         15      0,16      0,00      0,06      0,00      0,00      0,00      0,00      0,00      0,00     99,78

Average:        IFACE   rxpck/s   txpck/s    rxkB/s    txkB/s   rxcmp/s   txcmp/s  rxmcst/s   %ifutil
Average:           lo      0,00      0,00      0,00      0,00      0,00      0,00      0,00      0,00
Average:         eno1      5,82      0,82      0,47      0,14      0,00      0,00      1,04      0,00
Average:         eno2      0,00      0,00      0,00      0,00      0,00      0,00      0,00      0,00
Average:      docker0      0,00      0,00      0,00      0,00      0,00      0,00      0,00      0,00
Average:      ens2np0 287891,48 287825,92  70848,29  70832,16      0,00      0,00      0,00      5,80
Average:      ens2np1      0,00      0,00      0,00      0,00      0,00      0,00      0,00      0,00
