Linux 5.13.0-52-generic (w1) 	15/07/2022 	_x86_64_	(16 CPU)

23:15:46        CPU      %usr     %nice      %sys   %iowait    %steal      %irq     %soft    %guest    %gnice     %idle
23:15:48        all      0,03      0,00      0,00      0,00      0,00      0,00      0,00      0,00      0,00     99,97
23:15:48          0      0,00      0,00      0,00      0,00      0,00      0,00      0,00      0,00      0,00    100,00
23:15:48          1      0,00      0,00      0,00      0,00      0,00      0,00      0,00      0,00      0,00    100,00
23:15:48          2      0,00      0,00      0,00      0,00      0,00      0,00      0,00      0,00      0,00    100,00
23:15:48          3      0,50      0,00      0,00      0,00      0,00      0,00      0,00      0,00      0,00     99,50
23:15:48          4      0,00      0,00      0,00      0,00      0,00      0,00      0,00      0,00      0,00    100,00
23:15:48          5      0,00      0,00      0,00      0,00      0,00      0,00      0,00      0,00      0,00    100,00
23:15:48          6      0,00      0,00      0,00      0,00      0,00      0,00      0,00      0,00      0,00    100,00
23:15:48          7      0,00      0,00      0,00      0,00      0,00      0,00      0,00      0,00      0,00    100,00
23:15:48          8      0,00      0,00      0,00      0,00      0,00      0,00      0,00      0,00      0,00    100,00
23:15:48          9      0,00      0,00      0,00      0,00      0,00      0,00      0,00      0,00      0,00    100,00
23:15:48         10      0,00      0,00      0,00      0,00      0,00      0,00      0,00      0,00      0,00    100,00
23:15:48         11      0,00      0,00      0,00      0,00      0,00      0,00      0,00      0,00      0,00    100,00
23:15:48         12      0,00      0,00      0,00      0,00      0,00      0,00      0,00      0,00      0,00    100,00
23:15:48         13      0,00      0,00      0,00      0,00      0,00      0,00      0,00      0,00      0,00    100,00
23:15:48         14      0,00      0,00      0,00      0,00      0,00      0,00      0,00      0,00      0,00    100,00
23:15:48         15      0,00      0,00      0,00      0,00      0,00      0,00      0,00      0,00      0,00    100,00

23:15:46        IFACE   rxpck/s   txpck/s    rxkB/s    txkB/s   rxcmp/s   txcmp/s  rxmcst/s   %ifutil
23:15:48           lo      0,00      0,00      0,00      0,00      0,00      0,00      0,00      0,00
23:15:48         eno1     19,00     16,00      3,52      3,18      0,00      0,00      1,00      0,00
23:15:48         eno2      0,00      0,00      0,00      0,00      0,00      0,00      0,00      0,00
23:15:48      docker0      0,00      0,00      0,00      0,00      0,00      0,00      0,00      0,00
23:15:48      ens2np0      0,00      0,00      0,00      0,00      0,00      0,00      0,00      0,00
23:15:48      ens2np1      0,00      0,00      0,00      0,00      0,00      0,00      0,00      0,00

23:15:48        CPU      %usr     %nice      %sys   %iowait    %steal      %irq     %soft    %guest    %gnice     %idle
23:15:50        all      0,03      0,00      0,00      0,00      0,00      0,00      0,00      0,00      0,00     99,97
23:15:50          0      0,00      0,00      0,00      0,00      0,00      0,00      0,00      0,00      0,00    100,00
23:15:50          1      0,00      0,00      0,00      0,00      0,00      0,00      0,00      0,00      0,00    100,00
23:15:50          2      0,00      0,00      0,00      0,00      0,00      0,00      0,00      0,00      0,00    100,00
23:15:50          3      0,00      0,00      0,00      0,00      0,00      0,00      0,00      0,00      0,00    100,00
23:15:50          4      0,00      0,00      0,00      0,00      0,00      0,00      0,00      0,00      0,00    100,00
23:15:50          5      0,00      0,00      0,00      0,00      0,00      0,00      0,00      0,00      0,00    100,00
23:15:50          6      0,00      0,00      0,00      0,00      0,00      0,00      0,00      0,00      0,00    100,00
23:15:50          7      0,00      0,00      0,00      0,00      0,00      0,00      0,00      0,00      0,00    100,00
23:15:50          8      0,00      0,00      0,00      0,00      0,00      0,00      0,00      0,00      0,00    100,00
23:15:50          9      0,00      0,00      0,00      0,00      0,00      0,00      0,00      0,00      0,00    100,00
23:15:50         10      0,00      0,00      0,00      0,00      0,00      0,00      0,00      0,00      0,00    100,00
23:15:50         11      0,00      0,00      0,00      0,00      0,00      0,00      0,00      0,00      0,00    100,00
23:15:50         12      0,00      0,00      0,00      0,00      0,00      0,00      0,00      0,00      0,00    100,00
23:15:50         13      0,00      0,00      0,00      0,00      0,00      0,00      0,00      0,00      0,00    100,00
23:15:50         14      0,50      0,00      0,00      0,00      0,00      0,00      0,00      0,00      0,00     99,50
23:15:50         15      0,00      0,00      0,00      0,00      0,00      0,00      0,00      0,00      0,00    100,00

23:15:48        IFACE   rxpck/s   txpck/s    rxkB/s    txkB/s   rxcmp/s   txcmp/s  rxmcst/s   %ifutil
23:15:50           lo      0,00      0,00      0,00      0,00      0,00      0,00      0,00      0,00
23:15:50         eno1      3,00      0,00      0,19      0,00      0,00      0,00      1,00      0,00
23:15:50         eno2      0,00      0,00      0,00      0,00      0,00      0,00      0,00      0,00
23:15:50      docker0      0,00      0,00      0,00      0,00      0,00      0,00      0,00      0,00
23:15:50      ens2np0      0,00      0,00      0,00      0,00      0,00      0,00      0,00      0,00
23:15:50      ens2np1      0,00      0,00      0,00      0,00      0,00      0,00      0,00      0,00

23:15:50        CPU      %usr     %nice      %sys   %iowait    %steal      %irq     %soft    %guest    %gnice     %idle
23:15:52        all      0,03      0,00      0,00      0,00      0,00      0,00      0,00      0,00      0,00     99,97
23:15:52          0      0,00      0,00      0,00      0,00      0,00      0,00      0,00      0,00      0,00    100,00
23:15:52          1      0,00      0,00      0,00      0,00      0,00      0,00      0,00      0,00      0,00    100,00
23:15:52          2      0,00      0,00      0,00      0,00      0,00      0,00      0,00      0,00      0,00    100,00
23:15:52          3      0,00      0,00      0,00      0,00      0,00      0,00      0,00      0,00      0,00    100,00
23:15:52          4      0,00      0,00      0,00      0,00      0,00      0,00      0,00      0,00      0,00    100,00
23:15:52          5      0,00      0,00      0,00      0,00      0,00      0,00      0,00      0,00      0,00    100,00
23:15:52          6      0,50      0,00      0,00      0,00      0,00      0,00      0,00      0,00      0,00     99,50
23:15:52          7      0,00      0,00      0,00      0,00      0,00      0,00      0,00      0,00      0,00    100,00
23:15:52          8      0,00      0,00      0,00      0,00      0,00      0,00      0,00      0,00      0,00    100,00
23:15:52          9      0,00      0,00      0,00      0,00      0,00      0,00      0,00      0,00      0,00    100,00
23:15:52         10      0,00      0,00      0,00      0,00      0,00      0,00      0,00      0,00      0,00    100,00
23:15:52         11      0,00      0,00      0,00      0,00      0,00      0,00      0,00      0,00      0,00    100,00
23:15:52         12      0,00      0,00      0,00      0,00      0,00      0,00      0,00      0,00      0,00    100,00
23:15:52         13      0,00      0,00      0,00      0,00      0,00      0,00      0,00      0,00      0,00    100,00
23:15:52         14      0,00      0,00      0,00      0,00      0,00      0,00      0,00      0,00      0,00    100,00
23:15:52         15      0,00      0,00      0,00      0,00      0,00      0,00      0,00      0,00      0,00    100,00

23:15:50        IFACE   rxpck/s   txpck/s    rxkB/s    txkB/s   rxcmp/s   txcmp/s  rxmcst/s   %ifutil
23:15:52           lo      0,00      0,00      0,00      0,00      0,00      0,00      0,00      0,00
23:15:52         eno1      6,00      0,00      0,38      0,00      0,00      0,00      1,00      0,00
23:15:52         eno2      0,00      0,00      0,00      0,00      0,00      0,00      0,00      0,00
23:15:52      docker0      0,00      0,00      0,00      0,00      0,00      0,00      0,00      0,00
23:15:52      ens2np0      0,00      0,00      0,00      0,00      0,00      0,00      0,00      0,00
23:15:52      ens2np1      0,00      0,00      0,00      0,00      0,00      0,00      0,00      0,00

23:15:52        CPU      %usr     %nice      %sys   %iowait    %steal      %irq     %soft    %guest    %gnice     %idle
23:15:54        all      0,00      0,00      0,00      0,00      0,00      0,00      0,00      0,00      0,00    100,00
23:15:54          0      0,00      0,00      0,00      0,00      0,00      0,00      0,00      0,00      0,00    100,00
23:15:54          1      0,00      0,00      0,00      0,00      0,00      0,00      0,00      0,00      0,00    100,00
23:15:54          2      0,00      0,00      0,00      0,00      0,00      0,00      0,00      0,00      0,00    100,00
23:15:54          3      0,00      0,00      0,00      0,00      0,00      0,00      0,00      0,00      0,00    100,00
23:15:54          4      0,00      0,00      0,00      0,00      0,00      0,00      0,00      0,00      0,00    100,00
23:15:54          5      0,00      0,00      0,00      0,00      0,00      0,00      0,00      0,00      0,00    100,00
23:15:54          6      0,00      0,00      0,00      0,00      0,00      0,00      0,00      0,00      0,00    100,00
23:15:54          7      0,00      0,00      0,00      0,00      0,00      0,00      0,00      0,00      0,00    100,00
23:15:54          8      0,00      0,00      0,00      0,00      0,00      0,00      0,00      0,00      0,00    100,00
23:15:54          9      0,00      0,00      0,00      0,00      0,00      0,00      0,00      0,00      0,00    100,00
23:15:54         10      0,00      0,00      0,00      0,00      0,00      0,00      0,00      0,00      0,00    100,00
23:15:54         11      0,00      0,00      0,00      0,00      0,00      0,00      0,00      0,00      0,00    100,00
23:15:54         12      0,00      0,00      0,00      0,00      0,00      0,00      0,00      0,00      0,00    100,00
23:15:54         13      0,00      0,00      0,00      0,00      0,00      0,00      0,00      0,00      0,00    100,00
23:15:54         14      0,00      0,00      0,00      0,00      0,00      0,00      0,00      0,00      0,00    100,00
23:15:54         15      0,00      0,00      0,00      0,00      0,00      0,00      0,00      0,00      0,00    100,00

23:15:52        IFACE   rxpck/s   txpck/s    rxkB/s    txkB/s   rxcmp/s   txcmp/s  rxmcst/s   %ifutil
23:15:54           lo      0,00      0,00      0,00      0,00      0,00      0,00      0,00      0,00
23:15:54         eno1      4,50      0,50      0,38      0,03      0,00      0,00      1,50      0,00
23:15:54         eno2      0,00      0,00      0,00      0,00      0,00      0,00      0,00      0,00
23:15:54      docker0      0,00      0,00      0,00      0,00      0,00      0,00      0,00      0,00
23:15:54      ens2np0      0,00      0,00      0,00      0,00      0,00      0,00      0,00      0,00
23:15:54      ens2np1      0,00      0,00      0,00      0,00      0,00      0,00      0,00      0,00

23:15:54        CPU      %usr     %nice      %sys   %iowait    %steal      %irq     %soft    %guest    %gnice     %idle
23:15:56        all      0,34      0,00      0,16      0,00      0,00      0,00      0,00      0,00      0,00     99,50
23:15:56          0      0,50      0,00      0,00      0,00      0,00      0,00      0,00      0,00      0,00     99,50
23:15:56          1      0,50      0,00      0,00      0,00      0,00      0,00      0,00      0,00      0,00     99,50
23:15:56          2      0,50      0,00      0,00      0,00      0,00      0,00      0,00      0,00      0,00     99,50
23:15:56          3      0,00      0,00      0,50      0,00      0,00      0,00      0,00      0,00      0,00     99,50
23:15:56          4      0,00      0,00      0,00      0,00      0,00      0,00      0,00      0,00      0,00    100,00
23:15:56          5      0,00      0,00      0,00      0,00      0,00      0,00      0,00      0,00      0,00    100,00
23:15:56          6      0,50      0,00      0,50      0,00      0,00      0,00      0,00      0,00      0,00     99,00
23:15:56          7      0,50      0,00      0,50      0,00      0,00      0,00      0,00      0,00      0,00     99,00
23:15:56          8      0,50      0,00      0,00      0,00      0,00      0,00      0,00      0,00      0,00     99,50
23:15:56          9      1,00      0,00      0,50      0,00      0,00      0,00      0,00      0,00      0,00     98,51
23:15:56         10      1,01      0,00      0,50      0,00      0,00      0,00      0,00      0,00      0,00     98,49
23:15:56         11      0,50      0,00      0,00      0,00      0,00      0,00      0,00      0,00      0,00     99,50
23:15:56         12      0,00      0,00      0,00      0,00      0,00      0,00      0,00      0,00      0,00    100,00
23:15:56         13      0,00      0,00      0,00      0,00      0,00      0,00      0,00      0,00      0,00    100,00
23:15:56         14      0,00      0,00      0,00      0,00      0,00      0,00      0,00      0,00      0,00    100,00
23:15:56         15      0,00      0,00      0,00      0,00      0,00      0,00      0,00      0,00      0,00    100,00

23:15:54        IFACE   rxpck/s   txpck/s    rxkB/s    txkB/s   rxcmp/s   txcmp/s  rxmcst/s   %ifutil
23:15:56           lo      0,00      0,00      0,00      0,00      0,00      0,00      0,00      0,00
23:15:56         eno1      4,50      0,50      0,28      0,03      0,00      0,00      1,00      0,00
23:15:56         eno2      0,00      0,00      0,00      0,00      0,00      0,00      0,00      0,00
23:15:56      docker0      0,00      0,00      0,00      0,00      0,00      0,00      0,00      0,00
23:15:56      ens2np0      0,00      0,00      0,00      0,00      0,00      0,00      0,00      0,00
23:15:56      ens2np1      0,00      0,00      0,00      0,00      0,00      0,00      0,00      0,00

23:15:56        CPU      %usr     %nice      %sys   %iowait    %steal      %irq     %soft    %guest    %gnice     %idle
23:15:58        all      0,03      0,00      0,00      0,00      0,00      0,00      7,17      0,00      0,00     92,80
23:15:58          0      0,00      0,00      0,00      0,00      0,00      0,00     29,95      0,00      0,00     70,05
23:15:58          1      0,00      0,00      0,00      0,00      0,00      0,00     30,85      0,00      0,00     69,15
23:15:58          2      0,00      0,00      0,00      0,00      0,00      0,00     27,60      0,00      0,00     72,40
23:15:58          3      0,00      0,00      0,00      0,00      0,00      0,00     27,98      0,00      0,00     72,02
23:15:58          4      0,00      0,00      0,00      0,00      0,00      0,00      0,00      0,00      0,00    100,00
23:15:58          5      0,00      0,00      0,00      0,00      0,00      0,00      0,00      0,00      0,00    100,00
23:15:58          6      0,50      0,00      0,00      0,00      0,00      0,00      0,00      0,00      0,00     99,50
23:15:58          7      0,00      0,00      0,00      0,00      0,00      0,00      0,00      0,00      0,00    100,00
23:15:58          8      0,00      0,00      0,00      0,00      0,00      0,00      0,00      0,00      0,00    100,00
23:15:58          9      0,00      0,00      0,00      0,00      0,00      0,00      0,00      0,00      0,00    100,00
23:15:58         10      0,00      0,00      0,00      0,00      0,00      0,00      0,00      0,00      0,00    100,00
23:15:58         11      0,00      0,00      0,00      0,00      0,00      0,00      0,00      0,00      0,00    100,00
23:15:58         12      0,00      0,00      0,00      0,00      0,00      0,00      0,00      0,00      0,00    100,00
23:15:58         13      0,00      0,00      0,00      0,00      0,00      0,00      0,00      0,00      0,00    100,00
23:15:58         14      0,00      0,00      0,00      0,00      0,00      0,00      0,00      0,00      0,00    100,00
23:15:58         15      0,00      0,00      0,00      0,00      0,00      0,00      0,00      0,00      0,00    100,00

23:15:56        IFACE   rxpck/s   txpck/s    rxkB/s    txkB/s   rxcmp/s   txcmp/s  rxmcst/s   %ifutil
23:15:58           lo      0,00      0,00      0,00      0,00      0,00      0,00      0,00      0,00
23:15:58         eno1      4,50      0,00      0,28      0,00      0,00      0,00      0,50      0,00
23:15:58         eno2      0,00      0,00      0,00      0,00      0,00      0,00      0,00      0,00
23:15:58      docker0      0,00      0,00      0,00      0,00      0,00      0,00      0,00      0,00
23:15:58      ens2np0 1319102,50 1311187,50 654398,51 650471,92      0,00      0,00      0,00     53,61
23:15:58      ens2np1      0,00      0,00      0,00      0,00      0,00      0,00      0,00      0,00

23:15:58        CPU      %usr     %nice      %sys   %iowait    %steal      %irq     %soft    %guest    %gnice     %idle
23:16:00        all      0,16      0,00      0,00      0,00      0,00      0,00     13,37      0,00      0,00     86,47
23:16:00          0      0,00      0,00      0,00      0,00      0,00      0,00     53,96      0,00      0,00     46,04
23:16:00          1      0,00      0,00      0,00      0,00      0,00      0,00     54,46      0,00      0,00     45,54
23:16:00          2      0,00      0,00      0,00      0,00      0,00      0,00     52,60      0,00      0,00     47,40
23:16:00          3      0,00      0,00      0,00      0,00      0,00      0,00     53,73      0,00      0,00     46,27
23:16:00          4      0,50      0,00      0,00      0,00      0,00      0,00      0,00      0,00      0,00     99,50
23:16:00          5      0,00      0,00      0,00      0,00      0,00      0,00      0,00      0,00      0,00    100,00
23:16:00          6      0,00      0,00      0,00      0,00      0,00      0,00      0,00      0,00      0,00    100,00
23:16:00          7      0,00      0,00      0,00      0,00      0,00      0,00      0,00      0,00      0,00    100,00
23:16:00          8      0,50      0,00      0,00      0,00      0,00      0,00      0,00      0,00      0,00     99,50
23:16:00          9      0,00      0,00      0,00      0,00      0,00      0,00      0,00      0,00      0,00    100,00
23:16:00         10      0,00      0,00      0,00      0,00      0,00      0,00      0,00      0,00      0,00    100,00
23:16:00         11      0,00      0,00      0,00      0,00      0,00      0,00      0,00      0,00      0,00    100,00
23:16:00         12      0,50      0,00      0,00      0,00      0,00      0,00      0,00      0,00      0,00     99,50
23:16:00         13      0,50      0,00      0,00      0,00      0,00      0,00      0,00      0,00      0,00     99,50
23:16:00         14      0,00      0,00      0,00      0,00      0,00      0,00      0,00      0,00      0,00    100,00
23:16:00         15      0,50      0,00      0,00      0,00      0,00      0,00      0,00      0,00      0,00     99,50

23:15:58        IFACE   rxpck/s   txpck/s    rxkB/s    txkB/s   rxcmp/s   txcmp/s  rxmcst/s   %ifutil
23:16:00           lo      0,00      0,00      0,00      0,00      0,00      0,00      0,00      0,00
23:16:00         eno1      4,00      0,00      0,25      0,00      0,00      0,00      1,00      0,00
23:16:00         eno2      0,00      0,00      0,00      0,00      0,00      0,00      0,00      0,00
23:16:00      docker0      0,00      0,00      0,00      0,00      0,00      0,00      0,00      0,00
23:16:00      ens2np0 2349605,50 2349672,00 1165624,60 1165657,59      0,00      0,00      0,00     95,49
23:16:00      ens2np1      0,00      0,00      0,00      0,00      0,00      0,00      0,00      0,00

23:16:00        CPU      %usr     %nice      %sys   %iowait    %steal      %irq     %soft    %guest    %gnice     %idle
23:16:02        all      0,00      0,00      0,03      0,03      0,00      0,00     13,06      0,00      0,00     86,88
23:16:02          0      0,00      0,00      0,00      0,00      0,00      0,00     53,06      0,00      0,00     46,94
23:16:02          1      0,00      0,00      0,00      0,00      0,00      0,00     51,81      0,00      0,00     48,19
23:16:02          2      0,00      0,00      0,00      0,00      0,00      0,00     53,54      0,00      0,00     46,46
23:16:02          3      0,00      0,00      0,00      0,50      0,00      0,00     53,27      0,00      0,00     46,23
23:16:02          4      0,00      0,00      0,00      0,00      0,00      0,00      0,00      0,00      0,00    100,00
23:16:02          5      0,00      0,00      0,00      0,00      0,00      0,00      0,00      0,00      0,00    100,00
23:16:02          6      0,00      0,00      0,50      0,00      0,00      0,00      0,00      0,00      0,00     99,50
23:16:02          7      0,00      0,00      0,00      0,00      0,00      0,00      0,00      0,00      0,00    100,00
23:16:02          8      0,00      0,00      0,00      0,00      0,00      0,00      0,00      0,00      0,00    100,00
23:16:02          9      0,00      0,00      0,00      0,00      0,00      0,00      0,00      0,00      0,00    100,00
23:16:02         10      0,00      0,00      0,00      0,00      0,00      0,00      0,00      0,00      0,00    100,00
23:16:02         11      0,00      0,00      0,00      0,00      0,00      0,00      0,00      0,00      0,00    100,00
23:16:02         12      0,00      0,00      0,00      0,00      0,00      0,00      0,00      0,00      0,00    100,00
23:16:02         13      0,00      0,00      0,00      0,00      0,00      0,00      0,00      0,00      0,00    100,00
23:16:02         14      0,00      0,00      0,00      0,00      0,00      0,00      0,00      0,00      0,00    100,00
23:16:02         15      0,00      0,00      0,00      0,00      0,00      0,00      0,00      0,00      0,00    100,00

23:16:00        IFACE   rxpck/s   txpck/s    rxkB/s    txkB/s   rxcmp/s   txcmp/s  rxmcst/s   %ifutil
23:16:02           lo      0,00      0,00      0,00      0,00      0,00      0,00      0,00      0,00
23:16:02         eno1      4,00      1,00      0,27      0,08      0,00      0,00      1,00      0,00
23:16:02         eno2      0,00      0,00      0,00      0,00      0,00      0,00      0,00      0,00
23:16:02      docker0      0,00      0,00      0,00      0,00      0,00      0,00      0,00      0,00
23:16:02      ens2np0 2349563,50 2349092,00 1165603,77 1165369,86      0,00      0,00      0,00     95,49
23:16:02      ens2np1      0,00      0,00      0,00      0,00      0,00      0,00      0,00      0,00

23:16:02        CPU      %usr     %nice      %sys   %iowait    %steal      %irq     %soft    %guest    %gnice     %idle
23:16:04        all      0,00      0,00      0,00      0,00      0,00      0,00     13,01      0,00      0,00     86,99
23:16:04          0      0,00      0,00      0,00      0,00      0,00      0,00     52,31      0,00      0,00     47,69
23:16:04          1      0,00      0,00      0,00      0,00      0,00      0,00     53,06      0,00      0,00     46,94
23:16:04          2      0,00      0,00      0,00      0,00      0,00      0,00     51,83      0,00      0,00     48,17
23:16:04          3      0,00      0,00      0,00      0,00      0,00      0,00     54,23      0,00      0,00     45,77
23:16:04          4      0,00      0,00      0,00      0,00      0,00      0,00      0,00      0,00      0,00    100,00
23:16:04          5      0,00      0,00      0,00      0,00      0,00      0,00      0,00      0,00      0,00    100,00
23:16:04          6      0,00      0,00      0,00      0,00      0,00      0,00      0,00      0,00      0,00    100,00
23:16:04          7      0,00      0,00      0,00      0,00      0,00      0,00      0,00      0,00      0,00    100,00
23:16:04          8      0,00      0,00      0,00      0,00      0,00      0,00      0,00      0,00      0,00    100,00
23:16:04          9      0,00      0,00      0,00      0,00      0,00      0,00      0,00      0,00      0,00    100,00
23:16:04         10      0,00      0,00      0,00      0,00      0,00      0,00      0,00      0,00      0,00    100,00
23:16:04         11      0,00      0,00      0,00      0,00      0,00      0,00      0,00      0,00      0,00    100,00
23:16:04         12      0,00      0,00      0,00      0,00      0,00      0,00      0,00      0,00      0,00    100,00
23:16:04         13      0,00      0,00      0,00      0,00      0,00      0,00      0,00      0,00      0,00    100,00
23:16:04         14      0,00      0,00      0,00      0,00      0,00      0,00      0,00      0,00      0,00    100,00
23:16:04         15      0,00      0,00      0,00      0,00      0,00      0,00      0,00      0,00      0,00    100,00

23:16:02        IFACE   rxpck/s   txpck/s    rxkB/s    txkB/s   rxcmp/s   txcmp/s  rxmcst/s   %ifutil
23:16:04           lo      0,00      0,00      0,00      0,00      0,00      0,00      0,00      0,00
23:16:04         eno1      5,50      0,00      0,35      0,00      0,00      0,00      1,00      0,00
23:16:04         eno2      0,00      0,00      0,00      0,00      0,00      0,00      0,00      0,00
23:16:04      docker0      0,00      0,00      0,00      0,00      0,00      0,00      0,00      0,00
23:16:04      ens2np0 2349493,50 2352276,00 1165569,04 1166949,42      0,00      0,00      0,00     95,60
23:16:04      ens2np1      0,00      0,00      0,00      0,00      0,00      0,00      0,00      0,00

23:16:04        CPU      %usr     %nice      %sys   %iowait    %steal      %irq     %soft    %guest    %gnice     %idle
23:16:06        all      0,28      0,00      0,13      0,00      0,00      0,00     12,99      0,00      0,00     86,60
23:16:06          0      0,56      0,00      0,00      0,00      0,00      0,00     48,02      0,00      0,00     51,41
23:16:06          1      0,00      0,00      0,48      0,00      0,00      0,00     55,07      0,00      0,00     44,44
23:16:06          2      0,00      0,00      0,00      0,00      0,00      0,00     53,33      0,00      0,00     46,67
23:16:06          3      0,00      0,00      0,00      0,00      0,00      0,00     54,46      0,00      0,00     45,54
23:16:06          4      0,00      0,00      0,00      0,00      0,00      0,00      0,00      0,00      0,00    100,00
23:16:06          5      0,50      0,00      0,00      0,00      0,00      0,00      0,00      0,00      0,00     99,50
23:16:06          6      0,00      0,00      0,00      0,00      0,00      0,00      0,00      0,00      0,00    100,00
23:16:06          7      1,98      0,00      0,99      0,00      0,00      0,00      0,00      0,00      0,00     97,03
23:16:06          8      0,00      0,00      0,00      0,00      0,00      0,00      0,00      0,00      0,00    100,00
23:16:06          9      0,50      0,00      0,50      0,00      0,00      0,00      0,00      0,00      0,00     99,00
23:16:06         10      0,00      0,00      0,00      0,00      0,00      0,00      0,00      0,00      0,00    100,00
23:16:06         11      0,50      0,00      0,00      0,00      0,00      0,00      0,00      0,00      0,00     99,50
23:16:06         12      0,00      0,00      0,00      0,00      0,00      0,00      0,00      0,00      0,00    100,00
23:16:06         13      0,00      0,00      0,00      0,00      0,00      0,00      0,00      0,00      0,00    100,00
23:16:06         14      0,00      0,00      0,00      0,00      0,00      0,00      0,00      0,00      0,00    100,00
23:16:06         15      0,50      0,00      0,00      0,00      0,00      0,00      0,00      0,00      0,00     99,50

23:16:04        IFACE   rxpck/s   txpck/s    rxkB/s    txkB/s   rxcmp/s   txcmp/s  rxmcst/s   %ifutil
23:16:06           lo      0,00      0,00      0,00      0,00      0,00      0,00      0,00      0,00
23:16:06         eno1      4,00      0,00      0,25      0,00      0,00      0,00      1,50      0,00
23:16:06         eno2      0,00      0,00      0,00      0,00      0,00      0,00      0,00      0,00
23:16:06      docker0      0,00      0,00      0,00      0,00      0,00      0,00      0,00      0,00
23:16:06      ens2np0 2349790,00 2347564,00 1165716,13 1164611,83      0,00      0,00      0,00     95,50
23:16:06      ens2np1      0,00      0,00      0,00      0,00      0,00      0,00      0,00      0,00

23:16:06        CPU      %usr     %nice      %sys   %iowait    %steal      %irq     %soft    %guest    %gnice     %idle
23:16:08        all      0,03      0,00      0,00      0,00      0,00      0,00     13,14      0,00      0,00     86,83
23:16:08          0      0,00      0,00      0,00      0,00      0,00      0,00     53,96      0,00      0,00     46,04
23:16:08          1      0,00      0,00      0,00      0,00      0,00      0,00     50,54      0,00      0,00     49,46
23:16:08          2      0,00      0,00      0,00      0,00      0,00      0,00     55,98      0,00      0,00     44,02
23:16:08          3      0,00      0,00      0,00      0,00      0,00      0,00     51,56      0,00      0,00     48,44
23:16:08          4      0,00      0,00      0,00      0,00      0,00      0,00      0,00      0,00      0,00    100,00
23:16:08          5      0,00      0,00      0,00      0,00      0,00      0,00      0,00      0,00      0,00    100,00
23:16:08          6      0,50      0,00      0,00      0,00      0,00      0,00      0,00      0,00      0,00     99,50
23:16:08          7      0,00      0,00      0,00      0,00      0,00      0,00      0,00      0,00      0,00    100,00
23:16:08          8      0,00      0,00      0,00      0,00      0,00      0,00      0,00      0,00      0,00    100,00
23:16:08          9      0,00      0,00      0,00      0,00      0,00      0,00      0,00      0,00      0,00    100,00
23:16:08         10      0,00      0,00      0,00      0,00      0,00      0,00      0,00      0,00      0,00    100,00
23:16:08         11      0,00      0,00      0,00      0,00      0,00      0,00      0,00      0,00      0,00    100,00
23:16:08         12      0,00      0,00      0,00      0,00      0,00      0,00      0,00      0,00      0,00    100,00
23:16:08         13      0,00      0,00      0,00      0,00      0,00      0,00      0,00      0,00      0,00    100,00
23:16:08         14      0,00      0,00      0,00      0,00      0,00      0,00      0,00      0,00      0,00    100,00
23:16:08         15      0,00      0,00      0,00      0,00      0,00      0,00      0,00      0,00      0,00    100,00

23:16:06        IFACE   rxpck/s   txpck/s    rxkB/s    txkB/s   rxcmp/s   txcmp/s  rxmcst/s   %ifutil
23:16:08           lo      0,00      0,00      0,00      0,00      0,00      0,00      0,00      0,00
23:16:08         eno1      5,50      0,00      0,35      0,00      0,00      0,00      1,00      0,00
23:16:08         eno2      0,00      0,00      0,00      0,00      0,00      0,00      0,00      0,00
23:16:08      docker0      0,00      0,00      0,00      0,00      0,00      0,00      0,00      0,00
23:16:08      ens2np0 2349570,50 2349884,50 1165607,24 1165763,01      0,00      0,00      0,00     95,50
23:16:08      ens2np1      0,00      0,00      0,00      0,00      0,00      0,00      0,00      0,00

23:16:08        CPU      %usr     %nice      %sys   %iowait    %steal      %irq     %soft    %guest    %gnice     %idle
23:16:10        all      0,09      0,00      0,03      0,00      0,00      0,00     12,67      0,00      0,00     87,20
23:16:10          0      0,00      0,00      0,00      0,00      0,00      0,00     52,82      0,00      0,00     47,18
23:16:10          1      0,00      0,00      0,00      0,00      0,00      0,00     54,00      0,00      0,00     46,00
23:16:10          2      0,00      0,00      0,00      0,00      0,00      0,00     51,31      0,00      0,00     48,69
23:16:10          3      0,00      0,00      0,00      0,00      0,00      0,00     50,27      0,00      0,00     49,73
23:16:10          4      0,00      0,00      0,00      0,00      0,00      0,00      0,00      0,00      0,00    100,00
23:16:10          5      0,00      0,00      0,00      0,00      0,00      0,00      0,00      0,00      0,00    100,00
23:16:10          6      0,00      0,00      0,50      0,00      0,00      0,00      0,00      0,00      0,00     99,50
23:16:10          7      0,00      0,00      0,00      0,00      0,00      0,00      0,00      0,00      0,00    100,00
23:16:10          8      1,00      0,00      0,00      0,00      0,00      0,00      0,00      0,00      0,00     99,00
23:16:10          9      0,00      0,00      0,00      0,00      0,00      0,00      0,00      0,00      0,00    100,00
23:16:10         10      0,00      0,00      0,00      0,00      0,00      0,00      0,00      0,00      0,00    100,00
23:16:10         11      0,00      0,00      0,00      0,00      0,00      0,00      0,00      0,00      0,00    100,00
23:16:10         12      0,00      0,00      0,00      0,00      0,00      0,00      0,00      0,00      0,00    100,00
23:16:10         13      0,00      0,00      0,00      0,00      0,00      0,00      0,00      0,00      0,00    100,00
23:16:10         14      0,50      0,00      0,00      0,00      0,00      0,00      0,00      0,00      0,00     99,50
23:16:10         15      0,00      0,00      0,00      0,00      0,00      0,00      0,00      0,00      0,00    100,00

23:16:08        IFACE   rxpck/s   txpck/s    rxkB/s    txkB/s   rxcmp/s   txcmp/s  rxmcst/s   %ifutil
23:16:10           lo      0,00      0,00      0,00      0,00      0,00      0,00      0,00      0,00
23:16:10         eno1      4,00      0,00      0,31      0,00      0,00      0,00      1,50      0,00
23:16:10         eno2      0,00      0,00      0,00      0,00      0,00      0,00      0,00      0,00
23:16:10      docker0      0,00      0,00      0,00      0,00      0,00      0,00      0,00      0,00
23:16:10      ens2np0 2349548,50 2349755,50 1165596,33 1165699,02      0,00      0,00      0,00     95,49
23:16:10      ens2np1      0,00      0,00      0,00      0,00      0,00      0,00      0,00      0,00

23:16:10        CPU      %usr     %nice      %sys   %iowait    %steal      %irq     %soft    %guest    %gnice     %idle
23:16:12        all      0,00      0,00      0,00      0,00      0,00      0,00     12,15      0,00      0,00     87,85
23:16:12          0      0,00      0,00      0,00      0,00      0,00      0,00     40,11      0,00      0,00     59,89
23:16:12          1      0,00      0,00      0,00      0,00      0,00      0,00     53,27      0,00      0,00     46,73
23:16:12          2      0,00      0,00      0,00      0,00      0,00      0,00     52,82      0,00      0,00     47,18
23:16:12          3      0,00      0,00      0,00      0,00      0,00      0,00     52,55      0,00      0,00     47,45
23:16:12          4      0,00      0,00      0,00      0,00      0,00      0,00      0,00      0,00      0,00    100,00
23:16:12          5      0,00      0,00      0,00      0,00      0,00      0,00      0,00      0,00      0,00    100,00
23:16:12          6      0,00      0,00      0,00      0,00      0,00      0,00      0,00      0,00      0,00    100,00
23:16:12          7      0,00      0,00      0,00      0,00      0,00      0,00      0,00      0,00      0,00    100,00
23:16:12          8      0,00      0,00      0,00      0,00      0,00      0,00      0,00      0,00      0,00    100,00
23:16:12          9      0,00      0,00      0,00      0,00      0,00      0,00      0,00      0,00      0,00    100,00
23:16:12         10      0,00      0,00      0,00      0,00      0,00      0,00      0,00      0,00      0,00    100,00
23:16:12         11      0,00      0,00      0,00      0,00      0,00      0,00      0,00      0,00      0,00    100,00
23:16:12         12      0,00      0,00      0,00      0,00      0,00      0,00      0,00      0,00      0,00    100,00
23:16:12         13      0,00      0,00      0,00      0,00      0,00      0,00      0,00      0,00      0,00    100,00
23:16:12         14      0,00      0,00      0,00      0,00      0,00      0,00      0,00      0,00      0,00    100,00
23:16:12         15      0,00      0,00      0,00      0,00      0,00      0,00      0,00      0,00      0,00    100,00

23:16:10        IFACE   rxpck/s   txpck/s    rxkB/s    txkB/s   rxcmp/s   txcmp/s  rxmcst/s   %ifutil
23:16:12           lo      0,00      0,00      0,00      0,00      0,00      0,00      0,00      0,00
23:16:12         eno1      3,00      0,00      0,19      0,00      0,00      0,00      1,00      0,00
23:16:12         eno2      0,00      0,00      0,00      0,00      0,00      0,00      0,00      0,00
23:16:12      docker0      0,00      0,00      0,00      0,00      0,00      0,00      0,00      0,00
23:16:12      ens2np0 2349626,00 2350336,00 1165634,77 1165987,00      0,00      0,00      0,00     95,52
23:16:12      ens2np1      0,00      0,00      0,00      0,00      0,00      0,00      0,00      0,00

23:16:12        CPU      %usr     %nice      %sys   %iowait    %steal      %irq     %soft    %guest    %gnice     %idle
23:16:14        all      0,00      0,00      0,03      0,00      0,00      0,00     12,65      0,00      0,00     87,32
23:16:14          0      0,00      0,00      0,00      0,00      0,00      0,00     44,56      0,00      0,00     55,44
23:16:14          1      0,00      0,00      0,00      0,00      0,00      0,00     52,33      0,00      0,00     47,67
23:16:14          2      0,00      0,00      0,00      0,00      0,00      0,00     53,77      0,00      0,00     46,23
23:16:14          3      0,00      0,00      0,00      0,00      0,00      0,00     54,23      0,00      0,00     45,77
23:16:14          4      0,00      0,00      0,00      0,00      0,00      0,00      0,00      0,00      0,00    100,00
23:16:14          5      0,00      0,00      0,00      0,00      0,00      0,00      0,00      0,00      0,00    100,00
23:16:14          6      0,00      0,00      0,50      0,00      0,00      0,00      0,00      0,00      0,00     99,50
23:16:14          7      0,00      0,00      0,00      0,00      0,00      0,00      0,00      0,00      0,00    100,00
23:16:14          8      0,00      0,00      0,00      0,00      0,00      0,00      0,00      0,00      0,00    100,00
23:16:14          9      0,00      0,00      0,00      0,00      0,00      0,00      0,00      0,00      0,00    100,00
23:16:14         10      0,00      0,00      0,00      0,00      0,00      0,00      0,00      0,00      0,00    100,00
23:16:14         11      0,00      0,00      0,00      0,00      0,00      0,00      0,00      0,00      0,00    100,00
23:16:14         12      0,00      0,00      0,00      0,00      0,00      0,00      0,00      0,00      0,00    100,00
23:16:14         13      0,00      0,00      0,00      0,00      0,00      0,00      0,00      0,00      0,00    100,00
23:16:14         14      0,00      0,00      0,00      0,00      0,00      0,00      0,00      0,00      0,00    100,00
23:16:14         15      0,00      0,00      0,00      0,00      0,00      0,00      0,00      0,00      0,00    100,00

23:16:12        IFACE   rxpck/s   txpck/s    rxkB/s    txkB/s   rxcmp/s   txcmp/s  rxmcst/s   %ifutil
23:16:14           lo      0,00      0,00      0,00      0,00      0,00      0,00      0,00      0,00
23:16:14         eno1      3,50      0,50      0,24      0,05      0,00      0,00      1,00      0,00
23:16:14         eno2      0,00      0,00      0,00      0,00      0,00      0,00      0,00      0,00
23:16:14      docker0      0,00      0,00      0,00      0,00      0,00      0,00      0,00      0,00
23:16:14      ens2np0 2349639,00 2348093,00 1165641,22 1164874,26      0,00      0,00      0,00     95,49
23:16:14      ens2np1      0,00      0,00      0,00      0,00      0,00      0,00      0,00      0,00

23:16:14        CPU      %usr     %nice      %sys   %iowait    %steal      %irq     %soft    %guest    %gnice     %idle
23:16:16        all      0,44      0,00      0,09      0,00      0,00      0,00     13,59      0,00      0,00     85,88
23:16:16          0      0,00      0,00      0,00      0,00      0,00      0,00     52,08      0,00      0,00     47,92
23:16:16          1      0,51      0,00      0,00      0,00      0,00      0,00     53,03      0,00      0,00     46,46
23:16:16          2      0,00      0,00      0,00      0,00      0,00      0,00     55,39      0,00      0,00     44,61
23:16:16          3      0,48      0,00      0,00      0,00      0,00      0,00     55,71      0,00      0,00     43,81
23:16:16          4      0,00      0,00      0,00      0,00      0,00      0,00      0,00      0,00      0,00    100,00
23:16:16          5      1,00      0,00      0,50      0,00      0,00      0,00      0,00      0,00      0,00     98,50
23:16:16          6      0,50      0,00      0,00      0,00      0,00      0,00      0,00      0,00      0,00     99,50
23:16:16          7      0,50      0,00      0,50      0,00      0,00      0,00      0,00      0,00      0,00     98,99
23:16:16          8      0,00      0,00      0,00      0,00      0,00      0,00      0,00      0,00      0,00    100,00
23:16:16          9      1,49      0,00      0,50      0,00      0,00      0,00      0,00      0,00      0,00     98,01
23:16:16         10      0,00      0,00      0,00      0,00      0,00      0,00      0,00      0,00      0,00    100,00
23:16:16         11      0,50      0,00      0,00      0,00      0,00      0,00      0,00      0,00      0,00     99,50
23:16:16         12      0,50      0,00      0,00      0,00      0,00      0,00      0,00      0,00      0,00     99,50
23:16:16         13      0,00      0,00      0,00      0,00      0,00      0,00      0,00      0,00      0,00    100,00
23:16:16         14      0,50      0,00      0,00      0,00      0,00      0,00      0,00      0,00      0,00     99,50
23:16:16         15      1,01      0,00      0,00      0,00      0,00      0,00      0,00      0,00      0,00     98,99

23:16:14        IFACE   rxpck/s   txpck/s    rxkB/s    txkB/s   rxcmp/s   txcmp/s  rxmcst/s   %ifutil
23:16:16           lo      0,00      0,00      0,00      0,00      0,00      0,00      0,00      0,00
23:16:16         eno1      7,50      3,50      1,22      0,88      0,00      0,00      1,00      0,00
23:16:16         eno2      0,00      0,00      0,00      0,00      0,00      0,00      0,00      0,00
23:16:16      docker0      0,00      0,00      0,00      0,00      0,00      0,00      0,00      0,00
23:16:16      ens2np0 2349689,50 2349903,00 1165666,28 1165772,19      0,00      0,00      0,00     95,50
23:16:16      ens2np1      0,00      0,00      0,00      0,00      0,00      0,00      0,00      0,00

23:16:16        CPU      %usr     %nice      %sys   %iowait    %steal      %irq     %soft    %guest    %gnice     %idle
23:16:18        all      0,00      0,00      0,00      0,00      0,00      0,00     13,44      0,00      0,00     86,56
23:16:18          0      0,00      0,00      0,00      0,00      0,00      0,00     53,54      0,00      0,00     46,46
23:16:18          1      0,00      0,00      0,00      0,00      0,00      0,00     52,82      0,00      0,00     47,18
23:16:18          2      0,00      0,00      0,00      0,00      0,00      0,00     54,46      0,00      0,00     45,54
23:16:18          3      0,00      0,00      0,00      0,00      0,00      0,00     54,41      0,00      0,00     45,59
23:16:18          4      0,00      0,00      0,00      0,00      0,00      0,00      0,00      0,00      0,00    100,00
23:16:18          5      0,00      0,00      0,00      0,00      0,00      0,00      0,00      0,00      0,00    100,00
23:16:18          6      0,00      0,00      0,00      0,00      0,00      0,00      0,00      0,00      0,00    100,00
23:16:18          7      0,00      0,00      0,00      0,00      0,00      0,00      0,00      0,00      0,00    100,00
23:16:18          8      0,00      0,00      0,00      0,00      0,00      0,00      0,00      0,00      0,00    100,00
23:16:18          9      0,00      0,00      0,00      0,00      0,00      0,00      0,00      0,00      0,00    100,00
23:16:18         10      0,00      0,00      0,00      0,00      0,00      0,00      0,00      0,00      0,00    100,00
23:16:18         11      0,00      0,00      0,00      0,00      0,00      0,00      0,00      0,00      0,00    100,00
23:16:18         12      0,00      0,00      0,00      0,00      0,00      0,00      0,00      0,00      0,00    100,00
23:16:18         13      0,00      0,00      0,00      0,00      0,00      0,00      0,00      0,00      0,00    100,00
23:16:18         14      0,00      0,00      0,00      0,00      0,00      0,00      0,00      0,00      0,00    100,00
23:16:18         15      0,00      0,00      0,00      0,00      0,00      0,00      0,00      0,00      0,00    100,00

23:16:16        IFACE   rxpck/s   txpck/s    rxkB/s    txkB/s   rxcmp/s   txcmp/s  rxmcst/s   %ifutil
23:16:18           lo      0,00      0,00      0,00      0,00      0,00      0,00      0,00      0,00
23:16:18         eno1      5,50      2,50      0,42      0,22      0,00      0,00      1,00      0,00
23:16:18         eno2      0,00      0,00      0,00      0,00      0,00      0,00      0,00      0,00
23:16:18      docker0      0,00      0,00      0,00      0,00      0,00      0,00      0,00      0,00
23:16:18      ens2np0 2349497,00 2350072,00 1165570,78 1165856,03      0,00      0,00      0,00     95,51
23:16:18      ens2np1      0,00      0,00      0,00      0,00      0,00      0,00      0,00      0,00

23:16:18        CPU      %usr     %nice      %sys   %iowait    %steal      %irq     %soft    %guest    %gnice     %idle
23:16:20        all      0,00      0,00      0,06      0,00      0,00      0,00     12,59      0,00      0,00     87,35
23:16:20          0      0,00      0,00      0,00      0,00      0,00      0,00     52,79      0,00      0,00     47,21
23:16:20          1      0,00      0,00      0,00      0,00      0,00      0,00     52,08      0,00      0,00     47,92
23:16:20          2      0,00      0,00      0,00      0,00      0,00      0,00     50,54      0,00      0,00     49,46
23:16:20          3      0,00      0,00      0,00      0,00      0,00      0,00     52,33      0,00      0,00     47,67
23:16:20          4      0,00      0,00      0,00      0,00      0,00      0,00      0,00      0,00      0,00    100,00
23:16:20          5      0,00      0,00      0,00      0,00      0,00      0,00      0,00      0,00      0,00    100,00
23:16:20          6      0,00      0,00      0,50      0,00      0,00      0,00      0,00      0,00      0,00     99,50
23:16:20          7      0,00      0,00      0,00      0,00      0,00      0,00      0,00      0,00      0,00    100,00
23:16:20          8      0,00      0,00      0,00      0,00      0,00      0,00      0,00      0,00      0,00    100,00
23:16:20          9      0,00      0,00      0,00      0,00      0,00      0,00      0,00      0,00      0,00    100,00
23:16:20         10      0,00      0,00      0,00      0,00      0,00      0,00      0,00      0,00      0,00    100,00
23:16:20         11      0,00      0,00      0,00      0,00      0,00      0,00      0,00      0,00      0,00    100,00
23:16:20         12      0,00      0,00      0,00      0,00      0,00      0,00      0,00      0,00      0,00    100,00
23:16:20         13      0,00      0,00      0,50      0,00      0,00      0,00      0,00      0,00      0,00     99,50
23:16:20         14      0,00      0,00      0,00      0,00      0,00      0,00      0,00      0,00      0,00    100,00
23:16:20         15      0,00      0,00      0,00      0,00      0,00      0,00      0,00      0,00      0,00    100,00

23:16:18        IFACE   rxpck/s   txpck/s    rxkB/s    txkB/s   rxcmp/s   txcmp/s  rxmcst/s   %ifutil
23:16:20           lo      0,00      0,00      0,00      0,00      0,00      0,00      0,00      0,00
23:16:20         eno1      4,00      0,50      0,25      0,03      0,00      0,00      1,00      0,00
23:16:20         eno2      0,00      0,00      0,00      0,00      0,00      0,00      0,00      0,00
23:16:20      docker0      0,00      0,00      0,00      0,00      0,00      0,00      0,00      0,00
23:16:20      ens2np0 2349545,50 2348928,00 1165594,84 1165288,50      0,00      0,00      0,00     95,49
23:16:20      ens2np1      0,00      0,00      0,00      0,00      0,00      0,00      0,00      0,00

23:16:20        CPU      %usr     %nice      %sys   %iowait    %steal      %irq     %soft    %guest    %gnice     %idle
23:16:22        all      0,00      0,00      0,00      0,00      0,00      0,00     12,90      0,00      0,00     87,10
23:16:22          0      0,00      0,00      0,00      0,00      0,00      0,00     53,77      0,00      0,00     46,23
23:16:22          1      0,00      0,00      0,00      0,00      0,00      0,00     52,06      0,00      0,00     47,94
23:16:22          2      0,00      0,00      0,00      0,00      0,00      0,00     51,05      0,00      0,00     48,95
23:16:22          3      0,00      0,00      0,00      0,00      0,00      0,00     53,30      0,00      0,00     46,70
23:16:22          4      0,00      0,00      0,00      0,00      0,00      0,00      0,00      0,00      0,00    100,00
23:16:22          5      0,00      0,00      0,00      0,00      0,00      0,00      0,00      0,00      0,00    100,00
23:16:22          6      0,00      0,00      0,00      0,00      0,00      0,00      0,00      0,00      0,00    100,00
23:16:22          7      0,00      0,00      0,00      0,00      0,00      0,00      0,00      0,00      0,00    100,00
23:16:22          8      0,00      0,00      0,00      0,00      0,00      0,00      0,00      0,00      0,00    100,00
23:16:22          9      0,00      0,00      0,00      0,00      0,00      0,00      0,00      0,00      0,00    100,00
23:16:22         10      0,00      0,00      0,00      0,00      0,00      0,00      0,00      0,00      0,00    100,00
23:16:22         11      0,00      0,00      0,00      0,00      0,00      0,00      0,00      0,00      0,00    100,00
23:16:22         12      0,00      0,00      0,00      0,00      0,00      0,00      0,00      0,00      0,00    100,00
23:16:22         13      0,00      0,00      0,00      0,00      0,00      0,00      0,00      0,00      0,00    100,00
23:16:22         14      0,00      0,00      0,00      0,00      0,00      0,00      0,00      0,00      0,00    100,00
23:16:22         15      0,00      0,00      0,00      0,00      0,00      0,00      0,00      0,00      0,00    100,00

23:16:20        IFACE   rxpck/s   txpck/s    rxkB/s    txkB/s   rxcmp/s   txcmp/s  rxmcst/s   %ifutil
23:16:22           lo      0,00      0,00      0,00      0,00      0,00      0,00      0,00      0,00
23:16:22         eno1      3,50      0,00      0,22      0,00      0,00      0,00      1,00      0,00
23:16:22         eno2      0,00      0,00      0,00      0,00      0,00      0,00      0,00      0,00
23:16:22      docker0      0,00      0,00      0,00      0,00      0,00      0,00      0,00      0,00
23:16:22      ens2np0 2349548,00 2349988,00 1165596,08 1165814,36      0,00      0,00      0,00     95,50
23:16:22      ens2np1      0,00      0,00      0,00      0,00      0,00      0,00      0,00      0,00

23:16:22        CPU      %usr     %nice      %sys   %iowait    %steal      %irq     %soft    %guest    %gnice     %idle
23:16:24        all      0,00      0,00      0,00      0,00      0,00      0,00     13,53      0,00      0,00     86,47
23:16:24          0      0,00      0,00      0,00      0,00      0,00      0,00     54,23      0,00      0,00     45,77
23:16:24          1      0,00      0,00      0,00      0,00      0,00      0,00     55,77      0,00      0,00     44,23
23:16:24          2      0,00      0,00      0,00      0,00      0,00      0,00     53,77      0,00      0,00     46,23
23:16:24          3      0,00      0,00      0,00      0,00      0,00      0,00     52,06      0,00      0,00     47,94
23:16:24          4      0,00      0,00      0,00      0,00      0,00      0,00      0,00      0,00      0,00    100,00
23:16:24          5      0,00      0,00      0,00      0,00      0,00      0,00      0,00      0,00      0,00    100,00
23:16:24          6      0,00      0,00      0,00      0,00      0,00      0,00      0,00      0,00      0,00    100,00
23:16:24          7      0,00      0,00      0,00      0,00      0,00      0,00      0,00      0,00      0,00    100,00
23:16:24          8      0,00      0,00      0,00      0,00      0,00      0,00      0,00      0,00      0,00    100,00
23:16:24          9      0,00      0,00      0,00      0,00      0,00      0,00      0,00      0,00      0,00    100,00
23:16:24         10      0,00      0,00      0,00      0,00      0,00      0,00      0,00      0,00      0,00    100,00
23:16:24         11      0,00      0,00      0,00      0,00      0,00      0,00      0,00      0,00      0,00    100,00
23:16:24         12      0,00      0,00      0,00      0,00      0,00      0,00      0,00      0,00      0,00    100,00
23:16:24         13      0,00      0,00      0,00      0,00      0,00      0,00      0,00      0,00      0,00    100,00
23:16:24         14      0,00      0,00      0,00      0,00      0,00      0,00      0,00      0,00      0,00    100,00
23:16:24         15      0,00      0,00      0,00      0,00      0,00      0,00      0,00      0,00      0,00    100,00

23:16:22        IFACE   rxpck/s   txpck/s    rxkB/s    txkB/s   rxcmp/s   txcmp/s  rxmcst/s   %ifutil
23:16:24           lo      0,00      0,00      0,00      0,00      0,00      0,00      0,00      0,00
23:16:24         eno1      4,50      0,00      0,28      0,00      0,00      0,00      1,50      0,00
23:16:24         eno2      0,00      0,00      0,00      0,00      0,00      0,00      0,00      0,00
23:16:24      docker0      0,00      0,00      0,00      0,00      0,00      0,00      0,00      0,00
23:16:24      ens2np0 2349663,50 2351176,00 1165653,38 1166403,72      0,00      0,00      0,00     95,55
23:16:24      ens2np1      0,00      0,00      0,00      0,00      0,00      0,00      0,00      0,00

23:16:24        CPU      %usr     %nice      %sys   %iowait    %steal      %irq     %soft    %guest    %gnice     %idle
23:16:26        all      0,56      0,00      0,12      0,00      0,00      0,00     13,58      0,00      0,00     85,73
23:16:26          0      0,99      0,00      0,50      0,00      0,00      0,00     53,96      0,00      0,00     44,55
23:16:26          1      0,00      0,00      0,00      0,00      0,00      0,00     54,46      0,00      0,00     45,54
23:16:26          2      0,00      0,00      0,00      0,00      0,00      0,00     54,04      0,00      0,00     45,96
23:16:26          3      0,00      0,00      0,00      0,00      0,00      0,00     54,73      0,00      0,00     45,27
23:16:26          4      0,50      0,00      0,00      0,00      0,00      0,00      0,00      0,00      0,00     99,50
23:16:26          5      0,50      0,00      0,00      0,00      0,00      0,00      0,00      0,00      0,00     99,50
23:16:26          6      0,99      0,00      0,50      0,00      0,00      0,00      0,00      0,00      0,00     98,51
23:16:26          7      0,99      0,00      0,00      0,00      0,00      0,00      0,00      0,00      0,00     99,01
23:16:26          8      0,99      0,00      0,00      0,00      0,00      0,00      0,00      0,00      0,00     99,01
23:16:26          9      1,00      0,00      0,50      0,00      0,00      0,00      0,00      0,00      0,00     98,51
23:16:26         10      0,50      0,00      0,00      0,00      0,00      0,00      0,00      0,00      0,00     99,50
23:16:26         11      0,00      0,00      0,00      0,00      0,00      0,00      0,00      0,00      0,00    100,00
23:16:26         12      1,00      0,00      0,00      0,00      0,00      0,00      0,00      0,00      0,00     99,00
23:16:26         13      0,50      0,00      0,00      0,00      0,00      0,00      0,00      0,00      0,00     99,50
23:16:26         14      0,00      0,00      0,00      0,00      0,00      0,00      0,00      0,00      0,00    100,00
23:16:26         15      1,00      0,00      0,50      0,00      0,00      0,00      0,00      0,00      0,00     98,50

23:16:24        IFACE   rxpck/s   txpck/s    rxkB/s    txkB/s   rxcmp/s   txcmp/s  rxmcst/s   %ifutil
23:16:26           lo      0,00      0,00      0,00      0,00      0,00      0,00      0,00      0,00
23:16:26         eno1      3,50      0,00      0,22      0,00      0,00      0,00      1,00      0,00
23:16:26         eno2      0,00      0,00      0,00      0,00      0,00      0,00      0,00      0,00
23:16:26      docker0      0,00      0,00      0,00      0,00      0,00      0,00      0,00      0,00
23:16:26      ens2np0 2349695,50 2347860,00 1165669,25 1164758,67      0,00      0,00      0,00     95,49
23:16:26      ens2np1      0,00      0,00      0,00      0,00      0,00      0,00      0,00      0,00

23:16:26        CPU      %usr     %nice      %sys   %iowait    %steal      %irq     %soft    %guest    %gnice     %idle
23:16:28        all      0,22      0,00      0,03      0,00      0,00      0,00     13,10      0,00      0,00     86,65
23:16:28          0      0,00      0,00      0,00      0,00      0,00      0,00     53,77      0,00      0,00     46,23
23:16:28          1      0,52      0,00      0,00      0,00      0,00      0,00     51,56      0,00      0,00     47,92
23:16:28          2      0,00      0,00      0,00      0,00      0,00      0,00     53,77      0,00      0,00     46,23
23:16:28          3      0,00      0,00      0,00      0,00      0,00      0,00     53,03      0,00      0,00     46,97
23:16:28          4      0,50      0,00      0,00      0,00      0,00      0,00      0,00      0,00      0,00     99,50
23:16:28          5      0,00      0,00      0,00      0,00      0,00      0,00      0,00      0,00      0,00    100,00
23:16:28          6      0,00      0,00      0,00      0,00      0,00      0,00      0,00      0,00      0,00    100,00
23:16:28          7      0,00      0,00      0,00      0,00      0,00      0,00      0,00      0,00      0,00    100,00
23:16:28          8      0,00      0,00      0,00      0,00      0,00      0,00      0,00      0,00      0,00    100,00
23:16:28          9      0,50      0,00      0,00      0,00      0,00      0,00      0,00      0,00      0,00     99,50
23:16:28         10      0,50      0,00      0,00      0,00      0,00      0,00      0,00      0,00      0,00     99,50
23:16:28         11      0,50      0,00      0,00      0,00      0,00      0,00      0,00      0,00      0,00     99,50
23:16:28         12      0,00      0,00      0,00      0,00      0,00      0,00      0,00      0,00      0,00    100,00
23:16:28         13      0,50      0,00      0,00      0,00      0,00      0,00      0,00      0,00      0,00     99,50
23:16:28         14      0,50      0,00      0,00      0,00      0,00      0,00      0,00      0,00      0,00     99,50
23:16:28         15      0,00      0,00      0,50      0,00      0,00      0,00      0,00      0,00      0,00     99,50

23:16:26        IFACE   rxpck/s   txpck/s    rxkB/s    txkB/s   rxcmp/s   txcmp/s  rxmcst/s   %ifutil
23:16:28           lo      0,00      0,00      0,00      0,00      0,00      0,00      0,00      0,00
23:16:28         eno1      2,50      0,00      0,16      0,00      0,00      0,00      1,00      0,00
23:16:28         eno2      0,00      0,00      0,00      0,00      0,00      0,00      0,00      0,00
23:16:28      docker0      0,00      0,00      0,00      0,00      0,00      0,00      0,00      0,00
23:16:28      ens2np0 2349403,50 2349672,00 1165524,39 1165657,59      0,00      0,00      0,00     95,49
23:16:28      ens2np1      0,00      0,00      0,00      0,00      0,00      0,00      0,00      0,00

23:16:28        CPU      %usr     %nice      %sys   %iowait    %steal      %irq     %soft    %guest    %gnice     %idle
23:16:30        all      0,00      0,00      0,00      0,00      0,00      0,00     12,83      0,00      0,00     87,17
23:16:30          0      0,00      0,00      0,00      0,00      0,00      0,00     51,58      0,00      0,00     48,42
23:16:30          1      0,00      0,00      0,00      0,00      0,00      0,00     53,77      0,00      0,00     46,23
23:16:30          2      0,00      0,00      0,00      0,00      0,00      0,00     51,32      0,00      0,00     48,68
23:16:30          3      0,00      0,00      0,00      0,00      0,00      0,00     53,30      0,00      0,00     46,70
23:16:30          4      0,00      0,00      0,00      0,00      0,00      0,00      0,00      0,00      0,00    100,00
23:16:30          5      0,00      0,00      0,00      0,00      0,00      0,00      0,00      0,00      0,00    100,00
23:16:30          6      0,00      0,00      0,00      0,00      0,00      0,00      0,00      0,00      0,00    100,00
23:16:30          7      0,00      0,00      0,00      0,00      0,00      0,00      0,00      0,00      0,00    100,00
23:16:30          8      0,00      0,00      0,00      0,00      0,00      0,00      0,00      0,00      0,00    100,00
23:16:30          9      0,00      0,00      0,00      0,00      0,00      0,00      0,00      0,00      0,00    100,00
23:16:30         10      0,00      0,00      0,00      0,00      0,00      0,00      0,00      0,00      0,00    100,00
23:16:30         11      0,00      0,00      0,00      0,00      0,00      0,00      0,00      0,00      0,00    100,00
23:16:30         12      0,00      0,00      0,00      0,00      0,00      0,00      0,00      0,00      0,00    100,00
23:16:30         13      0,00      0,00      0,00      0,00      0,00      0,00      0,00      0,00      0,00    100,00
23:16:30         14      0,00      0,00      0,00      0,00      0,00      0,00      0,00      0,00      0,00    100,00
23:16:30         15      0,00      0,00      0,00      0,00      0,00      0,00      0,00      0,00      0,00    100,00

23:16:28        IFACE   rxpck/s   txpck/s    rxkB/s    txkB/s   rxcmp/s   txcmp/s  rxmcst/s   %ifutil
23:16:30           lo      0,00      0,00      0,00      0,00      0,00      0,00      0,00      0,00
23:16:30         eno1      4,00      0,00      0,25      0,00      0,00      0,00      1,00      0,00
23:16:30         eno2      0,00      0,00      0,00      0,00      0,00      0,00      0,00      0,00
23:16:30      docker0      0,00      0,00      0,00      0,00      0,00      0,00      0,00      0,00
23:16:30      ens2np0 2349567,00 2350612,00 1165605,50 1166123,92      0,00      0,00      0,00     95,53
23:16:30      ens2np1      0,00      0,00      0,00      0,00      0,00      0,00      0,00      0,00

23:16:30        CPU      %usr     %nice      %sys   %iowait    %steal      %irq     %soft    %guest    %gnice     %idle
23:16:32        all      0,03      0,00      0,00      0,00      0,00      0,00     13,55      0,00      0,00     86,42
23:16:32          0      0,00      0,00      0,00      0,00      0,00      0,00     51,58      0,00      0,00     48,42
23:16:32          1      0,00      0,00      0,00      0,00      0,00      0,00     53,30      0,00      0,00     46,70
23:16:32          2      0,00      0,00      0,00      0,00      0,00      0,00     56,19      0,00      0,00     43,81
23:16:32          3      0,00      0,00      0,00      0,00      0,00      0,00     55,12      0,00      0,00     44,88
23:16:32          4      0,00      0,00      0,00      0,00      0,00      0,00      0,00      0,00      0,00    100,00
23:16:32          5      0,00      0,00      0,00      0,00      0,00      0,00      0,00      0,00      0,00    100,00
23:16:32          6      0,00      0,00      0,00      0,00      0,00      0,00      0,00      0,00      0,00    100,00
23:16:32          7      0,00      0,00      0,00      0,00      0,00      0,00      0,00      0,00      0,00    100,00
23:16:32          8      0,00      0,00      0,00      0,00      0,00      0,00      0,00      0,00      0,00    100,00
23:16:32          9      0,00      0,00      0,00      0,00      0,00      0,00      0,00      0,00      0,00    100,00
23:16:32         10      0,00      0,00      0,00      0,00      0,00      0,00      0,00      0,00      0,00    100,00
23:16:32         11      0,00      0,00      0,00      0,00      0,00      0,00      0,00      0,00      0,00    100,00
23:16:32         12      0,50      0,00      0,00      0,00      0,00      0,00      0,00      0,00      0,00     99,50
23:16:32         13      0,00      0,00      0,00      0,00      0,00      0,00      0,00      0,00      0,00    100,00
23:16:32         14      0,00      0,00      0,00      0,00      0,00      0,00      0,00      0,00      0,00    100,00
23:16:32         15      0,00      0,00      0,00      0,00      0,00      0,00      0,00      0,00      0,00    100,00

23:16:30        IFACE   rxpck/s   txpck/s    rxkB/s    txkB/s   rxcmp/s   txcmp/s  rxmcst/s   %ifutil
23:16:32           lo      0,00      0,00      0,00      0,00      0,00      0,00      0,00      0,00
23:16:32         eno1      3,50      0,00      0,22      0,00      0,00      0,00      1,00      0,00
23:16:32         eno2      0,00      0,00      0,00      0,00      0,00      0,00      0,00      0,00
23:16:32      docker0      0,00      0,00      0,00      0,00      0,00      0,00      0,00      0,00
23:16:32      ens2np0 2349600,50 2349684,00 1165622,12 1165663,55      0,00      0,00      0,00     95,49
23:16:32      ens2np1      0,00      0,00      0,00      0,00      0,00      0,00      0,00      0,00

23:16:32        CPU      %usr     %nice      %sys   %iowait    %steal      %irq     %soft    %guest    %gnice     %idle
23:16:34        all      0,00      0,00      0,03      0,00      0,00      0,00     13,03      0,00      0,00     86,94
23:16:34          0      0,00      0,00      0,00      0,00      0,00      0,00     52,06      0,00      0,00     47,94
23:16:34          1      0,00      0,00      0,00      0,00      0,00      0,00     52,06      0,00      0,00     47,94
23:16:34          2      0,00      0,00      0,00      0,00      0,00      0,00     54,00      0,00      0,00     46,00
23:16:34          3      0,00      0,00      0,00      0,00      0,00      0,00     53,03      0,00      0,00     46,97
23:16:34          4      0,00      0,00      0,00      0,00      0,00      0,00      0,00      0,00      0,00    100,00
23:16:34          5      0,00      0,00      0,00      0,00      0,00      0,00      0,00      0,00      0,00    100,00
23:16:34          6      0,00      0,00      0,50      0,00      0,00      0,00      0,00      0,00      0,00     99,50
23:16:34          7      0,00      0,00      0,00      0,00      0,00      0,00      0,00      0,00      0,00    100,00
23:16:34          8      0,00      0,00      0,00      0,00      0,00      0,00      0,00      0,00      0,00    100,00
23:16:34          9      0,00      0,00      0,00      0,00      0,00      0,00      0,00      0,00      0,00    100,00
23:16:34         10      0,00      0,00      0,00      0,00      0,00      0,00      0,00      0,00      0,00    100,00
23:16:34         11      0,00      0,00      0,00      0,00      0,00      0,00      0,00      0,00      0,00    100,00
23:16:34         12      0,00      0,00      0,00      0,00      0,00      0,00      0,00      0,00      0,00    100,00
23:16:34         13      0,00      0,00      0,00      0,00      0,00      0,00      0,00      0,00      0,00    100,00
23:16:34         14      0,00      0,00      0,00      0,00      0,00      0,00      0,00      0,00      0,00    100,00
23:16:34         15      0,00      0,00      0,00      0,00      0,00      0,00      0,00      0,00      0,00    100,00

23:16:32        IFACE   rxpck/s   txpck/s    rxkB/s    txkB/s   rxcmp/s   txcmp/s  rxmcst/s   %ifutil
23:16:34           lo      0,00      0,00      0,00      0,00      0,00      0,00      0,00      0,00
23:16:34         eno1      3,50      0,00      0,22      0,00      0,00      0,00      1,00      0,00
23:16:34         eno2      0,00      0,00      0,00      0,00      0,00      0,00      0,00      0,00
23:16:34      docker0      0,00      0,00      0,00      0,00      0,00      0,00      0,00      0,00
23:16:34      ens2np0 2349825,50 2348684,00 1165733,74 1165167,45      0,00      0,00      0,00     95,50
23:16:34      ens2np1      0,00      0,00      0,00      0,00      0,00      0,00      0,00      0,00

23:16:34        CPU      %usr     %nice      %sys   %iowait    %steal      %irq     %soft    %guest    %gnice     %idle
23:16:36        all      0,34      0,00      0,16      0,00      0,00      0,00     13,50      0,00      0,00     86,00
23:16:36          0      0,00      0,00      0,51      0,00      0,00      0,00     53,03      0,00      0,00     46,46
23:16:36          1      0,00      0,00      0,00      0,00      0,00      0,00     53,33      0,00      0,00     46,67
23:16:36          2      0,50      0,00      0,00      0,00      0,00      0,00     53,96      0,00      0,00     45,54
23:16:36          3      0,00      0,00      0,00      0,00      0,00      0,00     55,61      0,00      0,00     44,39
23:16:36          4      0,00      0,00      0,00      0,00      0,00      0,00      0,00      0,00      0,00    100,00
23:16:36          5      0,50      0,00      0,00      0,00      0,00      0,00      0,00      0,00      0,00     99,50
23:16:36          6      0,50      0,00      0,50      0,00      0,00      0,00      0,00      0,00      0,00     99,00
23:16:36          7      1,00      0,00      0,50      0,00      0,00      0,00      0,00      0,00      0,00     98,50
23:16:36          8      0,50      0,00      0,00      0,00      0,00      0,00      0,00      0,00      0,00     99,50
23:16:36          9      2,00      0,00      0,00      0,00      0,00      0,00      0,00      0,00      0,00     98,00
23:16:36         10      0,00      0,00      0,00      0,00      0,00      0,00      0,00      0,00      0,00    100,00
23:16:36         11      0,00      0,00      0,50      0,00      0,00      0,00      0,00      0,00      0,00     99,50
23:16:36         12      0,00      0,00      0,00      0,00      0,00      0,00      0,00      0,00      0,00    100,00
23:16:36         13      0,00      0,00      0,00      0,00      0,00      0,00      0,00      0,00      0,00    100,00
23:16:36         14      0,00      0,00      0,50      0,00      0,00      0,00      0,00      0,00      0,00     99,50
23:16:36         15      0,50      0,00      0,00      0,00      0,00      0,00      0,00      0,00      0,00     99,50

23:16:34        IFACE   rxpck/s   txpck/s    rxkB/s    txkB/s   rxcmp/s   txcmp/s  rxmcst/s   %ifutil
23:16:36           lo      0,00      0,00      0,00      0,00      0,00      0,00      0,00      0,00
23:16:36         eno1      4,50      0,00      0,28      0,00      0,00      0,00      1,00      0,00
23:16:36         eno2      0,00      0,00      0,00      0,00      0,00      0,00      0,00      0,00
23:16:36      docker0      0,00      0,00      0,00      0,00      0,00      0,00      0,00      0,00
23:16:36      ens2np0 2349659,50 2349240,00 1165651,39 1165443,28      0,00      0,00      0,00     95,49
23:16:36      ens2np1      0,00      0,00      0,00      0,00      0,00      0,00      0,00      0,00

Average:        CPU      %usr     %nice      %sys   %iowait    %steal      %irq     %soft    %guest    %gnice     %idle
Average:        all      0,11      0,00      0,04      0,00      0,00      0,00     10,23      0,00      0,00     89,63
Average:          0      0,08      0,00      0,04      0,00      0,00      0,00     40,29      0,00      0,00     59,58
Average:          1      0,06      0,00      0,02      0,00      0,00      0,00     41,48      0,00      0,00     58,44
Average:          2      0,04      0,00      0,00      0,00      0,00      0,00     41,59      0,00      0,00     58,37
Average:          3      0,04      0,00      0,02      0,02      0,00      0,00     41,79      0,00      0,00     58,13
Average:          4      0,06      0,00      0,00      0,00      0,00      0,00      0,00      0,00      0,00     99,94
Average:          5      0,10      0,00      0,02      0,00      0,00      0,00      0,00      0,00      0,00     99,88
Average:          6      0,16      0,00      0,16      0,00      0,00      0,00      0,00      0,00      0,00     99,68
Average:          7      0,20      0,00      0,10      0,00      0,00      0,00      0,00      0,00      0,00     99,70
Average:          8      0,14      0,00      0,00      0,00      0,00      0,00      0,00      0,00      0,00     99,86
Average:          9      0,26      0,00      0,08      0,00      0,00      0,00      0,00      0,00      0,00     99,66
Average:         10      0,08      0,00      0,02      0,00      0,00      0,00      0,00      0,00      0,00     99,90
Average:         11      0,08      0,00      0,02      0,00      0,00      0,00      0,00      0,00      0,00     99,90
Average:         12      0,10      0,00      0,00      0,00      0,00      0,00      0,00      0,00      0,00     99,90
Average:         13      0,06      0,00      0,02      0,00      0,00      0,00      0,00      0,00      0,00     99,92
Average:         14      0,08      0,00      0,02      0,00      0,00      0,00      0,00      0,00      0,00     99,90
Average:         15      0,14      0,00      0,04      0,00      0,00      0,00      0,00      0,00      0,00     99,82

Average:        IFACE   rxpck/s   txpck/s    rxkB/s    txkB/s   rxcmp/s   txcmp/s  rxmcst/s   %ifutil
Average:           lo      0,00      0,00      0,00      0,00      0,00      0,00      0,00      0,00
Average:         eno1      4,86      1,00      0,44      0,18      0,00      0,00      1,06      0,00
Average:         eno2      0,00      0,00      0,00      0,00      0,00      0,00      0,00      0,00
Average:      docker0      0,00      0,00      0,00      0,00      0,00      0,00      0,00      0,00
Average:      ens2np0 1838465,36 1838147,18 912051,17 911893,33      0,00      0,00      0,00     74,72
Average:      ens2np1      0,00      0,00      0,00      0,00      0,00      0,00      0,00      0,00
