Linux 5.13.0-52-generic (w1) 	15/07/2022 	_x86_64_	(16 CPU)

20:57:36        CPU      %usr     %nice      %sys   %iowait    %steal      %irq     %soft    %guest    %gnice     %idle
20:57:38        all      0,09      0,00      0,00      0,00      0,00      0,00      0,00      0,00      0,00     99,91
20:57:38          0      0,00      0,00      0,00      0,00      0,00      0,00      0,00      0,00      0,00    100,00
20:57:38          1      0,00      0,00      0,00      0,00      0,00      0,00      0,00      0,00      0,00    100,00
20:57:38          2      1,00      0,00      0,00      0,00      0,00      0,00      0,00      0,00      0,00     99,00
20:57:38          3      0,00      0,00      0,00      0,00      0,00      0,00      0,00      0,00      0,00    100,00
20:57:38          4      0,00      0,00      0,00      0,00      0,00      0,00      0,00      0,00      0,00    100,00
20:57:38          5      0,00      0,00      0,00      0,00      0,00      0,00      0,00      0,00      0,00    100,00
20:57:38          6      0,00      0,00      0,00      0,00      0,00      0,00      0,00      0,00      0,00    100,00
20:57:38          7      0,00      0,00      0,00      0,00      0,00      0,00      0,00      0,00      0,00    100,00
20:57:38          8      0,00      0,00      0,00      0,00      0,00      0,00      0,00      0,00      0,00    100,00
20:57:38          9      0,00      0,00      0,00      0,00      0,00      0,00      0,00      0,00      0,00    100,00
20:57:38         10      0,00      0,00      0,00      0,00      0,00      0,00      0,00      0,00      0,00    100,00
20:57:38         11      0,00      0,00      0,00      0,00      0,00      0,00      0,00      0,00      0,00    100,00
20:57:38         12      0,50      0,00      0,00      0,00      0,00      0,00      0,00      0,00      0,00     99,50
20:57:38         13      0,00      0,00      0,00      0,00      0,00      0,00      0,00      0,00      0,00    100,00
20:57:38         14      0,00      0,00      0,00      0,00      0,00      0,00      0,00      0,00      0,00    100,00
20:57:38         15      0,00      0,00      0,00      0,00      0,00      0,00      0,00      0,00      0,00    100,00

20:57:36        IFACE   rxpck/s   txpck/s    rxkB/s    txkB/s   rxcmp/s   txcmp/s  rxmcst/s   %ifutil
20:57:38           lo      0,00      0,00      0,00      0,00      0,00      0,00      0,00      0,00
20:57:38         eno1     17,50     17,00      3,42      3,25      0,00      0,00      1,00      0,00
20:57:38         eno2      0,00      0,00      0,00      0,00      0,00      0,00      0,00      0,00
20:57:38      docker0      0,00      0,00      0,00      0,00      0,00      0,00      0,00      0,00
20:57:38      ens2np0      0,00      0,00      0,00      0,00      0,00      0,00      0,00      0,00
20:57:38      ens2np1      0,00      0,00      0,00      0,00      0,00      0,00      0,00      0,00

20:57:38        CPU      %usr     %nice      %sys   %iowait    %steal      %irq     %soft    %guest    %gnice     %idle
20:57:40        all      0,00      0,00      0,00      0,00      0,00      0,00      0,00      0,00      0,00    100,00
20:57:40          0      0,00      0,00      0,00      0,00      0,00      0,00      0,00      0,00      0,00    100,00
20:57:40          1      0,00      0,00      0,00      0,00      0,00      0,00      0,00      0,00      0,00    100,00
20:57:40          2      0,00      0,00      0,00      0,00      0,00      0,00      0,00      0,00      0,00    100,00
20:57:40          3      0,00      0,00      0,00      0,00      0,00      0,00      0,00      0,00      0,00    100,00
20:57:40          4      0,00      0,00      0,00      0,00      0,00      0,00      0,00      0,00      0,00    100,00
20:57:40          5      0,00      0,00      0,00      0,00      0,00      0,00      0,00      0,00      0,00    100,00
20:57:40          6      0,00      0,00      0,00      0,00      0,00      0,00      0,00      0,00      0,00    100,00
20:57:40          7      0,00      0,00      0,00      0,00      0,00      0,00      0,00      0,00      0,00    100,00
20:57:40          8      0,00      0,00      0,00      0,00      0,00      0,00      0,00      0,00      0,00    100,00
20:57:40          9      0,00      0,00      0,00      0,00      0,00      0,00      0,00      0,00      0,00    100,00
20:57:40         10      0,00      0,00      0,00      0,00      0,00      0,00      0,00      0,00      0,00    100,00
20:57:40         11      0,00      0,00      0,00      0,00      0,00      0,00      0,00      0,00      0,00    100,00
20:57:40         12      0,00      0,00      0,00      0,00      0,00      0,00      0,00      0,00      0,00    100,00
20:57:40         13      0,00      0,00      0,00      0,00      0,00      0,00      0,00      0,00      0,00    100,00
20:57:40         14      0,00      0,00      0,00      0,00      0,00      0,00      0,00      0,00      0,00    100,00
20:57:40         15      0,00      0,00      0,00      0,00      0,00      0,00      0,00      0,00      0,00    100,00

20:57:38        IFACE   rxpck/s   txpck/s    rxkB/s    txkB/s   rxcmp/s   txcmp/s  rxmcst/s   %ifutil
20:57:40           lo      0,00      0,00      0,00      0,00      0,00      0,00      0,00      0,00
20:57:40         eno1     10,00      0,00      0,63      0,00      0,00      0,00      1,00      0,00
20:57:40         eno2      0,00      0,00      0,00      0,00      0,00      0,00      0,00      0,00
20:57:40      docker0      0,00      0,00      0,00      0,00      0,00      0,00      0,00      0,00
20:57:40      ens2np0      0,00      0,00      0,00      0,00      0,00      0,00      0,00      0,00
20:57:40      ens2np1      0,00      0,00      0,00      0,00      0,00      0,00      0,00      0,00

20:57:40        CPU      %usr     %nice      %sys   %iowait    %steal      %irq     %soft    %guest    %gnice     %idle
20:57:42        all      0,00      0,00      0,00      0,00      0,00      0,00      0,00      0,00      0,00    100,00
20:57:42          0      0,00      0,00      0,00      0,00      0,00      0,00      0,00      0,00      0,00    100,00
20:57:42          1      0,00      0,00      0,00      0,00      0,00      0,00      0,00      0,00      0,00    100,00
20:57:42          2      0,00      0,00      0,00      0,00      0,00      0,00      0,00      0,00      0,00    100,00
20:57:42          3      0,00      0,00      0,00      0,00      0,00      0,00      0,00      0,00      0,00    100,00
20:57:42          4      0,00      0,00      0,00      0,00      0,00      0,00      0,00      0,00      0,00    100,00
20:57:42          5      0,00      0,00      0,00      0,00      0,00      0,00      0,00      0,00      0,00    100,00
20:57:42          6      0,00      0,00      0,00      0,00      0,00      0,00      0,00      0,00      0,00    100,00
20:57:42          7      0,00      0,00      0,00      0,00      0,00      0,00      0,00      0,00      0,00    100,00
20:57:42          8      0,00      0,00      0,00      0,00      0,00      0,00      0,00      0,00      0,00    100,00
20:57:42          9      0,00      0,00      0,00      0,00      0,00      0,00      0,00      0,00      0,00    100,00
20:57:42         10      0,00      0,00      0,00      0,00      0,00      0,00      0,00      0,00      0,00    100,00
20:57:42         11      0,00      0,00      0,00      0,00      0,00      0,00      0,00      0,00      0,00    100,00
20:57:42         12      0,00      0,00      0,00      0,00      0,00      0,00      0,00      0,00      0,00    100,00
20:57:42         13      0,00      0,00      0,00      0,00      0,00      0,00      0,00      0,00      0,00    100,00
20:57:42         14      0,00      0,00      0,00      0,00      0,00      0,00      0,00      0,00      0,00    100,00
20:57:42         15      0,00      0,00      0,00      0,00      0,00      0,00      0,00      0,00      0,00    100,00

20:57:40        IFACE   rxpck/s   txpck/s    rxkB/s    txkB/s   rxcmp/s   txcmp/s  rxmcst/s   %ifutil
20:57:42           lo      0,00      0,00      0,00      0,00      0,00      0,00      0,00      0,00
20:57:42         eno1      3,50      0,50      0,26      0,03      0,00      0,00      1,00      0,00
20:57:42         eno2      0,00      0,00      0,00      0,00      0,00      0,00      0,00      0,00
20:57:42      docker0      0,00      0,00      0,00      0,00      0,00      0,00      0,00      0,00
20:57:42      ens2np0      0,00      0,00      0,00      0,00      0,00      0,00      0,00      0,00
20:57:42      ens2np1      0,00      0,00      0,00      0,00      0,00      0,00      0,00      0,00

20:57:42        CPU      %usr     %nice      %sys   %iowait    %steal      %irq     %soft    %guest    %gnice     %idle
20:57:44        all      0,41      0,00      0,19      0,00      0,00      0,00      0,00      0,00      0,00     99,41
20:57:44          0      1,50      0,00      0,00      0,00      0,00      0,00      0,00      0,00      0,00     98,50
20:57:44          1      0,00      0,00      0,50      0,00      0,00      0,00      0,00      0,00      0,00     99,50
20:57:44          2      0,50      0,00      0,00      0,00      0,00      0,00      0,00      0,00      0,00     99,50
20:57:44          3      0,50      0,00      0,00      0,00      0,00      0,00      0,00      0,00      0,00     99,50
20:57:44          4      0,00      0,00      0,00      0,00      0,00      0,00      0,00      0,00      0,00    100,00
20:57:44          5      0,50      0,00      0,50      0,00      0,00      0,00      0,00      0,00      0,00     99,00
20:57:44          6      0,00      0,00      0,00      0,00      0,00      0,00      0,00      0,00      0,00    100,00
20:57:44          7      1,50      0,00      0,50      0,00      0,00      0,00      0,00      0,00      0,00     98,00
20:57:44          8      0,00      0,00      0,00      0,00      0,00      0,00      0,00      0,00      0,00    100,00
20:57:44          9      0,00      0,00      0,00      0,00      0,00      0,00      0,00      0,00      0,00    100,00
20:57:44         10      0,00      0,00      0,00      0,00      0,00      0,00      0,00      0,00      0,00    100,00
20:57:44         11      1,00      0,00      0,50      0,00      0,00      0,00      0,00      0,00      0,00     98,50
20:57:44         12      0,50      0,00      0,00      0,00      0,00      0,00      0,00      0,00      0,00     99,50
20:57:44         13      0,50      0,00      0,00      0,00      0,00      0,00      0,00      0,00      0,00     99,50
20:57:44         14      0,00      0,00      0,50      0,00      0,00      0,00      0,00      0,00      0,00     99,50
20:57:44         15      0,00      0,00      0,50      0,00      0,00      0,00      0,00      0,00      0,00     99,50

20:57:42        IFACE   rxpck/s   txpck/s    rxkB/s    txkB/s   rxcmp/s   txcmp/s  rxmcst/s   %ifutil
20:57:44           lo      0,00      0,00      0,00      0,00      0,00      0,00      0,00      0,00
20:57:44         eno1      7,00      1,50      0,56      0,13      0,00      0,00      1,00      0,00
20:57:44         eno2      0,00      0,00      0,00      0,00      0,00      0,00      0,00      0,00
20:57:44      docker0      0,00      0,00      0,00      0,00      0,00      0,00      0,00      0,00
20:57:44      ens2np0      0,00      0,00      0,00      0,00      0,00      0,00      0,00      0,00
20:57:44      ens2np1      0,00      0,00      0,00      0,00      0,00      0,00      0,00      0,00

20:57:44        CPU      %usr     %nice      %sys   %iowait    %steal      %irq     %soft    %guest    %gnice     %idle
20:57:46        all      0,00      0,00      0,00      0,00      0,00      0,00      0,00      0,00      0,00    100,00
20:57:46          0      0,00      0,00      0,00      0,00      0,00      0,00      0,00      0,00      0,00    100,00
20:57:46          1      0,00      0,00      0,00      0,00      0,00      0,00      0,00      0,00      0,00    100,00
20:57:46          2      0,00      0,00      0,00      0,00      0,00      0,00      0,00      0,00      0,00    100,00
20:57:46          3      0,00      0,00      0,00      0,00      0,00      0,00      0,00      0,00      0,00    100,00
20:57:46          4      0,00      0,00      0,00      0,00      0,00      0,00      0,00      0,00      0,00    100,00
20:57:46          5      0,00      0,00      0,00      0,00      0,00      0,00      0,00      0,00      0,00    100,00
20:57:46          6      0,00      0,00      0,00      0,00      0,00      0,00      0,00      0,00      0,00    100,00
20:57:46          7      0,00      0,00      0,00      0,00      0,00      0,00      0,00      0,00      0,00    100,00
20:57:46          8      0,00      0,00      0,00      0,00      0,00      0,00      0,00      0,00      0,00    100,00
20:57:46          9      0,00      0,00      0,00      0,00      0,00      0,00      0,00      0,00      0,00    100,00
20:57:46         10      0,00      0,00      0,00      0,00      0,00      0,00      0,00      0,00      0,00    100,00
20:57:46         11      0,00      0,00      0,00      0,00      0,00      0,00      0,00      0,00      0,00    100,00
20:57:46         12      0,00      0,00      0,00      0,00      0,00      0,00      0,00      0,00      0,00    100,00
20:57:46         13      0,00      0,00      0,00      0,00      0,00      0,00      0,00      0,00      0,00    100,00
20:57:46         14      0,00      0,00      0,00      0,00      0,00      0,00      0,00      0,00      0,00    100,00
20:57:46         15      0,00      0,00      0,00      0,00      0,00      0,00      0,00      0,00      0,00    100,00

20:57:44        IFACE   rxpck/s   txpck/s    rxkB/s    txkB/s   rxcmp/s   txcmp/s  rxmcst/s   %ifutil
20:57:46           lo      0,00      0,00      0,00      0,00      0,00      0,00      0,00      0,00
20:57:46         eno1      6,00      0,00      0,38      0,00      0,00      0,00      1,00      0,00
20:57:46         eno2      0,00      0,00      0,00      0,00      0,00      0,00      0,00      0,00
20:57:46      docker0      0,00      0,00      0,00      0,00      0,00      0,00      0,00      0,00
20:57:46      ens2np0      0,00      0,00      0,00      0,00      0,00      0,00      0,00      0,00
20:57:46      ens2np1      0,00      0,00      0,00      0,00      0,00      0,00      0,00      0,00

20:57:46        CPU      %usr     %nice      %sys   %iowait    %steal      %irq     %soft    %guest    %gnice     %idle
20:57:48        all      0,00      0,00      0,03      0,00      0,00      0,00      1,48      0,00      0,00     98,49
20:57:48          0      0,00      0,00      0,00      0,00      0,00      0,00     23,08      0,00      0,00     76,92
20:57:48          1      0,00      0,00      0,00      0,00      0,00      0,00      4,90      0,00      0,00     95,10
20:57:48          2      0,00      0,00      0,00      0,00      0,00      0,00      0,00      0,00      0,00    100,00
20:57:48          3      0,00      0,00      0,00      0,00      0,00      0,00      0,00      0,00      0,00    100,00
20:57:48          4      0,00      0,00      0,00      0,00      0,00      0,00      0,00      0,00      0,00    100,00
20:57:48          5      0,00      0,00      0,00      0,00      0,00      0,00      0,00      0,00      0,00    100,00
20:57:48          6      0,00      0,00      0,00      0,00      0,00      0,00      0,00      0,00      0,00    100,00
20:57:48          7      0,00      0,00      0,00      0,00      0,00      0,00      0,00      0,00      0,00    100,00
20:57:48          8      0,00      0,00      0,00      0,00      0,00      0,00      0,00      0,00      0,00    100,00
20:57:48          9      0,00      0,00      0,00      0,00      0,00      0,00      0,00      0,00      0,00    100,00
20:57:48         10      0,00      0,00      0,00      0,00      0,00      0,00      0,00      0,00      0,00    100,00
20:57:48         11      0,00      0,00      0,00      0,00      0,00      0,00      0,00      0,00      0,00    100,00
20:57:48         12      0,00      0,00      0,00      0,00      0,00      0,00      0,00      0,00      0,00    100,00
20:57:48         13      0,00      0,00      0,00      0,00      0,00      0,00      0,00      0,00      0,00    100,00
20:57:48         14      0,00      0,00      0,50      0,00      0,00      0,00      0,00      0,00      0,00     99,50
20:57:48         15      0,00      0,00      0,00      0,00      0,00      0,00      0,00      0,00      0,00    100,00

20:57:46        IFACE   rxpck/s   txpck/s    rxkB/s    txkB/s   rxcmp/s   txcmp/s  rxmcst/s   %ifutil
20:57:48           lo      0,00      0,00      0,00      0,00      0,00      0,00      0,00      0,00
20:57:48         eno1      3,00      0,00      0,19      0,00      0,00      0,00      1,00      0,00
20:57:48         eno2      0,00      0,00      0,00      0,00      0,00      0,00      0,00      0,00
20:57:48      docker0      0,00      0,00      0,00      0,00      0,00      0,00      0,00      0,00
20:57:48      ens2np0 477596,00 474063,50 697737,91 692577,14      0,00      0,00      0,00     57,16
20:57:48      ens2np1      0,00      0,00      0,00      0,00      0,00      0,00      0,00      0,00

20:57:48        CPU      %usr     %nice      %sys   %iowait    %steal      %irq     %soft    %guest    %gnice     %idle
20:57:50        all      0,00      0,00      0,00      0,00      0,00      0,00      4,82      0,00      0,00     95,18
20:57:50          0      0,00      0,00      0,00      0,00      0,00      0,00     54,44      0,00      0,00     45,56
20:57:50          1      0,00      0,00      0,00      0,00      0,00      0,00     38,52      0,00      0,00     61,48
20:57:50          2      0,00      0,00      0,00      0,00      0,00      0,00      0,00      0,00      0,00    100,00
20:57:50          3      0,00      0,00      0,00      0,00      0,00      0,00      0,00      0,00      0,00    100,00
20:57:50          4      0,00      0,00      0,00      0,00      0,00      0,00      0,00      0,00      0,00    100,00
20:57:50          5      0,00      0,00      0,00      0,00      0,00      0,00      0,00      0,00      0,00    100,00
20:57:50          6      0,00      0,00      0,00      0,00      0,00      0,00      0,00      0,00      0,00    100,00
20:57:50          7      0,00      0,00      0,00      0,00      0,00      0,00      0,00      0,00      0,00    100,00
20:57:50          8      0,00      0,00      0,00      0,00      0,00      0,00      0,00      0,00      0,00    100,00
20:57:50          9      0,00      0,00      0,00      0,00      0,00      0,00      0,00      0,00      0,00    100,00
20:57:50         10      0,00      0,00      0,00      0,00      0,00      0,00      0,00      0,00      0,00    100,00
20:57:50         11      0,00      0,00      0,00      0,00      0,00      0,00      0,00      0,00      0,00    100,00
20:57:50         12      0,00      0,00      0,00      0,00      0,00      0,00      0,00      0,00      0,00    100,00
20:57:50         13      0,00      0,00      0,00      0,00      0,00      0,00      0,00      0,00      0,00    100,00
20:57:50         14      0,00      0,00      0,00      0,00      0,00      0,00      0,00      0,00      0,00    100,00
20:57:50         15      0,00      0,00      0,00      0,00      0,00      0,00      0,00      0,00      0,00    100,00

20:57:48        IFACE   rxpck/s   txpck/s    rxkB/s    txkB/s   rxcmp/s   txcmp/s  rxmcst/s   %ifutil
20:57:50           lo      0,00      0,00      0,00      0,00      0,00      0,00      0,00      0,00
20:57:50         eno1      7,00      0,50      0,44      0,03      0,00      0,00      1,00      0,00
20:57:50         eno2      0,00      0,00      0,00      0,00      0,00      0,00      0,00      0,00
20:57:50      docker0      0,00      0,00      0,00      0,00      0,00      0,00      0,00      0,00
20:57:50      ens2np0 822359,00 822412,00 1201415,10 1201492,53      0,00      0,00      0,00     98,43
20:57:50      ens2np1      0,00      0,00      0,00      0,00      0,00      0,00      0,00      0,00

20:57:50        CPU      %usr     %nice      %sys   %iowait    %steal      %irq     %soft    %guest    %gnice     %idle
20:57:52        all      0,22      0,00      0,00      0,00      0,00      0,00      5,50      0,00      0,00     94,27
20:57:52          0      0,00      0,00      0,00      0,00      0,00      0,00     52,87      0,00      0,00     47,13
20:57:52          1      0,61      0,00      0,00      0,00      0,00      0,00     49,09      0,00      0,00     50,30
20:57:52          2      0,00      0,00      0,00      0,00      0,00      0,00      0,00      0,00      0,00    100,00
20:57:52          3      0,00      0,00      0,00      0,00      0,00      0,00      0,00      0,00      0,00    100,00
20:57:52          4      0,00      0,00      0,00      0,00      0,00      0,00      0,00      0,00      0,00    100,00
20:57:52          5      0,00      0,00      0,00      0,00      0,00      0,00      0,00      0,00      0,00    100,00
20:57:52          6      0,50      0,00      0,00      0,00      0,00      0,00      0,00      0,00      0,00     99,50
20:57:52          7      0,50      0,00      0,00      0,00      0,00      0,00      0,00      0,00      0,00     99,50
20:57:52          8      0,50      0,00      0,00      0,00      0,00      0,00      0,00      0,00      0,00     99,50
20:57:52          9      0,50      0,00      0,00      0,00      0,00      0,00      0,00      0,00      0,00     99,50
20:57:52         10      0,50      0,00      0,00      0,00      0,00      0,00      0,00      0,00      0,00     99,50
20:57:52         11      0,00      0,00      0,00      0,00      0,00      0,00      0,00      0,00      0,00    100,00
20:57:52         12      0,00      0,00      0,00      0,00      0,00      0,00      0,00      0,00      0,00    100,00
20:57:52         13      0,00      0,00      0,00      0,00      0,00      0,00      0,00      0,00      0,00    100,00
20:57:52         14      0,50      0,00      0,00      0,00      0,00      0,00      0,00      0,00      0,00     99,50
20:57:52         15      0,00      0,00      0,00      0,00      0,00      0,00      0,00      0,00      0,00    100,00

20:57:50        IFACE   rxpck/s   txpck/s    rxkB/s    txkB/s   rxcmp/s   txcmp/s  rxmcst/s   %ifutil
20:57:52           lo      0,00      0,00      0,00      0,00      0,00      0,00      0,00      0,00
20:57:52         eno1      7,50      0,00      0,47      0,00      0,00      0,00      1,00      0,00
20:57:52         eno2      0,00      0,00      0,00      0,00      0,00      0,00      0,00      0,00
20:57:52      docker0      0,00      0,00      0,00      0,00      0,00      0,00      0,00      0,00
20:57:52      ens2np0 822361,50 822876,00 1201418,75 1202170,41      0,00      0,00      0,00     98,48
20:57:52      ens2np1      0,00      0,00      0,00      0,00      0,00      0,00      0,00      0,00

20:57:52        CPU      %usr     %nice      %sys   %iowait    %steal      %irq     %soft    %guest    %gnice     %idle
20:57:54        all      0,61      0,00      0,13      0,00      0,00      0,00      5,20      0,00      0,00     94,06
20:57:54          0      0,00      0,00      0,00      0,00      0,00      0,00     51,20      0,00      0,00     48,80
20:57:54          1      0,00      0,00      0,00      0,00      0,00      0,00     48,75      0,00      0,00     51,25
20:57:54          2      1,49      0,00      0,50      0,00      0,00      0,00      0,00      0,00      0,00     98,01
20:57:54          3      0,50      0,00      0,00      0,00      0,00      0,00      0,00      0,00      0,00     99,50
20:57:54          4      1,00      0,00      0,00      0,00      0,00      0,00      0,00      0,00      0,00     99,00
20:57:54          5      0,50      0,00      0,00      0,00      0,00      0,00      0,00      0,00      0,00     99,50
20:57:54          6      0,50      0,00      0,50      0,00      0,00      0,00      0,00      0,00      0,00     99,00
20:57:54          7      0,50      0,00      0,50      0,00      0,00      0,00      0,00      0,00      0,00     99,00
20:57:54          8      0,50      0,00      0,00      0,00      0,00      0,00      0,00      0,00      0,00     99,50
20:57:54          9      0,50      0,00      0,50      0,00      0,00      0,00      0,00      0,00      0,00     99,00
20:57:54         10      1,00      0,00      0,00      0,00      0,00      0,00      0,00      0,00      0,00     99,00
20:57:54         11      1,01      0,00      0,00      0,00      0,00      0,00      0,00      0,00      0,00     98,99
20:57:54         12      0,50      0,00      0,00      0,00      0,00      0,00      0,00      0,00      0,00     99,50
20:57:54         13      0,50      0,00      0,00      0,00      0,00      0,00      0,00      0,00      0,00     99,50
20:57:54         14      0,50      0,00      0,00      0,00      0,00      0,00      0,00      0,00      0,00     99,50
20:57:54         15      0,50      0,00      0,00      0,00      0,00      0,00      0,00      0,00      0,00     99,50

20:57:52        IFACE   rxpck/s   txpck/s    rxkB/s    txkB/s   rxcmp/s   txcmp/s  rxmcst/s   %ifutil
20:57:54           lo      0,00      0,00      0,00      0,00      0,00      0,00      0,00      0,00
20:57:54         eno1      3,00      0,00      0,19      0,00      0,00      0,00      1,50      0,00
20:57:54         eno2      0,00      0,00      0,00      0,00      0,00      0,00      0,00      0,00
20:57:54      docker0      0,00      0,00      0,00      0,00      0,00      0,00      0,00      0,00
20:57:54      ens2np0 822354,50 821748,00 1201408,53 1200522,47      0,00      0,00      0,00     98,42
20:57:54      ens2np1      0,00      0,00      0,00      0,00      0,00      0,00      0,00      0,00

20:57:54        CPU      %usr     %nice      %sys   %iowait    %steal      %irq     %soft    %guest    %gnice     %idle
20:57:56        all      0,00      0,00      0,03      0,00      0,00      0,00      5,66      0,00      0,00     94,31
20:57:56          0      0,00      0,00      0,00      0,00      0,00      0,00     53,37      0,00      0,00     46,63
20:57:56          1      0,00      0,00      0,00      0,00      0,00      0,00     50,00      0,00      0,00     50,00
20:57:56          2      0,00      0,00      0,00      0,00      0,00      0,00      0,00      0,00      0,00    100,00
20:57:56          3      0,00      0,00      0,00      0,00      0,00      0,00      0,00      0,00      0,00    100,00
20:57:56          4      0,00      0,00      0,00      0,00      0,00      0,00      0,00      0,00      0,00    100,00
20:57:56          5      0,00      0,00      0,00      0,00      0,00      0,00      0,00      0,00      0,00    100,00
20:57:56          6      0,00      0,00      0,00      0,00      0,00      0,00      0,00      0,00      0,00    100,00
20:57:56          7      0,00      0,00      0,00      0,00      0,00      0,00      0,00      0,00      0,00    100,00
20:57:56          8      0,00      0,00      0,00      0,00      0,00      0,00      0,00      0,00      0,00    100,00
20:57:56          9      0,00      0,00      0,00      0,00      0,00      0,00      0,00      0,00      0,00    100,00
20:57:56         10      0,00      0,00      0,00      0,00      0,00      0,00      0,00      0,00      0,00    100,00
20:57:56         11      0,00      0,00      0,00      0,00      0,00      0,00      0,00      0,00      0,00    100,00
20:57:56         12      0,00      0,00      0,00      0,00      0,00      0,00      0,00      0,00      0,00    100,00
20:57:56         13      0,00      0,00      0,00      0,00      0,00      0,00      0,00      0,00      0,00    100,00
20:57:56         14      0,00      0,00      0,50      0,00      0,00      0,00      0,00      0,00      0,00     99,50
20:57:56         15      0,00      0,00      0,00      0,00      0,00      0,00      0,00      0,00      0,00    100,00

20:57:54        IFACE   rxpck/s   txpck/s    rxkB/s    txkB/s   rxcmp/s   txcmp/s  rxmcst/s   %ifutil
20:57:56           lo      0,00      0,00      0,00      0,00      0,00      0,00      0,00      0,00
20:57:56         eno1     10,00      0,00      0,63      0,00      0,00      0,00      1,00      0,00
20:57:56         eno2      0,00      0,00      0,00      0,00      0,00      0,00      0,00      0,00
20:57:56      docker0      0,00      0,00      0,00      0,00      0,00      0,00      0,00      0,00
20:57:56      ens2np0 822354,50 822432,00 1201408,53 1201521,75      0,00      0,00      0,00     98,43
20:57:56      ens2np1      0,00      0,00      0,00      0,00      0,00      0,00      0,00      0,00

20:57:56        CPU      %usr     %nice      %sys   %iowait    %steal      %irq     %soft    %guest    %gnice     %idle
20:57:58        all      0,00      0,00      0,00      0,00      0,00      0,00      5,88      0,00      0,00     94,12
20:57:58          0      0,00      0,00      0,00      0,00      0,00      0,00     51,76      0,00      0,00     48,24
20:57:58          1      0,00      0,00      0,00      0,00      0,00      0,00     53,89      0,00      0,00     46,11
20:57:58          2      0,00      0,00      0,00      0,00      0,00      0,00      0,00      0,00      0,00    100,00
20:57:58          3      0,00      0,00      0,00      0,00      0,00      0,00      0,00      0,00      0,00    100,00
20:57:58          4      0,00      0,00      0,00      0,00      0,00      0,00      0,00      0,00      0,00    100,00
20:57:58          5      0,00      0,00      0,00      0,00      0,00      0,00      0,00      0,00      0,00    100,00
20:57:58          6      0,00      0,00      0,00      0,00      0,00      0,00      0,00      0,00      0,00    100,00
20:57:58          7      0,00      0,00      0,00      0,00      0,00      0,00      0,00      0,00      0,00    100,00
20:57:58          8      0,00      0,00      0,00      0,00      0,00      0,00      0,00      0,00      0,00    100,00
20:57:58          9      0,00      0,00      0,00      0,00      0,00      0,00      0,00      0,00      0,00    100,00
20:57:58         10      0,00      0,00      0,00      0,00      0,00      0,00      0,00      0,00      0,00    100,00
20:57:58         11      0,00      0,00      0,00      0,00      0,00      0,00      0,00      0,00      0,00    100,00
20:57:58         12      0,00      0,00      0,00      0,00      0,00      0,00      0,00      0,00      0,00    100,00
20:57:58         13      0,00      0,00      0,00      0,00      0,00      0,00      0,00      0,00      0,00    100,00
20:57:58         14      0,00      0,00      0,00      0,00      0,00      0,00      0,00      0,00      0,00    100,00
20:57:58         15      0,00      0,00      0,00      0,00      0,00      0,00      0,00      0,00      0,00    100,00

20:57:56        IFACE   rxpck/s   txpck/s    rxkB/s    txkB/s   rxcmp/s   txcmp/s  rxmcst/s   %ifutil
20:57:58           lo      0,00      0,00      0,00      0,00      0,00      0,00      0,00      0,00
20:57:58         eno1      3,50      0,00      0,23      0,00      0,00      0,00      1,50      0,00
20:57:58         eno2      0,00      0,00      0,00      0,00      0,00      0,00      0,00      0,00
20:57:58      docker0      0,00      0,00      0,00      0,00      0,00      0,00      0,00      0,00
20:57:58      ens2np0 822364,50 821980,00 1201423,14 1200861,41      0,00      0,00      0,00     98,42
20:57:58      ens2np1      0,00      0,00      0,00      0,00      0,00      0,00      0,00      0,00

20:57:58        CPU      %usr     %nice      %sys   %iowait    %steal      %irq     %soft    %guest    %gnice     %idle
20:58:00        all      0,03      0,00      0,00      0,03      0,00      0,00      4,36      0,00      0,00     95,58
20:58:00          0      0,00      0,00      0,00      0,61      0,00      0,00     50,30      0,00      0,00     49,09
20:58:00          1      0,00      0,00      0,00      0,00      0,00      0,00     38,81      0,00      0,00     61,19
20:58:00          2      0,00      0,00      0,00      0,00      0,00      0,00      0,00      0,00      0,00    100,00
20:58:00          3      0,00      0,00      0,00      0,00      0,00      0,00      0,00      0,00      0,00    100,00
20:58:00          4      0,00      0,00      0,00      0,00      0,00      0,00      0,00      0,00      0,00    100,00
20:58:00          5      0,00      0,00      0,00      0,00      0,00      0,00      0,00      0,00      0,00    100,00
20:58:00          6      0,00      0,00      0,00      0,00      0,00      0,00      0,00      0,00      0,00    100,00
20:58:00          7      0,00      0,00      0,00      0,00      0,00      0,00      0,00      0,00      0,00    100,00
20:58:00          8      0,00      0,00      0,00      0,00      0,00      0,00      0,00      0,00      0,00    100,00
20:58:00          9      0,00      0,00      0,00      0,00      0,00      0,00      0,00      0,00      0,00    100,00
20:58:00         10      0,00      0,00      0,00      0,00      0,00      0,00      0,00      0,00      0,00    100,00
20:58:00         11      0,50      0,00      0,00      0,00      0,00      0,00      0,00      0,00      0,00     99,50
20:58:00         12      0,00      0,00      0,00      0,00      0,00      0,00      0,00      0,00      0,00    100,00
20:58:00         13      0,00      0,00      0,00      0,00      0,00      0,00      0,00      0,00      0,00    100,00
20:58:00         14      0,00      0,00      0,00      0,00      0,00      0,00      0,00      0,00      0,00    100,00
20:58:00         15      0,00      0,00      0,00      0,00      0,00      0,00      0,00      0,00      0,00    100,00

20:57:58        IFACE   rxpck/s   txpck/s    rxkB/s    txkB/s   rxcmp/s   txcmp/s  rxmcst/s   %ifutil
20:58:00           lo      0,00      0,00      0,00      0,00      0,00      0,00      0,00      0,00
20:58:00         eno1      5,50      0,00      0,35      0,00      0,00      0,00      1,00      0,00
20:58:00         eno2      0,00      0,00      0,00      0,00      0,00      0,00      0,00      0,00
20:58:00      docker0      0,00      0,00      0,00      0,00      0,00      0,00      0,00      0,00
20:58:00      ens2np0 822369,00 822924,00 1201429,71 1202240,53      0,00      0,00      0,00     98,49
20:58:00      ens2np1      0,00      0,00      0,00      0,00      0,00      0,00      0,00      0,00

20:58:00        CPU      %usr     %nice      %sys   %iowait    %steal      %irq     %soft    %guest    %gnice     %idle
20:58:02        all      0,00      0,00      0,03      0,00      0,00      0,00      5,63      0,00      0,00     94,34
20:58:02          0      0,00      0,00      0,00      0,00      0,00      0,00     54,64      0,00      0,00     45,36
20:58:02          1      0,00      0,00      0,00      0,00      0,00      0,00     48,43      0,00      0,00     51,57
20:58:02          2      0,00      0,00      0,00      0,00      0,00      0,00      0,00      0,00      0,00    100,00
20:58:02          3      0,00      0,00      0,00      0,00      0,00      0,00      0,00      0,00      0,00    100,00
20:58:02          4      0,00      0,00      0,00      0,00      0,00      0,00      0,00      0,00      0,00    100,00
20:58:02          5      0,00      0,00      0,00      0,00      0,00      0,00      0,00      0,00      0,00    100,00
20:58:02          6      0,00      0,00      0,00      0,00      0,00      0,00      0,00      0,00      0,00    100,00
20:58:02          7      0,00      0,00      0,00      0,00      0,00      0,00      0,00      0,00      0,00    100,00
20:58:02          8      0,00      0,00      0,00      0,00      0,00      0,00      0,00      0,00      0,00    100,00
20:58:02          9      0,00      0,00      0,00      0,00      0,00      0,00      0,00      0,00      0,00    100,00
20:58:02         10      0,00      0,00      0,00      0,00      0,00      0,00      0,00      0,00      0,00    100,00
20:58:02         11      0,00      0,00      0,00      0,00      0,00      0,00      0,00      0,00      0,00    100,00
20:58:02         12      0,00      0,00      0,00      0,00      0,00      0,00      0,00      0,00      0,00    100,00
20:58:02         13      0,00      0,00      0,00      0,00      0,00      0,00      0,00      0,00      0,00    100,00
20:58:02         14      0,00      0,00      0,50      0,00      0,00      0,00      0,00      0,00      0,00     99,50
20:58:02         15      0,00      0,00      0,00      0,00      0,00      0,00      0,00      0,00      0,00    100,00

20:58:00        IFACE   rxpck/s   txpck/s    rxkB/s    txkB/s   rxcmp/s   txcmp/s  rxmcst/s   %ifutil
20:58:02           lo      0,00      0,00      0,00      0,00      0,00      0,00      0,00      0,00
20:58:02         eno1      7,00      0,00      0,44      0,00      0,00      0,00      1,00      0,00
20:58:02         eno2      0,00      0,00      0,00      0,00      0,00      0,00      0,00      0,00
20:58:02      docker0      0,00      0,00      0,00      0,00      0,00      0,00      0,00      0,00
20:58:02      ens2np0 822356,50 822312,00 1201411,45 1201346,44      0,00      0,00      0,00     98,42
20:58:02      ens2np1      0,00      0,00      0,00      0,00      0,00      0,00      0,00      0,00

20:58:02        CPU      %usr     %nice      %sys   %iowait    %steal      %irq     %soft    %guest    %gnice     %idle
20:58:04        all      0,58      0,00      0,16      0,00      0,00      0,00      5,09      0,00      0,00     94,17
20:58:04          0      0,00      0,00      0,67      0,00      0,00      0,00     46,00      0,00      0,00     53,33
20:58:04          1      0,00      0,00      0,00      0,00      0,00      0,00     52,33      0,00      0,00     47,67
20:58:04          2      0,00      0,00      0,00      0,00      0,00      0,00      0,00      0,00      0,00    100,00
20:58:04          3      0,50      0,00      0,50      0,00      0,00      0,00      0,00      0,00      0,00     99,00
20:58:04          4      1,00      0,00      0,00      0,00      0,00      0,00      0,00      0,00      0,00     99,00
20:58:04          5      0,50      0,00      0,00      0,00      0,00      0,00      0,00      0,00      0,00     99,50
20:58:04          6      0,00      0,00      0,00      0,00      0,00      0,00      0,00      0,00      0,00    100,00
20:58:04          7      0,50      0,00      0,50      0,00      0,00      0,00      0,00      0,00      0,00     99,00
20:58:04          8      0,50      0,00      0,50      0,00      0,00      0,00      0,00      0,00      0,00     99,00
20:58:04          9      1,01      0,00      0,00      0,00      0,00      0,00      0,00      0,00      0,00     98,99
20:58:04         10      1,00      0,00      0,50      0,00      0,00      0,00      0,00      0,00      0,00     98,51
20:58:04         11      1,01      0,00      0,00      0,00      0,00      0,00      0,00      0,00      0,00     98,99
20:58:04         12      0,50      0,00      0,00      0,00      0,00      0,00      0,00      0,00      0,00     99,50
20:58:04         13      1,01      0,00      0,00      0,00      0,00      0,00      0,00      0,00      0,00     98,99
20:58:04         14      1,00      0,00      0,00      0,00      0,00      0,00      0,00      0,00      0,00     99,00
20:58:04         15      0,50      0,00      0,00      0,00      0,00      0,00      0,00      0,00      0,00     99,50

20:58:02        IFACE   rxpck/s   txpck/s    rxkB/s    txkB/s   rxcmp/s   txcmp/s  rxmcst/s   %ifutil
20:58:04           lo      0,00      0,00      0,00      0,00      0,00      0,00      0,00      0,00
20:58:04         eno1      2,50      0,00      0,16      0,00      0,00      0,00      1,00      0,00
20:58:04         eno2      0,00      0,00      0,00      0,00      0,00      0,00      0,00      0,00
20:58:04      docker0      0,00      0,00      0,00      0,00      0,00      0,00      0,00      0,00
20:58:04      ens2np0 822368,50 822620,00 1201428,98 1201796,41      0,00      0,00      0,00     98,45
20:58:04      ens2np1      0,00      0,00      0,00      0,00      0,00      0,00      0,00      0,00

20:58:04        CPU      %usr     %nice      %sys   %iowait    %steal      %irq     %soft    %guest    %gnice     %idle
20:58:06        all      0,00      0,00      0,00      0,03      0,00      0,00      5,57      0,00      0,00     94,40
20:58:06          0      0,00      0,00      0,00      0,00      0,00      0,00     51,19      0,00      0,00     48,81
20:58:06          1      0,00      0,00      0,00      0,00      0,00      0,00     51,74      0,00      0,00     48,26
20:58:06          2      0,00      0,00      0,00      0,00      0,00      0,00      0,00      0,00      0,00    100,00
20:58:06          3      0,00      0,00      0,00      0,00      0,00      0,00      0,00      0,00      0,00    100,00
20:58:06          4      0,00      0,00      0,00      0,00      0,00      0,00      0,00      0,00      0,00    100,00
20:58:06          5      0,00      0,00      0,00      0,00      0,00      0,00      0,00      0,00      0,00    100,00
20:58:06          6      0,00      0,00      0,00      0,00      0,00      0,00      0,00      0,00      0,00    100,00
20:58:06          7      0,00      0,00      0,00      0,00      0,00      0,00      0,00      0,00      0,00    100,00
20:58:06          8      0,00      0,00      0,00      0,50      0,00      0,00      0,00      0,00      0,00     99,50
20:58:06          9      0,00      0,00      0,00      0,00      0,00      0,00      0,00      0,00      0,00    100,00
20:58:06         10      0,00      0,00      0,00      0,00      0,00      0,00      0,00      0,00      0,00    100,00
20:58:06         11      0,00      0,00      0,00      0,00      0,00      0,00      0,00      0,00      0,00    100,00
20:58:06         12      0,00      0,00      0,00      0,00      0,00      0,00      0,00      0,00      0,00    100,00
20:58:06         13      0,00      0,00      0,00      0,00      0,00      0,00      0,00      0,00      0,00    100,00
20:58:06         14      0,00      0,00      0,00      0,00      0,00      0,00      0,00      0,00      0,00    100,00
20:58:06         15      0,00      0,00      0,00      0,00      0,00      0,00      0,00      0,00      0,00    100,00

20:58:04        IFACE   rxpck/s   txpck/s    rxkB/s    txkB/s   rxcmp/s   txcmp/s  rxmcst/s   %ifutil
20:58:06           lo      0,00      0,00      0,00      0,00      0,00      0,00      0,00      0,00
20:58:06         eno1     10,00      0,00      0,63      0,00      0,00      0,00      1,00      0,00
20:58:06         eno2      0,00      0,00      0,00      0,00      0,00      0,00      0,00      0,00
20:58:06      docker0      0,00      0,00      0,00      0,00      0,00      0,00      0,00      0,00
20:58:06      ens2np0 822358,00 822040,00 1201413,64 1200949,06      0,00      0,00      0,00     98,42
20:58:06      ens2np1      0,00      0,00      0,00      0,00      0,00      0,00      0,00      0,00

20:58:06        CPU      %usr     %nice      %sys   %iowait    %steal      %irq     %soft    %guest    %gnice     %idle
20:58:08        all      0,00      0,00      0,00      0,00      0,00      0,00      2,98      0,00      0,00     97,02
20:58:08          0      0,00      0,00      0,00      0,00      0,00      0,00     38,81      0,00      0,00     61,19
20:58:08          1      0,00      0,00      0,00      0,00      0,00      0,00     32,23      0,00      0,00     67,77
20:58:08          2      0,00      0,00      0,00      0,00      0,00      0,00      0,00      0,00      0,00    100,00
20:58:08          3      0,00      0,00      0,00      0,00      0,00      0,00      0,00      0,00      0,00    100,00
20:58:08          4      0,00      0,00      0,00      0,00      0,00      0,00      0,00      0,00      0,00    100,00
20:58:08          5      0,00      0,00      0,00      0,00      0,00      0,00      0,00      0,00      0,00    100,00
20:58:08          6      0,00      0,00      0,00      0,00      0,00      0,00      0,00      0,00      0,00    100,00
20:58:08          7      0,00      0,00      0,00      0,00      0,00      0,00      0,00      0,00      0,00    100,00
20:58:08          8      0,00      0,00      0,00      0,00      0,00      0,00      0,00      0,00      0,00    100,00
20:58:08          9      0,00      0,00      0,00      0,00      0,00      0,00      0,00      0,00      0,00    100,00
20:58:08         10      0,00      0,00      0,00      0,00      0,00      0,00      0,00      0,00      0,00    100,00
20:58:08         11      0,00      0,00      0,00      0,00      0,00      0,00      0,00      0,00      0,00    100,00
20:58:08         12      0,00      0,00      0,00      0,00      0,00      0,00      0,00      0,00      0,00    100,00
20:58:08         13      0,00      0,00      0,00      0,00      0,00      0,00      0,00      0,00      0,00    100,00
20:58:08         14      0,00      0,00      0,00      0,00      0,00      0,00      0,00      0,00      0,00    100,00
20:58:08         15      0,00      0,00      0,00      0,00      0,00      0,00      0,00      0,00      0,00    100,00

20:58:06        IFACE   rxpck/s   txpck/s    rxkB/s    txkB/s   rxcmp/s   txcmp/s  rxmcst/s   %ifutil
20:58:08           lo      0,00      0,00      0,00      0,00      0,00      0,00      0,00      0,00
20:58:08         eno1      3,50      0,00      0,22      0,00      0,00      0,00      1,00      0,00
20:58:08         eno2      0,00      0,00      0,00      0,00      0,00      0,00      0,00      0,00
20:58:08      docker0      0,00      0,00      0,00      0,00      0,00      0,00      0,00      0,00
20:58:08      ens2np0 822353,00 822548,00 1201406,34 1201691,22      0,00      0,00      0,00     98,44
20:58:08      ens2np1      0,00      0,00      0,00      0,00      0,00      0,00      0,00      0,00

20:58:08        CPU      %usr     %nice      %sys   %iowait    %steal      %irq     %soft    %guest    %gnice     %idle
20:58:10        all      0,06      0,00      0,03      0,00      0,00      0,00      5,90      0,00      0,00     94,00
20:58:10          0      0,00      0,00      0,00      0,00      0,00      0,00     54,19      0,00      0,00     45,81
20:58:10          1      0,00      0,00      0,00      0,00      0,00      0,00     52,05      0,00      0,00     47,95
20:58:10          2      0,00      0,00      0,00      0,00      0,00      0,00      0,00      0,00      0,00    100,00
20:58:10          3      0,00      0,00      0,00      0,00      0,00      0,00      0,00      0,00      0,00    100,00
20:58:10          4      0,00      0,00      0,00      0,00      0,00      0,00      0,00      0,00      0,00    100,00
20:58:10          5      0,00      0,00      0,00      0,00      0,00      0,00      0,00      0,00      0,00    100,00
20:58:10          6      0,00      0,00      0,00      0,00      0,00      0,00      0,00      0,00      0,00    100,00
20:58:10          7      0,00      0,00      0,00      0,00      0,00      0,00      0,00      0,00      0,00    100,00
20:58:10          8      0,00      0,00      0,00      0,00      0,00      0,00      0,00      0,00      0,00    100,00
20:58:10          9      0,00      0,00      0,00      0,00      0,00      0,00      0,00      0,00      0,00    100,00
20:58:10         10      1,00      0,00      0,00      0,00      0,00      0,00      0,00      0,00      0,00     99,00
20:58:10         11      0,00      0,00      0,00      0,00      0,00      0,00      0,00      0,00      0,00    100,00
20:58:10         12      0,00      0,00      0,00      0,00      0,00      0,00      0,00      0,00      0,00    100,00
20:58:10         13      0,00      0,00      0,00      0,00      0,00      0,00      0,00      0,00      0,00    100,00
20:58:10         14      0,00      0,00      0,50      0,00      0,00      0,00      0,00      0,00      0,00     99,50
20:58:10         15      0,00      0,00      0,00      0,00      0,00      0,00      0,00      0,00      0,00    100,00

20:58:08        IFACE   rxpck/s   txpck/s    rxkB/s    txkB/s   rxcmp/s   txcmp/s  rxmcst/s   %ifutil
20:58:10           lo      0,00      0,00      0,00      0,00      0,00      0,00      0,00      0,00
20:58:10         eno1      7,00      0,00      0,50      0,00      0,00      0,00      1,50      0,00
20:58:10         eno2      0,00      0,00      0,00      0,00      0,00      0,00      0,00      0,00
20:58:10      docker0      0,00      0,00      0,00      0,00      0,00      0,00      0,00      0,00
20:58:10      ens2np0 822359,50 822204,00 1201415,83 1201188,66      0,00      0,00      0,00     98,42
20:58:10      ens2np1      0,00      0,00      0,00      0,00      0,00      0,00      0,00      0,00

20:58:10        CPU      %usr     %nice      %sys   %iowait    %steal      %irq     %soft    %guest    %gnice     %idle
20:58:12        all      0,00      0,00      0,00      0,00      0,00      0,00      3,77      0,00      0,00     96,23
20:58:12          0      0,00      0,00      0,00      0,00      0,00      0,00     36,92      0,00      0,00     63,08
20:58:12          1      0,00      0,00      0,00      0,00      0,00      0,00     45,03      0,00      0,00     54,97
20:58:12          2      0,00      0,00      0,00      0,00      0,00      0,00      0,00      0,00      0,00    100,00
20:58:12          3      0,00      0,00      0,00      0,00      0,00      0,00      0,00      0,00      0,00    100,00
20:58:12          4      0,00      0,00      0,00      0,00      0,00      0,00      0,00      0,00      0,00    100,00
20:58:12          5      0,00      0,00      0,00      0,00      0,00      0,00      0,00      0,00      0,00    100,00
20:58:12          6      0,00      0,00      0,00      0,00      0,00      0,00      0,00      0,00      0,00    100,00
20:58:12          7      0,00      0,00      0,00      0,00      0,00      0,00      0,00      0,00      0,00    100,00
20:58:12          8      0,00      0,00      0,00      0,00      0,00      0,00      0,00      0,00      0,00    100,00
20:58:12          9      0,00      0,00      0,00      0,00      0,00      0,00      0,00      0,00      0,00    100,00
20:58:12         10      0,00      0,00      0,00      0,00      0,00      0,00      0,00      0,00      0,00    100,00
20:58:12         11      0,00      0,00      0,00      0,00      0,00      0,00      0,00      0,00      0,00    100,00
20:58:12         12      0,00      0,00      0,00      0,00      0,00      0,00      0,00      0,00      0,00    100,00
20:58:12         13      0,00      0,00      0,00      0,00      0,00      0,00      0,00      0,00      0,00    100,00
20:58:12         14      0,00      0,00      0,00      0,00      0,00      0,00      0,00      0,00      0,00    100,00
20:58:12         15      0,00      0,00      0,00      0,00      0,00      0,00      0,00      0,00      0,00    100,00

20:58:10        IFACE   rxpck/s   txpck/s    rxkB/s    txkB/s   rxcmp/s   txcmp/s  rxmcst/s   %ifutil
20:58:12           lo      0,00      0,00      0,00      0,00      0,00      0,00      0,00      0,00
20:58:12         eno1     12,50      0,00      0,78      0,00      0,00      0,00      1,00      0,00
20:58:12         eno2      0,00      0,00      0,00      0,00      0,00      0,00      0,00      0,00
20:58:12      docker0      0,00      0,00      0,00      0,00      0,00      0,00      0,00      0,00
20:58:12      ens2np0 822351,50 822440,00 1201404,14 1201533,44      0,00      0,00      0,00     98,43
20:58:12      ens2np1      0,00      0,00      0,00      0,00      0,00      0,00      0,00      0,00

20:58:12        CPU      %usr     %nice      %sys   %iowait    %steal      %irq     %soft    %guest    %gnice     %idle
20:58:14        all      0,44      0,00      0,22      0,00      0,00      0,00      5,75      0,00      0,00     93,58
20:58:14          0      0,00      0,00      0,00      0,00      0,00      0,00     53,67      0,00      0,00     46,33
20:58:14          1      0,00      0,00      0,00      0,00      0,00      0,00     51,19      0,00      0,00     48,81
20:58:14          2      1,00      0,00      1,00      0,00      0,00      0,00      0,00      0,00      0,00     98,00
20:58:14          3      1,00      0,00      0,50      0,00      0,00      0,00      0,00      0,00      0,00     98,51
20:58:14          4      1,00      0,00      0,50      0,00      0,00      0,00      0,00      0,00      0,00     98,50
20:58:14          5      0,50      0,00      0,00      0,00      0,00      0,00      0,00      0,00      0,00     99,50
20:58:14          6      0,50      0,00      0,00      0,00      0,00      0,00      0,00      0,00      0,00     99,50
20:58:14          7      0,50      0,00      0,00      0,00      0,00      0,00      0,00      0,00      0,00     99,50
20:58:14          8      0,50      0,00      0,00      0,00      0,00      0,00      0,00      0,00      0,00     99,50
20:58:14          9      0,50      0,00      0,00      0,00      0,00      0,00      0,00      0,00      0,00     99,50
20:58:14         10      0,00      0,00      0,00      0,00      0,00      0,00      0,00      0,00      0,00    100,00
20:58:14         11      0,50      0,00      0,00      0,00      0,00      0,00      0,00      0,00      0,00     99,50
20:58:14         12      0,00      0,00      0,00      0,00      0,00      0,00      0,00      0,00      0,00    100,00
20:58:14         13      0,50      0,00      0,50      0,00      0,00      0,00      0,00      0,00      0,00     99,00
20:58:14         14      0,50      0,00      0,50      0,00      0,00      0,00      0,00      0,00      0,00     99,00
20:58:14         15      0,00      0,00      0,50      0,00      0,00      0,00      0,00      0,00      0,00     99,50

20:58:12        IFACE   rxpck/s   txpck/s    rxkB/s    txkB/s   rxcmp/s   txcmp/s  rxmcst/s   %ifutil
20:58:14           lo      0,00      0,00      0,00      0,00      0,00      0,00      0,00      0,00
20:58:14         eno1      8,00      0,00      0,50      0,00      0,00      0,00      1,00      0,00
20:58:14         eno2      0,00      0,00      0,00      0,00      0,00      0,00      0,00      0,00
20:58:14      docker0      0,00      0,00      0,00      0,00      0,00      0,00      0,00      0,00
20:58:14      ens2np0 822370,00 822768,00 1201431,17 1202012,62      0,00      0,00      0,00     98,47
20:58:14      ens2np1      0,00      0,00      0,00      0,00      0,00      0,00      0,00      0,00

20:58:14        CPU      %usr     %nice      %sys   %iowait    %steal      %irq     %soft    %guest    %gnice     %idle
20:58:16        all      0,03      0,00      0,00      0,00      0,00      0,00      4,42      0,00      0,00     95,55
20:58:16          0      0,00      0,00      0,00      0,00      0,00      0,00     50,91      0,00      0,00     49,09
20:58:16          1      0,00      0,00      0,00      0,00      0,00      0,00     38,97      0,00      0,00     61,03
20:58:16          2      0,00      0,00      0,00      0,00      0,00      0,00      0,00      0,00      0,00    100,00
20:58:16          3      0,00      0,00      0,00      0,00      0,00      0,00      0,00      0,00      0,00    100,00
20:58:16          4      0,00      0,00      0,00      0,00      0,00      0,00      0,00      0,00      0,00    100,00
20:58:16          5      0,00      0,00      0,00      0,00      0,00      0,00      0,00      0,00      0,00    100,00
20:58:16          6      0,00      0,00      0,00      0,00      0,00      0,00      0,00      0,00      0,00    100,00
20:58:16          7      0,00      0,00      0,00      0,00      0,00      0,00      0,00      0,00      0,00    100,00
20:58:16          8      0,00      0,00      0,00      0,00      0,00      0,00      0,00      0,00      0,00    100,00
20:58:16          9      0,00      0,00      0,00      0,00      0,00      0,00      0,00      0,00      0,00    100,00
20:58:16         10      0,00      0,00      0,00      0,00      0,00      0,00      0,00      0,00      0,00    100,00
20:58:16         11      0,00      0,00      0,00      0,00      0,00      0,00      0,00      0,00      0,00    100,00
20:58:16         12      0,00      0,00      0,00      0,00      0,00      0,00      0,00      0,00      0,00    100,00
20:58:16         13      0,00      0,00      0,00      0,00      0,00      0,00      0,00      0,00      0,00    100,00
20:58:16         14      0,50      0,00      0,00      0,00      0,00      0,00      0,00      0,00      0,00     99,50
20:58:16         15      0,00      0,00      0,00      0,00      0,00      0,00      0,00      0,00      0,00    100,00

20:58:14        IFACE   rxpck/s   txpck/s    rxkB/s    txkB/s   rxcmp/s   txcmp/s  rxmcst/s   %ifutil
20:58:16           lo      0,00      0,00      0,00      0,00      0,00      0,00      0,00      0,00
20:58:16         eno1      5,00      0,00      0,31      0,00      0,00      0,00      1,00      0,00
20:58:16         eno2      0,00      0,00      0,00      0,00      0,00      0,00      0,00      0,00
20:58:16      docker0      0,00      0,00      0,00      0,00      0,00      0,00      0,00      0,00
20:58:16      ens2np0 822349,00 822140,00 1201400,49 1201095,16      0,00      0,00      0,00     98,42
20:58:16      ens2np1      0,00      0,00      0,00      0,00      0,00      0,00      0,00      0,00

20:58:16        CPU      %usr     %nice      %sys   %iowait    %steal      %irq     %soft    %guest    %gnice     %idle
20:58:18        all      0,00      0,00      0,00      0,00      0,00      0,00      3,86      0,00      0,00     96,14
20:58:18          0      0,00      0,00      0,00      0,00      0,00      0,00     35,16      0,00      0,00     64,84
20:58:18          1      0,00      0,00      0,00      0,00      0,00      0,00     47,44      0,00      0,00     52,56
20:58:18          2      0,00      0,00      0,00      0,00      0,00      0,00      0,00      0,00      0,00    100,00
20:58:18          3      0,00      0,00      0,00      0,00      0,00      0,00      0,00      0,00      0,00    100,00
20:58:18          4      0,00      0,00      0,00      0,00      0,00      0,00      0,00      0,00      0,00    100,00
20:58:18          5      0,00      0,00      0,00      0,00      0,00      0,00      0,00      0,00      0,00    100,00
20:58:18          6      0,00      0,00      0,00      0,00      0,00      0,00      0,00      0,00      0,00    100,00
20:58:18          7      0,00      0,00      0,00      0,00      0,00      0,00      0,00      0,00      0,00    100,00
20:58:18          8      0,00      0,00      0,00      0,00      0,00      0,00      0,00      0,00      0,00    100,00
20:58:18          9      0,00      0,00      0,00      0,00      0,00      0,00      0,00      0,00      0,00    100,00
20:58:18         10      0,00      0,00      0,00      0,00      0,00      0,00      0,00      0,00      0,00    100,00
20:58:18         11      0,00      0,00      0,00      0,00      0,00      0,00      0,00      0,00      0,00    100,00
20:58:18         12      0,00      0,00      0,00      0,00      0,00      0,00      0,00      0,00      0,00    100,00
20:58:18         13      0,00      0,00      0,00      0,00      0,00      0,00      0,00      0,00      0,00    100,00
20:58:18         14      0,00      0,00      0,00      0,00      0,00      0,00      0,00      0,00      0,00    100,00
20:58:18         15      0,00      0,00      0,00      0,00      0,00      0,00      0,00      0,00      0,00    100,00

20:58:16        IFACE   rxpck/s   txpck/s    rxkB/s    txkB/s   rxcmp/s   txcmp/s  rxmcst/s   %ifutil
20:58:18           lo      0,00      0,00      0,00      0,00      0,00      0,00      0,00      0,00
20:58:18         eno1      4,50      0,00      0,28      0,00      0,00      0,00      1,00      0,00
20:58:18         eno2      0,00      0,00      0,00      0,00      0,00      0,00      0,00      0,00
20:58:18      docker0      0,00      0,00      0,00      0,00      0,00      0,00      0,00      0,00
20:58:18      ens2np0 822361,50 822148,00 1201418,75 1201106,84      0,00      0,00      0,00     98,42
20:58:18      ens2np1      0,00      0,00      0,00      0,00      0,00      0,00      0,00      0,00

20:58:18        CPU      %usr     %nice      %sys   %iowait    %steal      %irq     %soft    %guest    %gnice     %idle
20:58:20        all      0,00      0,00      0,00      0,00      0,00      0,00      5,51      0,00      0,00     94,49
20:58:20          0      0,00      0,00      0,00      0,00      0,00      0,00     52,05      0,00      0,00     47,95
20:58:20          1      0,00      0,00      0,00      0,00      0,00      0,00     50,30      0,00      0,00     49,70
20:58:20          2      0,00      0,00      0,00      0,00      0,00      0,00      0,00      0,00      0,00    100,00
20:58:20          3      0,00      0,00      0,00      0,00      0,00      0,00      0,00      0,00      0,00    100,00
20:58:20          4      0,00      0,00      0,00      0,00      0,00      0,00      0,00      0,00      0,00    100,00
20:58:20          5      0,00      0,00      0,00      0,00      0,00      0,00      0,00      0,00      0,00    100,00
20:58:20          6      0,00      0,00      0,00      0,00      0,00      0,00      0,00      0,00      0,00    100,00
20:58:20          7      0,00      0,00      0,00      0,00      0,00      0,00      0,00      0,00      0,00    100,00
20:58:20          8      0,00      0,00      0,00      0,00      0,00      0,00      0,00      0,00      0,00    100,00
20:58:20          9      0,00      0,00      0,00      0,00      0,00      0,00      0,00      0,00      0,00    100,00
20:58:20         10      0,00      0,00      0,00      0,00      0,00      0,00      0,00      0,00      0,00    100,00
20:58:20         11      0,00      0,00      0,00      0,00      0,00      0,00      0,00      0,00      0,00    100,00
20:58:20         12      0,00      0,00      0,00      0,00      0,00      0,00      0,00      0,00      0,00    100,00
20:58:20         13      0,00      0,00      0,00      0,00      0,00      0,00      0,00      0,00      0,00    100,00
20:58:20         14      0,00      0,00      0,00      0,00      0,00      0,00      0,00      0,00      0,00    100,00
20:58:20         15      0,00      0,00      0,00      0,00      0,00      0,00      0,00      0,00      0,00    100,00

20:58:18        IFACE   rxpck/s   txpck/s    rxkB/s    txkB/s   rxcmp/s   txcmp/s  rxmcst/s   %ifutil
20:58:20           lo      0,00      0,00      0,00      0,00      0,00      0,00      0,00      0,00
20:58:20         eno1      8,00      0,00      0,50      0,00      0,00      0,00      1,00      0,00
20:58:20         eno2      0,00      0,00      0,00      0,00      0,00      0,00      0,00      0,00
20:58:20      docker0      0,00      0,00      0,00      0,00      0,00      0,00      0,00      0,00
20:58:20      ens2np0 822351,50 822604,00 1201404,14 1201773,03      0,00      0,00      0,00     98,45
20:58:20      ens2np1      0,00      0,00      0,00      0,00      0,00      0,00      0,00      0,00

20:58:20        CPU      %usr     %nice      %sys   %iowait    %steal      %irq     %soft    %guest    %gnice     %idle
20:58:22        all      0,00      0,00      0,00      0,00      0,00      0,00      5,00      0,00      0,00     95,00
20:58:22          0      0,00      0,00      0,00      0,00      0,00      0,00     54,40      0,00      0,00     45,60
20:58:22          1      0,00      0,00      0,00      0,00      0,00      0,00     40,71      0,00      0,00     59,29
20:58:22          2      0,00      0,00      0,00      0,00      0,00      0,00      0,00      0,00      0,00    100,00
20:58:22          3      0,00      0,00      0,00      0,00      0,00      0,00      0,00      0,00      0,00    100,00
20:58:22          4      0,00      0,00      0,00      0,00      0,00      0,00      0,00      0,00      0,00    100,00
20:58:22          5      0,00      0,00      0,00      0,00      0,00      0,00      0,00      0,00      0,00    100,00
20:58:22          6      0,00      0,00      0,00      0,00      0,00      0,00      0,00      0,00      0,00    100,00
20:58:22          7      0,00      0,00      0,00      0,00      0,00      0,00      0,00      0,00      0,00    100,00
20:58:22          8      0,00      0,00      0,00      0,00      0,00      0,00      0,00      0,00      0,00    100,00
20:58:22          9      0,00      0,00      0,00      0,00      0,00      0,00      0,00      0,00      0,00    100,00
20:58:22         10      0,00      0,00      0,00      0,00      0,00      0,00      0,00      0,00      0,00    100,00
20:58:22         11      0,00      0,00      0,00      0,00      0,00      0,00      0,00      0,00      0,00    100,00
20:58:22         12      0,00      0,00      0,00      0,00      0,00      0,00      0,00      0,00      0,00    100,00
20:58:22         13      0,00      0,00      0,00      0,00      0,00      0,00      0,00      0,00      0,00    100,00
20:58:22         14      0,00      0,00      0,00      0,00      0,00      0,00      0,00      0,00      0,00    100,00
20:58:22         15      0,00      0,00      0,00      0,00      0,00      0,00      0,00      0,00      0,00    100,00

20:58:20        IFACE   rxpck/s   txpck/s    rxkB/s    txkB/s   rxcmp/s   txcmp/s  rxmcst/s   %ifutil
20:58:22           lo      0,00      0,00      0,00      0,00      0,00      0,00      0,00      0,00
20:58:22         eno1      5,50      0,00      0,35      0,00      0,00      0,00      1,00      0,00
20:58:22         eno2      0,00      0,00      0,00      0,00      0,00      0,00      0,00      0,00
20:58:22      docker0      0,00      0,00      0,00      0,00      0,00      0,00      0,00      0,00
20:58:22      ens2np0 822360,00 821432,00 1201416,56 1200060,81      0,00      0,00      0,00     98,42
20:58:22      ens2np1      0,00      0,00      0,00      0,00      0,00      0,00      0,00      0,00

20:58:22        CPU      %usr     %nice      %sys   %iowait    %steal      %irq     %soft    %guest    %gnice     %idle
20:58:24        all      0,00      0,00      0,00      0,00      0,00      0,00      5,64      0,00      0,00     94,36
20:58:24          0      0,00      0,00      0,00      0,00      0,00      0,00     50,00      0,00      0,00     50,00
20:58:24          1      0,00      0,00      0,00      0,00      0,00      0,00     53,67      0,00      0,00     46,33
20:58:24          2      0,00      0,00      0,00      0,00      0,00      0,00      0,00      0,00      0,00    100,00
20:58:24          3      0,00      0,00      0,00      0,00      0,00      0,00      0,00      0,00      0,00    100,00
20:58:24          4      0,00      0,00      0,00      0,00      0,00      0,00      0,00      0,00      0,00    100,00
20:58:24          5      0,00      0,00      0,00      0,00      0,00      0,00      0,00      0,00      0,00    100,00
20:58:24          6      0,00      0,00      0,00      0,00      0,00      0,00      0,00      0,00      0,00    100,00
20:58:24          7      0,00      0,00      0,00      0,00      0,00      0,00      0,00      0,00      0,00    100,00
20:58:24          8      0,00      0,00      0,00      0,00      0,00      0,00      0,00      0,00      0,00    100,00
20:58:24          9      0,00      0,00      0,00      0,00      0,00      0,00      0,00      0,00      0,00    100,00
20:58:24         10      0,00      0,00      0,00      0,00      0,00      0,00      0,00      0,00      0,00    100,00
20:58:24         11      0,00      0,00      0,00      0,00      0,00      0,00      0,00      0,00      0,00    100,00
20:58:24         12      0,00      0,00      0,00      0,00      0,00      0,00      0,00      0,00      0,00    100,00
20:58:24         13      0,00      0,00      0,00      0,00      0,00      0,00      0,00      0,00      0,00    100,00
20:58:24         14      0,00      0,00      0,00      0,00      0,00      0,00      0,00      0,00      0,00    100,00
20:58:24         15      0,00      0,00      0,00      0,00      0,00      0,00      0,00      0,00      0,00    100,00

20:58:22        IFACE   rxpck/s   txpck/s    rxkB/s    txkB/s   rxcmp/s   txcmp/s  rxmcst/s   %ifutil
20:58:24           lo      0,00      0,00      0,00      0,00      0,00      0,00      0,00      0,00
20:58:24         eno1      6,50      0,00      0,41      0,00      0,00      0,00      1,50      0,00
20:58:24         eno2      0,00      0,00      0,00      0,00      0,00      0,00      0,00      0,00
20:58:24      docker0      0,00      0,00      0,00      0,00      0,00      0,00      0,00      0,00
20:58:24      ens2np0 822350,00 824276,00 1201401,95 1204215,72      0,00      0,00      0,00     98,65
20:58:24      ens2np1      0,00      0,00      0,00      0,00      0,00      0,00      0,00      0,00

20:58:24        CPU      %usr     %nice      %sys   %iowait    %steal      %irq     %soft    %guest    %gnice     %idle
20:58:26        all      0,47      0,00      0,16      0,03      0,00      0,00      6,35      0,00      0,00     92,99
20:58:26          0      0,00      0,00      0,00      0,00      0,00      0,00     56,45      0,00      0,00     43,55
20:58:26          1      0,00      0,00      0,00      0,56      0,00      0,00     53,33      0,00      0,00     46,11
20:58:26          2      0,00      0,00      1,01      0,00      0,00      0,00      0,00      0,00      0,00     98,99
20:58:26          3      0,00      0,00      0,00      0,00      0,00      0,00      0,00      0,00      0,00    100,00
20:58:26          4      1,01      0,00      0,00      0,00      0,00      0,00      0,00      0,00      0,00     98,99
20:58:26          5      0,50      0,00      0,00      0,00      0,00      0,00      0,00      0,00      0,00     99,50
20:58:26          6      0,50      0,00      0,00      0,00      0,00      0,00      0,00      0,00      0,00     99,50
20:58:26          7      0,50      0,00      0,00      0,00      0,00      0,00      0,00      0,00      0,00     99,50
20:58:26          8      0,50      0,00      0,00      0,00      0,00      0,00      0,00      0,00      0,00     99,50
20:58:26          9      0,50      0,00      0,00      0,00      0,00      0,00      0,00      0,00      0,00     99,50
20:58:26         10      1,50      0,00      0,00      0,00      0,00      0,00      0,00      0,00      0,00     98,50
20:58:26         11      0,50      0,00      0,50      0,00      0,00      0,00      0,00      0,00      0,00     99,01
20:58:26         12      0,50      0,00      0,50      0,00      0,00      0,00      0,00      0,00      0,00     99,00
20:58:26         13      0,50      0,00      0,00      0,00      0,00      0,00      0,00      0,00      0,00     99,50
20:58:26         14      0,50      0,00      0,50      0,00      0,00      0,00      0,00      0,00      0,00     99,00
20:58:26         15      0,50      0,00      0,00      0,00      0,00      0,00      0,00      0,00      0,00     99,50

20:58:24        IFACE   rxpck/s   txpck/s    rxkB/s    txkB/s   rxcmp/s   txcmp/s  rxmcst/s   %ifutil
20:58:26           lo      0,00      0,00      0,00      0,00      0,00      0,00      0,00      0,00
20:58:26         eno1      5,00      0,00      0,31      0,00      0,00      0,00      1,00      0,00
20:58:26         eno2      0,00      0,00      0,00      0,00      0,00      0,00      0,00      0,00
20:58:26      docker0      0,00      0,00      0,00      0,00      0,00      0,00      0,00      0,00
20:58:26      ens2np0 822380,50 821004,00 1201446,51 1199435,53      0,00      0,00      0,00     98,42
20:58:26      ens2np1      0,00      0,00      0,00      0,00      0,00      0,00      0,00      0,00

Average:        CPU      %usr     %nice      %sys   %iowait    %steal      %irq     %soft    %guest    %gnice     %idle
Average:        all      0,12      0,00      0,04      0,00      0,00      0,00      3,92      0,00      0,00     95,92
Average:          0      0,07      0,00      0,02      0,02      0,00      0,00     37,77      0,00      0,00     62,11
Average:          1      0,02      0,00      0,02      0,02      0,00      0,00     34,84      0,00      0,00     65,09
Average:          2      0,16      0,00      0,10      0,00      0,00      0,00      0,00      0,00      0,00     99,74
Average:          3      0,10      0,00      0,04      0,00      0,00      0,00      0,00      0,00      0,00     99,86
Average:          4      0,16      0,00      0,02      0,00      0,00      0,00      0,00      0,00      0,00     99,82
Average:          5      0,10      0,00      0,02      0,00      0,00      0,00      0,00      0,00      0,00     99,88
Average:          6      0,08      0,00      0,02      0,00      0,00      0,00      0,00      0,00      0,00     99,90
Average:          7      0,16      0,00      0,06      0,00      0,00      0,00      0,00      0,00      0,00     99,78
Average:          8      0,10      0,00      0,02      0,02      0,00      0,00      0,00      0,00      0,00     99,86
Average:          9      0,12      0,00      0,02      0,00      0,00      0,00      0,00      0,00      0,00     99,86
Average:         10      0,20      0,00      0,02      0,00      0,00      0,00      0,00      0,00      0,00     99,78
Average:         11      0,18      0,00      0,04      0,00      0,00      0,00      0,00      0,00      0,00     99,78
Average:         12      0,10      0,00      0,02      0,00      0,00      0,00      0,00      0,00      0,00     99,88
Average:         13      0,12      0,00      0,02      0,00      0,00      0,00      0,00      0,00      0,00     99,86
Average:         14      0,14      0,00      0,14      0,00      0,00      0,00      0,00      0,00      0,00     99,72
Average:         15      0,06      0,00      0,04      0,00      0,00      0,00      0,00      0,00      0,00     99,90

Average:        IFACE   rxpck/s   txpck/s    rxkB/s    txkB/s   rxcmp/s   txcmp/s  rxmcst/s   %ifutil
Average:           lo      0,00      0,00      0,00      0,00      0,00      0,00      0,00      0,00
Average:         eno1      6,74      0,78      0,53      0,14      0,00      0,00      1,08      0,00
Average:         eno2      0,00      0,00      0,00      0,00      0,00      0,00      0,00      0,00
Average:      docker0      0,00      0,00      0,00      0,00      0,00      0,00      0,00      0,00
Average:      ens2np0 644097,14 643958,86 940985,67 940783,65      0,00      0,00      0,00     77,09
Average:      ens2np1      0,00      0,00      0,00      0,00      0,00      0,00      0,00      0,00
