Linux 5.13.0-52-generic (w1) 	15/07/2022 	_x86_64_	(16 CPU)

17:31:06        CPU      %usr     %nice      %sys   %iowait    %steal      %irq     %soft    %guest    %gnice     %idle
17:31:08        all      0,47      0,00      0,12      0,03      0,00      0,00      0,00      0,00      0,00     99,38
17:31:08          0      0,50      0,00      0,50      0,00      0,00      0,00      0,00      0,00      0,00     99,00
17:31:08          1      1,00      0,00      0,50      0,00      0,00      0,00      0,00      0,00      0,00     98,50
17:31:08          2      0,50      0,00      0,00      0,00      0,00      0,00      0,00      0,00      0,00     99,50
17:31:08          3      0,50      0,00      0,00      0,00      0,00      0,00      0,00      0,00      0,00     99,50
17:31:08          4      0,00      0,00      0,00      0,00      0,00      0,00      0,00      0,00      0,00    100,00
17:31:08          5      1,51      0,00      0,50      0,00      0,00      0,00      0,00      0,00      0,00     97,99
17:31:08          6      0,00      0,00      0,00      0,00      0,00      0,00      0,00      0,00      0,00    100,00
17:31:08          7      0,50      0,00      0,00      0,00      0,00      0,00      0,00      0,00      0,00     99,50
17:31:08          8      0,00      0,00      0,00      0,00      0,00      0,00      0,00      0,00      0,00    100,00
17:31:08          9      0,50      0,00      0,00      0,00      0,00      0,00      0,00      0,00      0,00     99,50
17:31:08         10      0,50      0,00      0,00      0,00      0,00      0,00      0,00      0,00      0,00     99,50
17:31:08         11      0,50      0,00      0,00      0,00      0,00      0,00      0,00      0,00      0,00     99,50
17:31:08         12      0,00      0,00      0,50      0,50      0,00      0,00      0,00      0,00      0,00     99,00
17:31:08         13      0,50      0,00      0,00      0,00      0,00      0,00      0,00      0,00      0,00     99,50
17:31:08         14      0,50      0,00      0,00      0,00      0,00      0,00      0,00      0,00      0,00     99,50
17:31:08         15      0,50      0,00      0,00      0,00      0,00      0,00      0,00      0,00      0,00     99,50

17:31:06        IFACE   rxpck/s   txpck/s    rxkB/s    txkB/s   rxcmp/s   txcmp/s  rxmcst/s   %ifutil
17:31:08           lo      0,00      0,00      0,00      0,00      0,00      0,00      0,00      0,00
17:31:08         eno1     19,00     17,00      3,54      3,25      0,00      0,00      1,50      0,00
17:31:08         eno2      0,00      0,00      0,00      0,00      0,00      0,00      0,00      0,00
17:31:08      docker0      0,00      0,00      0,00      0,00      0,00      0,00      0,00      0,00
17:31:08      ens2np0      0,00      0,00      0,00      0,00      0,00      0,00      0,00      0,00
17:31:08      ens2np1      0,00      0,00      0,00      0,00      0,00      0,00      0,00      0,00

17:31:08        CPU      %usr     %nice      %sys   %iowait    %steal      %irq     %soft    %guest    %gnice     %idle
17:31:10        all      0,06      0,00      0,03      0,00      0,00      0,00      0,00      0,00      0,00     99,91
17:31:10          0      0,00      0,00      0,00      0,00      0,00      0,00      0,00      0,00      0,00    100,00
17:31:10          1      0,00      0,00      0,00      0,00      0,00      0,00      0,00      0,00      0,00    100,00
17:31:10          2      0,00      0,00      0,00      0,00      0,00      0,00      0,00      0,00      0,00    100,00
17:31:10          3      0,00      0,00      0,00      0,00      0,00      0,00      0,00      0,00      0,00    100,00
17:31:10          4      0,00      0,00      0,00      0,00      0,00      0,00      0,00      0,00      0,00    100,00
17:31:10          5      0,00      0,00      0,00      0,00      0,00      0,00      0,00      0,00      0,00    100,00
17:31:10          6      0,00      0,00      0,50      0,00      0,00      0,00      0,00      0,00      0,00     99,50
17:31:10          7      0,00      0,00      0,00      0,00      0,00      0,00      0,00      0,00      0,00    100,00
17:31:10          8      0,00      0,00      0,00      0,00      0,00      0,00      0,00      0,00      0,00    100,00
17:31:10          9      0,00      0,00      0,00      0,00      0,00      0,00      0,00      0,00      0,00    100,00
17:31:10         10      0,00      0,00      0,00      0,00      0,00      0,00      0,00      0,00      0,00    100,00
17:31:10         11      0,00      0,00      0,00      0,00      0,00      0,00      0,00      0,00      0,00    100,00
17:31:10         12      0,00      0,00      0,00      0,00      0,00      0,00      0,00      0,00      0,00    100,00
17:31:10         13      0,00      0,00      0,00      0,00      0,00      0,00      0,00      0,00      0,00    100,00
17:31:10         14      0,00      0,00      0,00      0,00      0,00      0,00      0,00      0,00      0,00    100,00
17:31:10         15      1,00      0,00      0,00      0,00      0,00      0,00      0,00      0,00      0,00     99,00

17:31:08        IFACE   rxpck/s   txpck/s    rxkB/s    txkB/s   rxcmp/s   txcmp/s  rxmcst/s   %ifutil
17:31:10           lo      0,00      0,00      0,00      0,00      0,00      0,00      0,00      0,00
17:31:10         eno1      5,50      0,00      0,40      0,00      0,00      0,00      1,00      0,00
17:31:10         eno2      0,00      0,00      0,00      0,00      0,00      0,00      0,00      0,00
17:31:10      docker0      0,00      0,00      0,00      0,00      0,00      0,00      0,00      0,00
17:31:10      ens2np0      0,00      0,00      0,00      0,00      0,00      0,00      0,00      0,00
17:31:10      ens2np1      0,00      0,00      0,00      0,00      0,00      0,00      0,00      0,00

17:31:10        CPU      %usr     %nice      %sys   %iowait    %steal      %irq     %soft    %guest    %gnice     %idle
17:31:12        all      0,00      0,00      0,00      0,00      0,00      0,00      0,00      0,00      0,00    100,00
17:31:12          0      0,00      0,00      0,00      0,00      0,00      0,00      0,00      0,00      0,00    100,00
17:31:12          1      0,00      0,00      0,00      0,00      0,00      0,00      0,00      0,00      0,00    100,00
17:31:12          2      0,00      0,00      0,00      0,00      0,00      0,00      0,00      0,00      0,00    100,00
17:31:12          3      0,00      0,00      0,00      0,00      0,00      0,00      0,00      0,00      0,00    100,00
17:31:12          4      0,00      0,00      0,00      0,00      0,00      0,00      0,00      0,00      0,00    100,00
17:31:12          5      0,00      0,00      0,00      0,00      0,00      0,00      0,00      0,00      0,00    100,00
17:31:12          6      0,00      0,00      0,00      0,00      0,00      0,00      0,00      0,00      0,00    100,00
17:31:12          7      0,00      0,00      0,00      0,00      0,00      0,00      0,00      0,00      0,00    100,00
17:31:12          8      0,00      0,00      0,00      0,00      0,00      0,00      0,00      0,00      0,00    100,00
17:31:12          9      0,00      0,00      0,00      0,00      0,00      0,00      0,00      0,00      0,00    100,00
17:31:12         10      0,00      0,00      0,00      0,00      0,00      0,00      0,00      0,00      0,00    100,00
17:31:12         11      0,00      0,00      0,00      0,00      0,00      0,00      0,00      0,00      0,00    100,00
17:31:12         12      0,00      0,00      0,00      0,00      0,00      0,00      0,00      0,00      0,00    100,00
17:31:12         13      0,00      0,00      0,00      0,00      0,00      0,00      0,00      0,00      0,00    100,00
17:31:12         14      0,00      0,00      0,00      0,00      0,00      0,00      0,00      0,00      0,00    100,00
17:31:12         15      0,00      0,00      0,00      0,00      0,00      0,00      0,00      0,00      0,00    100,00

17:31:10        IFACE   rxpck/s   txpck/s    rxkB/s    txkB/s   rxcmp/s   txcmp/s  rxmcst/s   %ifutil
17:31:12           lo      0,00      0,00      0,00      0,00      0,00      0,00      0,00      0,00
17:31:12         eno1      5,00      0,00      0,32      0,00      0,00      0,00      1,50      0,00
17:31:12         eno2      0,00      0,00      0,00      0,00      0,00      0,00      0,00      0,00
17:31:12      docker0      0,00      0,00      0,00      0,00      0,00      0,00      0,00      0,00
17:31:12      ens2np0      0,00      0,00      0,00      0,00      0,00      0,00      0,00      0,00
17:31:12      ens2np1      0,00      0,00      0,00      0,00      0,00      0,00      0,00      0,00

17:31:12        CPU      %usr     %nice      %sys   %iowait    %steal      %irq     %soft    %guest    %gnice     %idle
17:31:14        all      0,03      0,00      0,00      0,00      0,00      0,00      0,00      0,00      0,00     99,97
17:31:14          0      0,00      0,00      0,00      0,00      0,00      0,00      0,00      0,00      0,00    100,00
17:31:14          1      0,00      0,00      0,00      0,00      0,00      0,00      0,00      0,00      0,00    100,00
17:31:14          2      0,00      0,00      0,00      0,00      0,00      0,00      0,00      0,00      0,00    100,00
17:31:14          3      0,00      0,00      0,00      0,00      0,00      0,00      0,00      0,00      0,00    100,00
17:31:14          4      0,50      0,00      0,00      0,00      0,00      0,00      0,00      0,00      0,00     99,50
17:31:14          5      0,00      0,00      0,00      0,00      0,00      0,00      0,00      0,00      0,00    100,00
17:31:14          6      0,00      0,00      0,00      0,00      0,00      0,00      0,00      0,00      0,00    100,00
17:31:14          7      0,00      0,00      0,00      0,00      0,00      0,00      0,00      0,00      0,00    100,00
17:31:14          8      0,00      0,00      0,00      0,00      0,00      0,00      0,00      0,00      0,00    100,00
17:31:14          9      0,00      0,00      0,00      0,00      0,00      0,00      0,00      0,00      0,00    100,00
17:31:14         10      0,00      0,00      0,00      0,00      0,00      0,00      0,00      0,00      0,00    100,00
17:31:14         11      0,00      0,00      0,00      0,00      0,00      0,00      0,00      0,00      0,00    100,00
17:31:14         12      0,00      0,00      0,00      0,00      0,00      0,00      0,00      0,00      0,00    100,00
17:31:14         13      0,00      0,00      0,00      0,00      0,00      0,00      0,00      0,00      0,00    100,00
17:31:14         14      0,00      0,00      0,00      0,00      0,00      0,00      0,00      0,00      0,00    100,00
17:31:14         15      0,00      0,00      0,00      0,00      0,00      0,00      0,00      0,00      0,00    100,00

17:31:12        IFACE   rxpck/s   txpck/s    rxkB/s    txkB/s   rxcmp/s   txcmp/s  rxmcst/s   %ifutil
17:31:14           lo      0,00      0,00      0,00      0,00      0,00      0,00      0,00      0,00
17:31:14         eno1      4,50      0,00      0,28      0,00      0,00      0,00      1,00      0,00
17:31:14         eno2      0,00      0,00      0,00      0,00      0,00      0,00      0,00      0,00
17:31:14      docker0      0,00      0,00      0,00      0,00      0,00      0,00      0,00      0,00
17:31:14      ens2np0      0,00      0,00      0,00      0,00      0,00      0,00      0,00      0,00
17:31:14      ens2np1      0,00      0,00      0,00      0,00      0,00      0,00      0,00      0,00

17:31:14        CPU      %usr     %nice      %sys   %iowait    %steal      %irq     %soft    %guest    %gnice     %idle
17:31:16        all      0,00      0,00      0,03      0,00      0,00      0,00      0,00      0,00      0,00     99,97
17:31:16          0      0,00      0,00      0,00      0,00      0,00      0,00      0,00      0,00      0,00    100,00
17:31:16          1      0,00      0,00      0,00      0,00      0,00      0,00      0,00      0,00      0,00    100,00
17:31:16          2      0,00      0,00      0,00      0,00      0,00      0,00      0,00      0,00      0,00    100,00
17:31:16          3      0,00      0,00      0,00      0,00      0,00      0,00      0,00      0,00      0,00    100,00
17:31:16          4      0,00      0,00      0,00      0,00      0,00      0,00      0,00      0,00      0,00    100,00
17:31:16          5      0,00      0,00      0,00      0,00      0,00      0,00      0,00      0,00      0,00    100,00
17:31:16          6      0,00      0,00      0,50      0,00      0,00      0,00      0,00      0,00      0,00     99,50
17:31:16          7      0,00      0,00      0,00      0,00      0,00      0,00      0,00      0,00      0,00    100,00
17:31:16          8      0,00      0,00      0,00      0,00      0,00      0,00      0,00      0,00      0,00    100,00
17:31:16          9      0,00      0,00      0,00      0,00      0,00      0,00      0,00      0,00      0,00    100,00
17:31:16         10      0,00      0,00      0,00      0,00      0,00      0,00      0,00      0,00      0,00    100,00
17:31:16         11      0,00      0,00      0,00      0,00      0,00      0,00      0,00      0,00      0,00    100,00
17:31:16         12      0,00      0,00      0,00      0,00      0,00      0,00      0,00      0,00      0,00    100,00
17:31:16         13      0,00      0,00      0,00      0,00      0,00      0,00      0,00      0,00      0,00    100,00
17:31:16         14      0,00      0,00      0,00      0,00      0,00      0,00      0,00      0,00      0,00    100,00
17:31:16         15      0,00      0,00      0,00      0,00      0,00      0,00      0,00      0,00      0,00    100,00

17:31:14        IFACE   rxpck/s   txpck/s    rxkB/s    txkB/s   rxcmp/s   txcmp/s  rxmcst/s   %ifutil
17:31:16           lo      0,00      0,00      0,00      0,00      0,00      0,00      0,00      0,00
17:31:16         eno1      7,00      1,00      0,56      0,07      0,00      0,00      1,00      0,00
17:31:16         eno2      0,00      0,00      0,00      0,00      0,00      0,00      0,00      0,00
17:31:16      docker0      0,00      0,00      0,00      0,00      0,00      0,00      0,00      0,00
17:31:16      ens2np0      0,00      0,00      0,00      0,00      0,00      0,00      0,00      0,00
17:31:16      ens2np1      0,00      0,00      0,00      0,00      0,00      0,00      0,00      0,00

17:31:16        CPU      %usr     %nice      %sys   %iowait    %steal      %irq     %soft    %guest    %gnice     %idle
17:31:18        all      0,44      0,00      0,19      0,00      0,00      0,00      3,72      0,00      0,00     95,66
17:31:18          0      0,00      0,00      0,00      0,00      0,00      0,00     59,50      0,00      0,00     40,50
17:31:18          1      1,00      0,00      0,00      0,00      0,00      0,00      0,00      0,00      0,00     99,00
17:31:18          2      0,50      0,00      0,50      0,00      0,00      0,00      0,00      0,00      0,00     99,00
17:31:18          3      0,50      0,00      0,50      0,00      0,00      0,00      0,00      0,00      0,00     99,00
17:31:18          4      0,00      0,00      0,50      0,00      0,00      0,00      0,00      0,00      0,00     99,50
17:31:18          5      1,50      0,00      0,00      0,00      0,00      0,00      0,00      0,00      0,00     98,50
17:31:18          6      0,50      0,00      0,00      0,00      0,00      0,00      0,00      0,00      0,00     99,50
17:31:18          7      0,50      0,00      0,50      0,00      0,00      0,00      0,00      0,00      0,00     99,01
17:31:18          8      0,50      0,00      0,00      0,00      0,00      0,00      0,00      0,00      0,00     99,50
17:31:18          9      0,50      0,00      0,00      0,00      0,00      0,00      0,00      0,00      0,00     99,50
17:31:18         10      0,50      0,00      0,50      0,00      0,00      0,00      0,00      0,00      0,00     99,00
17:31:18         11      0,00      0,00      0,50      0,00      0,00      0,00      0,00      0,00      0,00     99,50
17:31:18         12      0,50      0,00      0,00      0,00      0,00      0,00      0,00      0,00      0,00     99,50
17:31:18         13      0,50      0,00      0,00      0,00      0,00      0,00      0,00      0,00      0,00     99,50
17:31:18         14      0,00      0,00      0,00      0,00      0,00      0,00      0,00      0,00      0,00    100,00
17:31:18         15      0,00      0,00      0,00      0,00      0,00      0,00      0,00      0,00      0,00    100,00

17:31:16        IFACE   rxpck/s   txpck/s    rxkB/s    txkB/s   rxcmp/s   txcmp/s  rxmcst/s   %ifutil
17:31:18           lo      0,00      0,00      0,00      0,00      0,00      0,00      0,00      0,00
17:31:18         eno1      6,00      0,00      0,38      0,00      0,00      0,00      1,00      0,00
17:31:18         eno2      0,00      0,00      0,00      0,00      0,00      0,00      0,00      0,00
17:31:18      docker0      0,00      0,00      0,00      0,00      0,00      0,00      0,00      0,00
17:31:18      ens2np0 448637,50 448603,50 446885,01 446851,14      0,00      0,00      0,00     36,61
17:31:18      ens2np1      0,00      0,00      0,00      0,00      0,00      0,00      0,00      0,00

17:31:18        CPU      %usr     %nice      %sys   %iowait    %steal      %irq     %soft    %guest    %gnice     %idle
17:31:20        all      0,00      0,00      0,00      0,00      0,00      0,00      6,25      0,00      0,00     93,75
17:31:20          0      0,00      0,00      0,00      0,00      0,00      0,00    100,00      0,00      0,00      0,00
17:31:20          1      0,00      0,00      0,00      0,00      0,00      0,00      0,00      0,00      0,00    100,00
17:31:20          2      0,00      0,00      0,00      0,00      0,00      0,00      0,00      0,00      0,00    100,00
17:31:20          3      0,00      0,00      0,00      0,00      0,00      0,00      0,00      0,00      0,00    100,00
17:31:20          4      0,00      0,00      0,00      0,00      0,00      0,00      0,00      0,00      0,00    100,00
17:31:20          5      0,00      0,00      0,00      0,00      0,00      0,00      0,00      0,00      0,00    100,00
17:31:20          6      0,00      0,00      0,00      0,00      0,00      0,00      0,00      0,00      0,00    100,00
17:31:20          7      0,00      0,00      0,00      0,00      0,00      0,00      0,00      0,00      0,00    100,00
17:31:20          8      0,00      0,00      0,00      0,00      0,00      0,00      0,00      0,00      0,00    100,00
17:31:20          9      0,00      0,00      0,00      0,00      0,00      0,00      0,00      0,00      0,00    100,00
17:31:20         10      0,00      0,00      0,00      0,00      0,00      0,00      0,00      0,00      0,00    100,00
17:31:20         11      0,00      0,00      0,00      0,00      0,00      0,00      0,00      0,00      0,00    100,00
17:31:20         12      0,00      0,00      0,00      0,00      0,00      0,00      0,00      0,00      0,00    100,00
17:31:20         13      0,00      0,00      0,00      0,00      0,00      0,00      0,00      0,00      0,00    100,00
17:31:20         14      0,00      0,00      0,00      0,00      0,00      0,00      0,00      0,00      0,00    100,00
17:31:20         15      0,00      0,00      0,00      0,00      0,00      0,00      0,00      0,00      0,00    100,00

17:31:18        IFACE   rxpck/s   txpck/s    rxkB/s    txkB/s   rxcmp/s   txcmp/s  rxmcst/s   %ifutil
17:31:20           lo      0,00      0,00      0,00      0,00      0,00      0,00      0,00      0,00
17:31:20         eno1      7,00      0,00      0,44      0,00      0,00      0,00      1,00      0,00
17:31:20         eno2      0,00      0,00      0,00      0,00      0,00      0,00      0,00      0,00
17:31:20      docker0      0,00      0,00      0,00      0,00      0,00      0,00      0,00      0,00
17:31:20      ens2np0 763454,50 763456,00 760472,26 760473,75      0,00      0,00      0,00     62,30
17:31:20      ens2np1      0,00      0,00      0,00      0,00      0,00      0,00      0,00      0,00

17:31:20        CPU      %usr     %nice      %sys   %iowait    %steal      %irq     %soft    %guest    %gnice     %idle
17:31:22        all      0,03      0,00      0,00      0,00      0,00      0,00      6,25      0,00      0,00     93,72
17:31:22          0      0,00      0,00      0,00      0,00      0,00      0,00    100,00      0,00      0,00      0,00
17:31:22          1      0,00      0,00      0,00      0,00      0,00      0,00      0,00      0,00      0,00    100,00
17:31:22          2      0,00      0,00      0,00      0,00      0,00      0,00      0,00      0,00      0,00    100,00
17:31:22          3      0,00      0,00      0,00      0,00      0,00      0,00      0,00      0,00      0,00    100,00
17:31:22          4      0,00      0,00      0,00      0,00      0,00      0,00      0,00      0,00      0,00    100,00
17:31:22          5      0,00      0,00      0,00      0,00      0,00      0,00      0,00      0,00      0,00    100,00
17:31:22          6      0,50      0,00      0,00      0,00      0,00      0,00      0,00      0,00      0,00     99,50
17:31:22          7      0,00      0,00      0,00      0,00      0,00      0,00      0,00      0,00      0,00    100,00
17:31:22          8      0,00      0,00      0,00      0,00      0,00      0,00      0,00      0,00      0,00    100,00
17:31:22          9      0,00      0,00      0,00      0,00      0,00      0,00      0,00      0,00      0,00    100,00
17:31:22         10      0,00      0,00      0,00      0,00      0,00      0,00      0,00      0,00      0,00    100,00
17:31:22         11      0,00      0,00      0,00      0,00      0,00      0,00      0,00      0,00      0,00    100,00
17:31:22         12      0,00      0,00      0,00      0,00      0,00      0,00      0,00      0,00      0,00    100,00
17:31:22         13      0,00      0,00      0,00      0,00      0,00      0,00      0,00      0,00      0,00    100,00
17:31:22         14      0,00      0,00      0,00      0,00      0,00      0,00      0,00      0,00      0,00    100,00
17:31:22         15      0,00      0,00      0,00      0,00      0,00      0,00      0,00      0,00      0,00    100,00

17:31:20        IFACE   rxpck/s   txpck/s    rxkB/s    txkB/s   rxcmp/s   txcmp/s  rxmcst/s   %ifutil
17:31:22           lo      0,00      0,00      0,00      0,00      0,00      0,00      0,00      0,00
17:31:22         eno1      4,50      0,00      0,28      0,00      0,00      0,00      1,00      0,00
17:31:22         eno2      0,00      0,00      0,00      0,00      0,00      0,00      0,00      0,00
17:31:22      docker0      0,00      0,00      0,00      0,00      0,00      0,00      0,00      0,00
17:31:22      ens2np0 763996,00 764000,00 761011,64 761015,62      0,00      0,00      0,00     62,34
17:31:22      ens2np1      0,00      0,00      0,00      0,00      0,00      0,00      0,00      0,00

17:31:22        CPU      %usr     %nice      %sys   %iowait    %steal      %irq     %soft    %guest    %gnice     %idle
17:31:24        all      0,00      0,00      0,00      0,00      0,00      0,00      6,25      0,00      0,00     93,75
17:31:24          0      0,00      0,00      0,00      0,00      0,00      0,00    100,00      0,00      0,00      0,00
17:31:24          1      0,00      0,00      0,00      0,00      0,00      0,00      0,00      0,00      0,00    100,00
17:31:24          2      0,00      0,00      0,00      0,00      0,00      0,00      0,00      0,00      0,00    100,00
17:31:24          3      0,00      0,00      0,00      0,00      0,00      0,00      0,00      0,00      0,00    100,00
17:31:24          4      0,00      0,00      0,00      0,00      0,00      0,00      0,00      0,00      0,00    100,00
17:31:24          5      0,00      0,00      0,00      0,00      0,00      0,00      0,00      0,00      0,00    100,00
17:31:24          6      0,00      0,00      0,00      0,00      0,00      0,00      0,00      0,00      0,00    100,00
17:31:24          7      0,00      0,00      0,00      0,00      0,00      0,00      0,00      0,00      0,00    100,00
17:31:24          8      0,00      0,00      0,00      0,00      0,00      0,00      0,00      0,00      0,00    100,00
17:31:24          9      0,00      0,00      0,00      0,00      0,00      0,00      0,00      0,00      0,00    100,00
17:31:24         10      0,00      0,00      0,00      0,00      0,00      0,00      0,00      0,00      0,00    100,00
17:31:24         11      0,00      0,00      0,00      0,00      0,00      0,00      0,00      0,00      0,00    100,00
17:31:24         12      0,00      0,00      0,00      0,00      0,00      0,00      0,00      0,00      0,00    100,00
17:31:24         13      0,00      0,00      0,00      0,00      0,00      0,00      0,00      0,00      0,00    100,00
17:31:24         14      0,00      0,00      0,00      0,00      0,00      0,00      0,00      0,00      0,00    100,00
17:31:24         15      0,00      0,00      0,00      0,00      0,00      0,00      0,00      0,00      0,00    100,00

17:31:22        IFACE   rxpck/s   txpck/s    rxkB/s    txkB/s   rxcmp/s   txcmp/s  rxmcst/s   %ifutil
17:31:24           lo      0,00      0,00      0,00      0,00      0,00      0,00      0,00      0,00
17:31:24         eno1      3,50      0,00      0,22      0,00      0,00      0,00      1,00      0,00
17:31:24         eno2      0,00      0,00      0,00      0,00      0,00      0,00      0,00      0,00
17:31:24      docker0      0,00      0,00      0,00      0,00      0,00      0,00      0,00      0,00
17:31:24      ens2np0 764860,00 764864,00 761872,27 761876,25      0,00      0,00      0,00     62,41
17:31:24      ens2np1      0,00      0,00      0,00      0,00      0,00      0,00      0,00      0,00

17:31:24        CPU      %usr     %nice      %sys   %iowait    %steal      %irq     %soft    %guest    %gnice     %idle
17:31:26        all      0,00      0,00      0,00      0,00      0,00      0,00      6,25      0,00      0,00     93,75
17:31:26          0      0,00      0,00      0,00      0,00      0,00      0,00    100,00      0,00      0,00      0,00
17:31:26          1      0,00      0,00      0,00      0,00      0,00      0,00      0,00      0,00      0,00    100,00
17:31:26          2      0,00      0,00      0,00      0,00      0,00      0,00      0,00      0,00      0,00    100,00
17:31:26          3      0,00      0,00      0,00      0,00      0,00      0,00      0,00      0,00      0,00    100,00
17:31:26          4      0,00      0,00      0,00      0,00      0,00      0,00      0,00      0,00      0,00    100,00
17:31:26          5      0,00      0,00      0,00      0,00      0,00      0,00      0,00      0,00      0,00    100,00
17:31:26          6      0,00      0,00      0,00      0,00      0,00      0,00      0,00      0,00      0,00    100,00
17:31:26          7      0,00      0,00      0,00      0,00      0,00      0,00      0,00      0,00      0,00    100,00
17:31:26          8      0,00      0,00      0,00      0,00      0,00      0,00      0,00      0,00      0,00    100,00
17:31:26          9      0,00      0,00      0,00      0,00      0,00      0,00      0,00      0,00      0,00    100,00
17:31:26         10      0,00      0,00      0,00      0,00      0,00      0,00      0,00      0,00      0,00    100,00
17:31:26         11      0,00      0,00      0,00      0,00      0,00      0,00      0,00      0,00      0,00    100,00
17:31:26         12      0,00      0,00      0,00      0,00      0,00      0,00      0,00      0,00      0,00    100,00
17:31:26         13      0,00      0,00      0,00      0,00      0,00      0,00      0,00      0,00      0,00    100,00
17:31:26         14      0,00      0,00      0,00      0,00      0,00      0,00      0,00      0,00      0,00    100,00
17:31:26         15      0,00      0,00      0,00      0,00      0,00      0,00      0,00      0,00      0,00    100,00

17:31:24        IFACE   rxpck/s   txpck/s    rxkB/s    txkB/s   rxcmp/s   txcmp/s  rxmcst/s   %ifutil
17:31:26           lo      0,00      0,00      0,00      0,00      0,00      0,00      0,00      0,00
17:31:26         eno1      6,50      0,00      0,41      0,00      0,00      0,00      1,50      0,00
17:31:26         eno2      0,00      0,00      0,00      0,00      0,00      0,00      0,00      0,00
17:31:26      docker0      0,00      0,00      0,00      0,00      0,00      0,00      0,00      0,00
17:31:26      ens2np0 765516,00 765504,00 762525,70 762513,75      0,00      0,00      0,00     62,47
17:31:26      ens2np1      0,00      0,00      0,00      0,00      0,00      0,00      0,00      0,00

17:31:26        CPU      %usr     %nice      %sys   %iowait    %steal      %irq     %soft    %guest    %gnice     %idle
17:31:28        all      0,72      0,00      0,25      0,00      0,00      0,00      6,27      0,00      0,00     92,76
17:31:28          0      0,00      0,00      0,00      0,00      0,00      0,00    100,00      0,00      0,00      0,00
17:31:28          1      1,01      0,00      0,50      0,00      0,00      0,00      0,00      0,00      0,00     98,49
17:31:28          2      0,50      0,00      0,00      0,00      0,00      0,00      0,50      0,00      0,00     99,00
17:31:28          3      1,49      0,00      1,99      0,00      0,00      0,00      0,00      0,00      0,00     96,52
17:31:28          4      1,00      0,00      0,00      0,00      0,00      0,00      0,00      0,00      0,00     99,00
17:31:28          5      0,50      0,00      0,00      0,00      0,00      0,00      0,00      0,00      0,00     99,50
17:31:28          6      0,99      0,00      0,50      0,00      0,00      0,00      0,00      0,00      0,00     98,51
17:31:28          7      0,50      0,00      0,00      0,00      0,00      0,00      0,00      0,00      0,00     99,50
17:31:28          8      0,50      0,00      0,00      0,00      0,00      0,00      0,00      0,00      0,00     99,50
17:31:28          9      0,50      0,00      0,50      0,00      0,00      0,00      0,00      0,00      0,00     99,00
17:31:28         10      1,01      0,00      0,00      0,00      0,00      0,00      0,00      0,00      0,00     98,99
17:31:28         11      1,00      0,00      0,00      0,00      0,00      0,00      0,00      0,00      0,00     99,00
17:31:28         12      0,50      0,00      0,00      0,00      0,00      0,00      0,00      0,00      0,00     99,50
17:31:28         13      0,50      0,00      0,00      0,00      0,00      0,00      0,00      0,00      0,00     99,50
17:31:28         14      0,50      0,00      0,50      0,00      0,00      0,00      0,00      0,00      0,00     99,00
17:31:28         15      1,00      0,00      0,00      0,00      0,00      0,00      0,00      0,00      0,00     99,00

17:31:26        IFACE   rxpck/s   txpck/s    rxkB/s    txkB/s   rxcmp/s   txcmp/s  rxmcst/s   %ifutil
17:31:28           lo      0,00      0,00      0,00      0,00      0,00      0,00      0,00      0,00
17:31:28         eno1      5,50      0,00      0,35      0,00      0,00      0,00      1,00      0,00
17:31:28         eno2      0,00      0,00      0,00      0,00      0,00      0,00      0,00      0,00
17:31:28      docker0      0,00      0,00      0,00      0,00      0,00      0,00      0,00      0,00
17:31:28      ens2np0 763641,50 763648,50 760658,53 760665,50      0,00      0,00      0,00     62,31
17:31:28      ens2np1      0,00      0,00      0,00      0,00      0,00      0,00      0,00      0,00

17:31:28        CPU      %usr     %nice      %sys   %iowait    %steal      %irq     %soft    %guest    %gnice     %idle
17:31:30        all      0,00      0,00      0,03      0,00      0,00      0,00      6,25      0,00      0,00     93,72
17:31:30          0      0,00      0,00      0,00      0,00      0,00      0,00    100,00      0,00      0,00      0,00
17:31:30          1      0,00      0,00      0,00      0,00      0,00      0,00      0,00      0,00      0,00    100,00
17:31:30          2      0,00      0,00      0,00      0,00      0,00      0,00      0,00      0,00      0,00    100,00
17:31:30          3      0,00      0,00      0,00      0,00      0,00      0,00      0,00      0,00      0,00    100,00
17:31:30          4      0,00      0,00      0,00      0,00      0,00      0,00      0,00      0,00      0,00    100,00
17:31:30          5      0,00      0,00      0,00      0,00      0,00      0,00      0,00      0,00      0,00    100,00
17:31:30          6      0,00      0,00      0,50      0,00      0,00      0,00      0,00      0,00      0,00     99,50
17:31:30          7      0,00      0,00      0,00      0,00      0,00      0,00      0,00      0,00      0,00    100,00
17:31:30          8      0,00      0,00      0,00      0,00      0,00      0,00      0,00      0,00      0,00    100,00
17:31:30          9      0,00      0,00      0,00      0,00      0,00      0,00      0,00      0,00      0,00    100,00
17:31:30         10      0,00      0,00      0,00      0,00      0,00      0,00      0,00      0,00      0,00    100,00
17:31:30         11      0,00      0,00      0,00      0,00      0,00      0,00      0,00      0,00      0,00    100,00
17:31:30         12      0,00      0,00      0,00      0,00      0,00      0,00      0,00      0,00      0,00    100,00
17:31:30         13      0,00      0,00      0,00      0,00      0,00      0,00      0,00      0,00      0,00    100,00
17:31:30         14      0,00      0,00      0,00      0,00      0,00      0,00      0,00      0,00      0,00    100,00
17:31:30         15      0,00      0,00      0,00      0,00      0,00      0,00      0,00      0,00      0,00    100,00

17:31:28        IFACE   rxpck/s   txpck/s    rxkB/s    txkB/s   rxcmp/s   txcmp/s  rxmcst/s   %ifutil
17:31:30           lo      0,00      0,00      0,00      0,00      0,00      0,00      0,00      0,00
17:31:30         eno1      6,50      0,00      0,41      0,00      0,00      0,00      1,00      0,00
17:31:30         eno2      0,00      0,00      0,00      0,00      0,00      0,00      0,00      0,00
17:31:30      docker0      0,00      0,00      0,00      0,00      0,00      0,00      0,00      0,00
17:31:30      ens2np0 766550,50 766559,00 763556,16 763564,63      0,00      0,00      0,00     62,55
17:31:30      ens2np1      0,00      0,00      0,00      0,00      0,00      0,00      0,00      0,00

17:31:30        CPU      %usr     %nice      %sys   %iowait    %steal      %irq     %soft    %guest    %gnice     %idle
17:31:32        all      0,00      0,00      0,00      0,00      0,00      0,00      6,25      0,00      0,00     93,75
17:31:32          0      0,00      0,00      0,00      0,00      0,00      0,00    100,00      0,00      0,00      0,00
17:31:32          1      0,00      0,00      0,00      0,00      0,00      0,00      0,00      0,00      0,00    100,00
17:31:32          2      0,00      0,00      0,00      0,00      0,00      0,00      0,00      0,00      0,00    100,00
17:31:32          3      0,00      0,00      0,00      0,00      0,00      0,00      0,00      0,00      0,00    100,00
17:31:32          4      0,00      0,00      0,00      0,00      0,00      0,00      0,00      0,00      0,00    100,00
17:31:32          5      0,00      0,00      0,00      0,00      0,00      0,00      0,00      0,00      0,00    100,00
17:31:32          6      0,00      0,00      0,00      0,00      0,00      0,00      0,00      0,00      0,00    100,00
17:31:32          7      0,00      0,00      0,00      0,00      0,00      0,00      0,00      0,00      0,00    100,00
17:31:32          8      0,00      0,00      0,00      0,00      0,00      0,00      0,00      0,00      0,00    100,00
17:31:32          9      0,00      0,00      0,00      0,00      0,00      0,00      0,00      0,00      0,00    100,00
17:31:32         10      0,00      0,00      0,00      0,00      0,00      0,00      0,00      0,00      0,00    100,00
17:31:32         11      0,00      0,00      0,00      0,00      0,00      0,00      0,00      0,00      0,00    100,00
17:31:32         12      0,00      0,00      0,00      0,00      0,00      0,00      0,00      0,00      0,00    100,00
17:31:32         13      0,00      0,00      0,00      0,00      0,00      0,00      0,00      0,00      0,00    100,00
17:31:32         14      0,00      0,00      0,00      0,00      0,00      0,00      0,00      0,00      0,00    100,00
17:31:32         15      0,00      0,00      0,00      0,00      0,00      0,00      0,00      0,00      0,00    100,00

17:31:30        IFACE   rxpck/s   txpck/s    rxkB/s    txkB/s   rxcmp/s   txcmp/s  rxmcst/s   %ifutil
17:31:32           lo      0,00      0,00      0,00      0,00      0,00      0,00      0,00      0,00
17:31:32         eno1      4,50      0,00      0,28      0,00      0,00      0,00      1,00      0,00
17:31:32         eno2      0,00      0,00      0,00      0,00      0,00      0,00      0,00      0,00
17:31:32      docker0      0,00      0,00      0,00      0,00      0,00      0,00      0,00      0,00
17:31:32      ens2np0 767319,00 767329,50 764321,66 764332,12      0,00      0,00      0,00     62,61
17:31:32      ens2np1      0,00      0,00      0,00      0,00      0,00      0,00      0,00      0,00

17:31:32        CPU      %usr     %nice      %sys   %iowait    %steal      %irq     %soft    %guest    %gnice     %idle
17:31:34        all      0,00      0,00      0,00      0,00      0,00      0,00      6,25      0,00      0,00     93,75
17:31:34          0      0,00      0,00      0,00      0,00      0,00      0,00    100,00      0,00      0,00      0,00
17:31:34          1      0,00      0,00      0,00      0,00      0,00      0,00      0,00      0,00      0,00    100,00
17:31:34          2      0,00      0,00      0,00      0,00      0,00      0,00      0,00      0,00      0,00    100,00
17:31:34          3      0,00      0,00      0,00      0,00      0,00      0,00      0,00      0,00      0,00    100,00
17:31:34          4      0,00      0,00      0,00      0,00      0,00      0,00      0,00      0,00      0,00    100,00
17:31:34          5      0,00      0,00      0,00      0,00      0,00      0,00      0,00      0,00      0,00    100,00
17:31:34          6      0,00      0,00      0,00      0,00      0,00      0,00      0,00      0,00      0,00    100,00
17:31:34          7      0,00      0,00      0,00      0,00      0,00      0,00      0,00      0,00      0,00    100,00
17:31:34          8      0,00      0,00      0,00      0,00      0,00      0,00      0,00      0,00      0,00    100,00
17:31:34          9      0,00      0,00      0,00      0,00      0,00      0,00      0,00      0,00      0,00    100,00
17:31:34         10      0,00      0,00      0,00      0,00      0,00      0,00      0,00      0,00      0,00    100,00
17:31:34         11      0,00      0,00      0,00      0,00      0,00      0,00      0,00      0,00      0,00    100,00
17:31:34         12      0,00      0,00      0,00      0,00      0,00      0,00      0,00      0,00      0,00    100,00
17:31:34         13      0,00      0,00      0,00      0,00      0,00      0,00      0,00      0,00      0,00    100,00
17:31:34         14      0,00      0,00      0,00      0,00      0,00      0,00      0,00      0,00      0,00    100,00
17:31:34         15      0,00      0,00      0,00      0,00      0,00      0,00      0,00      0,00      0,00    100,00

17:31:32        IFACE   rxpck/s   txpck/s    rxkB/s    txkB/s   rxcmp/s   txcmp/s  rxmcst/s   %ifutil
17:31:34           lo      0,00      0,00      0,00      0,00      0,00      0,00      0,00      0,00
17:31:34         eno1      3,50      0,00      0,22      0,00      0,00      0,00      1,00      0,00
17:31:34         eno2      0,00      0,00      0,00      0,00      0,00      0,00      0,00      0,00
17:31:34      docker0      0,00      0,00      0,00      0,00      0,00      0,00      0,00      0,00
17:31:34      ens2np0 767965,00 767967,00 764965,14 764967,13      0,00      0,00      0,00     62,67
17:31:34      ens2np1      0,00      0,00      0,00      0,00      0,00      0,00      0,00      0,00

17:31:34        CPU      %usr     %nice      %sys   %iowait    %steal      %irq     %soft    %guest    %gnice     %idle
17:31:36        all      0,00      0,00      0,00      0,00      0,00      0,00      6,25      0,00      0,00     93,75
17:31:36          0      0,00      0,00      0,00      0,00      0,00      0,00    100,00      0,00      0,00      0,00
17:31:36          1      0,00      0,00      0,00      0,00      0,00      0,00      0,00      0,00      0,00    100,00
17:31:36          2      0,00      0,00      0,00      0,00      0,00      0,00      0,00      0,00      0,00    100,00
17:31:36          3      0,00      0,00      0,00      0,00      0,00      0,00      0,00      0,00      0,00    100,00
17:31:36          4      0,00      0,00      0,00      0,00      0,00      0,00      0,00      0,00      0,00    100,00
17:31:36          5      0,00      0,00      0,00      0,00      0,00      0,00      0,00      0,00      0,00    100,00
17:31:36          6      0,00      0,00      0,00      0,00      0,00      0,00      0,00      0,00      0,00    100,00
17:31:36          7      0,00      0,00      0,00      0,00      0,00      0,00      0,00      0,00      0,00    100,00
17:31:36          8      0,00      0,00      0,00      0,00      0,00      0,00      0,00      0,00      0,00    100,00
17:31:36          9      0,00      0,00      0,00      0,00      0,00      0,00      0,00      0,00      0,00    100,00
17:31:36         10      0,00      0,00      0,00      0,00      0,00      0,00      0,00      0,00      0,00    100,00
17:31:36         11      0,00      0,00      0,00      0,00      0,00      0,00      0,00      0,00      0,00    100,00
17:31:36         12      0,00      0,00      0,00      0,00      0,00      0,00      0,00      0,00      0,00    100,00
17:31:36         13      0,00      0,00      0,00      0,00      0,00      0,00      0,00      0,00      0,00    100,00
17:31:36         14      0,00      0,00      0,00      0,00      0,00      0,00      0,00      0,00      0,00    100,00
17:31:36         15      0,00      0,00      0,00      0,00      0,00      0,00      0,00      0,00      0,00    100,00

17:31:34        IFACE   rxpck/s   txpck/s    rxkB/s    txkB/s   rxcmp/s   txcmp/s  rxmcst/s   %ifutil
17:31:36           lo      0,00      0,00      0,00      0,00      0,00      0,00      0,00      0,00
17:31:36         eno1      6,50      0,00      0,41      0,00      0,00      0,00      1,00      0,00
17:31:36         eno2      0,00      0,00      0,00      0,00      0,00      0,00      0,00      0,00
17:31:36      docker0      0,00      0,00      0,00      0,00      0,00      0,00      0,00      0,00
17:31:36      ens2np0 768656,00 768639,50 765653,44 765637,00      0,00      0,00      0,00     62,72
17:31:36      ens2np1      0,00      0,00      0,00      0,00      0,00      0,00      0,00      0,00

17:31:36        CPU      %usr     %nice      %sys   %iowait    %steal      %irq     %soft    %guest    %gnice     %idle
17:31:38        all      0,38      0,00      0,13      0,00      0,00      0,00      6,29      0,00      0,00     93,21
17:31:38          0      0,00      0,00      0,00      0,00      0,00      0,00    100,00      0,00      0,00      0,00
17:31:38          1      0,50      0,00      0,50      0,00      0,00      0,00      0,50      0,00      0,00     98,51
17:31:38          2      0,00      0,00      0,00      0,00      0,00      0,00      0,00      0,00      0,00    100,00
17:31:38          3      0,50      0,00      0,50      0,00      0,00      0,00      0,00      0,00      0,00     99,00
17:31:38          4      0,00      0,00      0,00      0,00      0,00      0,00      0,00      0,00      0,00    100,00
17:31:38          5      0,50      0,00      0,00      0,00      0,00      0,00      0,00      0,00      0,00     99,50
17:31:38          6      0,50      0,00      0,00      0,00      0,00      0,00      0,00      0,00      0,00     99,50
17:31:38          7      0,50      0,00      0,00      0,00      0,00      0,00      0,00      0,00      0,00     99,50
17:31:38          8      0,00      0,00      0,00      0,00      0,00      0,00      0,00      0,00      0,00    100,00
17:31:38          9      1,00      0,00      0,00      0,00      0,00      0,00      0,00      0,00      0,00     99,00
17:31:38         10      0,00      0,00      0,00      0,00      0,00      0,00      0,00      0,00      0,00    100,00
17:31:38         11      1,00      0,00      0,50      0,00      0,00      0,00      0,00      0,00      0,00     98,50
17:31:38         12      0,50      0,00      0,00      0,00      0,00      0,00      0,00      0,00      0,00     99,50
17:31:38         13      0,50      0,00      0,00      0,00      0,00      0,00      0,00      0,00      0,00     99,50
17:31:38         14      0,50      0,00      0,00      0,00      0,00      0,00      0,00      0,00      0,00     99,50
17:31:38         15      0,00      0,00      0,50      0,00      0,00      0,00      0,00      0,00      0,00     99,50

17:31:36        IFACE   rxpck/s   txpck/s    rxkB/s    txkB/s   rxcmp/s   txcmp/s  rxmcst/s   %ifutil
17:31:38           lo      0,00      0,00      0,00      0,00      0,00      0,00      0,00      0,00
17:31:38         eno1      6,00      0,00      0,38      0,00      0,00      0,00      1,00      0,00
17:31:38         eno2      0,00      0,00      0,00      0,00      0,00      0,00      0,00      0,00
17:31:38      docker0      0,00      0,00      0,00      0,00      0,00      0,00      0,00      0,00
17:31:38      ens2np0 767884,00 767872,50 764884,45 764873,00      0,00      0,00      0,00     62,66
17:31:38      ens2np1      0,00      0,00      0,00      0,00      0,00      0,00      0,00      0,00

17:31:38        CPU      %usr     %nice      %sys   %iowait    %steal      %irq     %soft    %guest    %gnice     %idle
17:31:40        all      0,00      0,00      0,03      0,00      0,00      0,00      6,25      0,00      0,00     93,72
17:31:40          0      0,00      0,00      0,00      0,00      0,00      0,00    100,00      0,00      0,00      0,00
17:31:40          1      0,00      0,00      0,00      0,00      0,00      0,00      0,00      0,00      0,00    100,00
17:31:40          2      0,00      0,00      0,00      0,00      0,00      0,00      0,00      0,00      0,00    100,00
17:31:40          3      0,00      0,00      0,00      0,00      0,00      0,00      0,00      0,00      0,00    100,00
17:31:40          4      0,00      0,00      0,00      0,00      0,00      0,00      0,00      0,00      0,00    100,00
17:31:40          5      0,00      0,00      0,00      0,00      0,00      0,00      0,00      0,00      0,00    100,00
17:31:40          6      0,00      0,00      0,50      0,00      0,00      0,00      0,00      0,00      0,00     99,50
17:31:40          7      0,00      0,00      0,00      0,00      0,00      0,00      0,00      0,00      0,00    100,00
17:31:40          8      0,00      0,00      0,00      0,00      0,00      0,00      0,00      0,00      0,00    100,00
17:31:40          9      0,00      0,00      0,00      0,00      0,00      0,00      0,00      0,00      0,00    100,00
17:31:40         10      0,00      0,00      0,00      0,00      0,00      0,00      0,00      0,00      0,00    100,00
17:31:40         11      0,00      0,00      0,00      0,00      0,00      0,00      0,00      0,00      0,00    100,00
17:31:40         12      0,00      0,00      0,00      0,00      0,00      0,00      0,00      0,00      0,00    100,00
17:31:40         13      0,00      0,00      0,00      0,00      0,00      0,00      0,00      0,00      0,00    100,00
17:31:40         14      0,00      0,00      0,00      0,00      0,00      0,00      0,00      0,00      0,00    100,00
17:31:40         15      0,00      0,00      0,00      0,00      0,00      0,00      0,00      0,00      0,00    100,00

17:31:38        IFACE   rxpck/s   txpck/s    rxkB/s    txkB/s   rxcmp/s   txcmp/s  rxmcst/s   %ifutil
17:31:40           lo      0,00      0,00      0,00      0,00      0,00      0,00      0,00      0,00
17:31:40         eno1      5,00      0,00      0,31      0,00      0,00      0,00      1,00      0,00
17:31:40         eno2      0,00      0,00      0,00      0,00      0,00      0,00      0,00      0,00
17:31:40      docker0      0,00      0,00      0,00      0,00      0,00      0,00      0,00      0,00
17:31:40      ens2np0 768882,50 768896,00 765879,05 765892,50      0,00      0,00      0,00     62,74
17:31:40      ens2np1      0,00      0,00      0,00      0,00      0,00      0,00      0,00      0,00

17:31:40        CPU      %usr     %nice      %sys   %iowait    %steal      %irq     %soft    %guest    %gnice     %idle
17:31:42        all      0,00      0,00      0,00      0,00      0,00      0,00      6,25      0,00      0,00     93,75
17:31:42          0      0,00      0,00      0,00      0,00      0,00      0,00    100,00      0,00      0,00      0,00
17:31:42          1      0,00      0,00      0,00      0,00      0,00      0,00      0,00      0,00      0,00    100,00
17:31:42          2      0,00      0,00      0,00      0,00      0,00      0,00      0,00      0,00      0,00    100,00
17:31:42          3      0,00      0,00      0,00      0,00      0,00      0,00      0,00      0,00      0,00    100,00
17:31:42          4      0,00      0,00      0,00      0,00      0,00      0,00      0,00      0,00      0,00    100,00
17:31:42          5      0,00      0,00      0,00      0,00      0,00      0,00      0,00      0,00      0,00    100,00
17:31:42          6      0,00      0,00      0,00      0,00      0,00      0,00      0,00      0,00      0,00    100,00
17:31:42          7      0,00      0,00      0,00      0,00      0,00      0,00      0,00      0,00      0,00    100,00
17:31:42          8      0,00      0,00      0,00      0,00      0,00      0,00      0,00      0,00      0,00    100,00
17:31:42          9      0,00      0,00      0,00      0,00      0,00      0,00      0,00      0,00      0,00    100,00
17:31:42         10      0,00      0,00      0,00      0,00      0,00      0,00      0,00      0,00      0,00    100,00
17:31:42         11      0,00      0,00      0,00      0,00      0,00      0,00      0,00      0,00      0,00    100,00
17:31:42         12      0,00      0,00      0,00      0,00      0,00      0,00      0,00      0,00      0,00    100,00
17:31:42         13      0,00      0,00      0,00      0,00      0,00      0,00      0,00      0,00      0,00    100,00
17:31:42         14      0,00      0,00      0,00      0,00      0,00      0,00      0,00      0,00      0,00    100,00
17:31:42         15      0,00      0,00      0,00      0,00      0,00      0,00      0,00      0,00      0,00    100,00

17:31:40        IFACE   rxpck/s   txpck/s    rxkB/s    txkB/s   rxcmp/s   txcmp/s  rxmcst/s   %ifutil
17:31:42           lo      0,00      0,00      0,00      0,00      0,00      0,00      0,00      0,00
17:31:42         eno1      5,00      0,00      0,31      0,00      0,00      0,00      1,00      0,00
17:31:42         eno2      0,00      0,00      0,00      0,00      0,00      0,00      0,00      0,00
17:31:42      docker0      0,00      0,00      0,00      0,00      0,00      0,00      0,00      0,00
17:31:42      ens2np0 769389,50 769376,00 766384,07 766370,62      0,00      0,00      0,00     62,78
17:31:42      ens2np1      0,00      0,00      0,00      0,00      0,00      0,00      0,00      0,00

17:31:42        CPU      %usr     %nice      %sys   %iowait    %steal      %irq     %soft    %guest    %gnice     %idle
17:31:44        all      0,00      0,00      0,06      0,00      0,00      0,00      6,25      0,00      0,00     93,69
17:31:44          0      0,00      0,00      0,00      0,00      0,00      0,00    100,00      0,00      0,00      0,00
17:31:44          1      0,00      0,00      0,50      0,00      0,00      0,00      0,00      0,00      0,00     99,50
17:31:44          2      0,00      0,00      0,00      0,00      0,00      0,00      0,00      0,00      0,00    100,00
17:31:44          3      0,00      0,00      0,00      0,00      0,00      0,00      0,00      0,00      0,00    100,00
17:31:44          4      0,00      0,00      0,00      0,00      0,00      0,00      0,00      0,00      0,00    100,00
17:31:44          5      0,00      0,00      0,00      0,00      0,00      0,00      0,00      0,00      0,00    100,00
17:31:44          6      0,00      0,00      0,50      0,00      0,00      0,00      0,00      0,00      0,00     99,50
17:31:44          7      0,00      0,00      0,00      0,00      0,00      0,00      0,00      0,00      0,00    100,00
17:31:44          8      0,00      0,00      0,00      0,00      0,00      0,00      0,00      0,00      0,00    100,00
17:31:44          9      0,00      0,00      0,00      0,00      0,00      0,00      0,00      0,00      0,00    100,00
17:31:44         10      0,00      0,00      0,00      0,00      0,00      0,00      0,00      0,00      0,00    100,00
17:31:44         11      0,00      0,00      0,00      0,00      0,00      0,00      0,00      0,00      0,00    100,00
17:31:44         12      0,00      0,00      0,00      0,00      0,00      0,00      0,00      0,00      0,00    100,00
17:31:44         13      0,00      0,00      0,00      0,00      0,00      0,00      0,00      0,00      0,00    100,00
17:31:44         14      0,00      0,00      0,00      0,00      0,00      0,00      0,00      0,00      0,00    100,00
17:31:44         15      0,00      0,00      0,00      0,00      0,00      0,00      0,00      0,00      0,00    100,00

17:31:42        IFACE   rxpck/s   txpck/s    rxkB/s    txkB/s   rxcmp/s   txcmp/s  rxmcst/s   %ifutil
17:31:44           lo      0,00      0,00      0,00      0,00      0,00      0,00      0,00      0,00
17:31:44         eno1      5,00      0,00      0,31      0,00      0,00      0,00      1,00      0,00
17:31:44         eno2      0,00      0,00      0,00      0,00      0,00      0,00      0,00      0,00
17:31:44      docker0      0,00      0,00      0,00      0,00      0,00      0,00      0,00      0,00
17:31:44      ens2np0 769424,00 769440,00 766418,44 766434,38      0,00      0,00      0,00     62,79
17:31:44      ens2np1      0,00      0,00      0,00      0,00      0,00      0,00      0,00      0,00

17:31:44        CPU      %usr     %nice      %sys   %iowait    %steal      %irq     %soft    %guest    %gnice     %idle
17:31:46        all      0,03      0,00      0,00      0,00      0,00      0,00      6,25      0,00      0,00     93,72
17:31:46          0      0,00      0,00      0,00      0,00      0,00      0,00    100,00      0,00      0,00      0,00
17:31:46          1      0,00      0,00      0,00      0,00      0,00      0,00      0,00      0,00      0,00    100,00
17:31:46          2      0,00      0,00      0,00      0,00      0,00      0,00      0,00      0,00      0,00    100,00
17:31:46          3      0,00      0,00      0,00      0,00      0,00      0,00      0,00      0,00      0,00    100,00
17:31:46          4      0,00      0,00      0,00      0,00      0,00      0,00      0,00      0,00      0,00    100,00
17:31:46          5      0,00      0,00      0,00      0,00      0,00      0,00      0,00      0,00      0,00    100,00
17:31:46          6      0,50      0,00      0,00      0,00      0,00      0,00      0,00      0,00      0,00     99,50
17:31:46          7      0,00      0,00      0,00      0,00      0,00      0,00      0,00      0,00      0,00    100,00
17:31:46          8      0,00      0,00      0,00      0,00      0,00      0,00      0,00      0,00      0,00    100,00
17:31:46          9      0,00      0,00      0,00      0,00      0,00      0,00      0,00      0,00      0,00    100,00
17:31:46         10      0,00      0,00      0,00      0,00      0,00      0,00      0,00      0,00      0,00    100,00
17:31:46         11      0,00      0,00      0,00      0,00      0,00      0,00      0,00      0,00      0,00    100,00
17:31:46         12      0,00      0,00      0,00      0,00      0,00      0,00      0,00      0,00      0,00    100,00
17:31:46         13      0,00      0,00      0,00      0,00      0,00      0,00      0,00      0,00      0,00    100,00
17:31:46         14      0,00      0,00      0,00      0,00      0,00      0,00      0,00      0,00      0,00    100,00
17:31:46         15      0,00      0,00      0,00      0,00      0,00      0,00      0,00      0,00      0,00    100,00

17:31:44        IFACE   rxpck/s   txpck/s    rxkB/s    txkB/s   rxcmp/s   txcmp/s  rxmcst/s   %ifutil
17:31:46           lo      0,00      0,00      0,00      0,00      0,00      0,00      0,00      0,00
17:31:46         eno1      4,50      0,00      0,28      0,00      0,00      0,00      1,00      0,00
17:31:46         eno2      0,00      0,00      0,00      0,00      0,00      0,00      0,00      0,00
17:31:46      docker0      0,00      0,00      0,00      0,00      0,00      0,00      0,00      0,00
17:31:46      ens2np0 769540,00 769536,00 766533,98 766530,00      0,00      0,00      0,00     62,79
17:31:46      ens2np1      0,00      0,00      0,00      0,00      0,00      0,00      0,00      0,00

17:31:46        CPU      %usr     %nice      %sys   %iowait    %steal      %irq     %soft    %guest    %gnice     %idle
17:31:48        all      0,44      0,00      0,09      0,00      0,00      0,00      6,26      0,00      0,00     93,21
17:31:48          0      0,00      0,00      0,00      0,00      0,00      0,00    100,00      0,00      0,00      0,00
17:31:48          1      0,00      0,00      0,00      0,00      0,00      0,00      0,00      0,00      0,00    100,00
17:31:48          2      0,50      0,00      0,00      0,00      0,00      0,00      0,00      0,00      0,00     99,50
17:31:48          3      0,50      0,00      0,50      0,00      0,00      0,00      0,00      0,00      0,00     99,00
17:31:48          4      0,50      0,00      0,00      0,00      0,00      0,00      0,00      0,00      0,00     99,50
17:31:48          5      0,00      0,00      0,00      0,00      0,00      0,00      0,00      0,00      0,00    100,00
17:31:48          6      0,00      0,00      0,00      0,00      0,00      0,00      0,00      0,00      0,00    100,00
17:31:48          7      0,00      0,00      0,00      0,00      0,00      0,00      0,00      0,00      0,00    100,00
17:31:48          8      1,00      0,00      0,00      0,00      0,00      0,00      0,00      0,00      0,00     99,00
17:31:48          9      1,50      0,00      0,00      0,00      0,00      0,00      0,00      0,00      0,00     98,50
17:31:48         10      1,00      0,00      0,50      0,00      0,00      0,00      0,00      0,00      0,00     98,51
17:31:48         11      1,00      0,00      0,50      0,00      0,00      0,00      0,00      0,00      0,00     98,50
17:31:48         12      0,50      0,00      0,00      0,00      0,00      0,00      0,00      0,00      0,00     99,50
17:31:48         13      0,00      0,00      0,00      0,00      0,00      0,00      0,00      0,00      0,00    100,00
17:31:48         14      0,00      0,00      0,00      0,00      0,00      0,00      0,00      0,00      0,00    100,00
17:31:48         15      0,50      0,00      0,00      0,00      0,00      0,00      0,00      0,00      0,00     99,50

17:31:46        IFACE   rxpck/s   txpck/s    rxkB/s    txkB/s   rxcmp/s   txcmp/s  rxmcst/s   %ifutil
17:31:48           lo      0,00      0,00      0,00      0,00      0,00      0,00      0,00      0,00
17:31:48         eno1      3,00      0,00      0,19      0,00      0,00      0,00      1,00      0,00
17:31:48         eno2      0,00      0,00      0,00      0,00      0,00      0,00      0,00      0,00
17:31:48      docker0      0,00      0,00      0,00      0,00      0,00      0,00      0,00      0,00
17:31:48      ens2np0 767992,00 768000,00 764992,03 765000,00      0,00      0,00      0,00     62,67
17:31:48      ens2np1      0,00      0,00      0,00      0,00      0,00      0,00      0,00      0,00

17:31:48        CPU      %usr     %nice      %sys   %iowait    %steal      %irq     %soft    %guest    %gnice     %idle
17:31:50        all      0,00      0,00      0,00      0,00      0,00      0,00      6,25      0,00      0,00     93,75
17:31:50          0      0,00      0,00      0,00      0,00      0,00      0,00    100,00      0,00      0,00      0,00
17:31:50          1      0,00      0,00      0,00      0,00      0,00      0,00      0,00      0,00      0,00    100,00
17:31:50          2      0,00      0,00      0,00      0,00      0,00      0,00      0,00      0,00      0,00    100,00
17:31:50          3      0,00      0,00      0,00      0,00      0,00      0,00      0,00      0,00      0,00    100,00
17:31:50          4      0,00      0,00      0,00      0,00      0,00      0,00      0,00      0,00      0,00    100,00
17:31:50          5      0,00      0,00      0,00      0,00      0,00      0,00      0,00      0,00      0,00    100,00
17:31:50          6      0,00      0,00      0,00      0,00      0,00      0,00      0,00      0,00      0,00    100,00
17:31:50          7      0,00      0,00      0,00      0,00      0,00      0,00      0,00      0,00      0,00    100,00
17:31:50          8      0,00      0,00      0,00      0,00      0,00      0,00      0,00      0,00      0,00    100,00
17:31:50          9      0,00      0,00      0,00      0,00      0,00      0,00      0,00      0,00      0,00    100,00
17:31:50         10      0,00      0,00      0,00      0,00      0,00      0,00      0,00      0,00      0,00    100,00
17:31:50         11      0,00      0,00      0,00      0,00      0,00      0,00      0,00      0,00      0,00    100,00
17:31:50         12      0,00      0,00      0,00      0,00      0,00      0,00      0,00      0,00      0,00    100,00
17:31:50         13      0,00      0,00      0,00      0,00      0,00      0,00      0,00      0,00      0,00    100,00
17:31:50         14      0,00      0,00      0,00      0,00      0,00      0,00      0,00      0,00      0,00    100,00
17:31:50         15      0,00      0,00      0,00      0,00      0,00      0,00      0,00      0,00      0,00    100,00

17:31:48        IFACE   rxpck/s   txpck/s    rxkB/s    txkB/s   rxcmp/s   txcmp/s  rxmcst/s   %ifutil
17:31:50           lo      0,00      0,00      0,00      0,00      0,00      0,00      0,00      0,00
17:31:50         eno1      5,00      0,50      0,31      0,03      0,00      0,00      1,00      0,00
17:31:50         eno2      0,00      0,00      0,00      0,00      0,00      0,00      0,00      0,00
17:31:50      docker0      0,00      0,00      0,00      0,00      0,00      0,00      0,00      0,00
17:31:50      ens2np0 769180,50 769184,00 766175,89 766179,38      0,00      0,00      0,00     62,77
17:31:50      ens2np1      0,00      0,00      0,00      0,00      0,00      0,00      0,00      0,00

17:31:50        CPU      %usr     %nice      %sys   %iowait    %steal      %irq     %soft    %guest    %gnice     %idle
17:31:52        all      0,12      0,00      0,03      0,00      0,00      0,00      6,25      0,00      0,00     93,60
17:31:52          0      0,00      0,00      0,00      0,00      0,00      0,00    100,00      0,00      0,00      0,00
17:31:52          1      0,00      0,00      0,00      0,00      0,00      0,00      0,00      0,00      0,00    100,00
17:31:52          2      0,00      0,00      0,00      0,00      0,00      0,00      0,00      0,00      0,00    100,00
17:31:52          3      0,00      0,00      0,00      0,00      0,00      0,00      0,00      0,00      0,00    100,00
17:31:52          4      0,50      0,00      0,00      0,00      0,00      0,00      0,00      0,00      0,00     99,50
17:31:52          5      0,50      0,00      0,00      0,00      0,00      0,00      0,00      0,00      0,00     99,50
17:31:52          6      0,50      0,00      0,50      0,00      0,00      0,00      0,00      0,00      0,00     99,01
17:31:52          7      0,50      0,00      0,00      0,00      0,00      0,00      0,00      0,00      0,00     99,50
17:31:52          8      0,00      0,00      0,00      0,00      0,00      0,00      0,00      0,00      0,00    100,00
17:31:52          9      0,00      0,00      0,00      0,00      0,00      0,00      0,00      0,00      0,00    100,00
17:31:52         10      0,00      0,00      0,00      0,00      0,00      0,00      0,00      0,00      0,00    100,00
17:31:52         11      0,00      0,00      0,00      0,00      0,00      0,00      0,00      0,00      0,00    100,00
17:31:52         12      0,00      0,00      0,00      0,00      0,00      0,00      0,00      0,00      0,00    100,00
17:31:52         13      0,00      0,00      0,00      0,00      0,00      0,00      0,00      0,00      0,00    100,00
17:31:52         14      0,00      0,00      0,00      0,00      0,00      0,00      0,00      0,00      0,00    100,00
17:31:52         15      0,00      0,00      0,00      0,00      0,00      0,00      0,00      0,00      0,00    100,00

17:31:50        IFACE   rxpck/s   txpck/s    rxkB/s    txkB/s   rxcmp/s   txcmp/s  rxmcst/s   %ifutil
17:31:52           lo      0,00      0,00      0,00      0,00      0,00      0,00      0,00      0,00
17:31:52         eno1      4,00      0,00      0,25      0,00      0,00      0,00      1,00      0,00
17:31:52         eno2      0,00      0,00      0,00      0,00      0,00      0,00      0,00      0,00
17:31:52      docker0      0,00      0,00      0,00      0,00      0,00      0,00      0,00      0,00
17:31:52      ens2np0 769659,50 769664,00 766653,02 766657,50      0,00      0,00      0,00     62,80
17:31:52      ens2np1      0,00      0,00      0,00      0,00      0,00      0,00      0,00      0,00

17:31:52        CPU      %usr     %nice      %sys   %iowait    %steal      %irq     %soft    %guest    %gnice     %idle
17:31:54        all      0,00      0,00      0,00      0,00      0,00      0,00      6,25      0,00      0,00     93,75
17:31:54          0      0,00      0,00      0,00      0,00      0,00      0,00    100,00      0,00      0,00      0,00
17:31:54          1      0,00      0,00      0,00      0,00      0,00      0,00      0,00      0,00      0,00    100,00
17:31:54          2      0,00      0,00      0,00      0,00      0,00      0,00      0,00      0,00      0,00    100,00
17:31:54          3      0,00      0,00      0,00      0,00      0,00      0,00      0,00      0,00      0,00    100,00
17:31:54          4      0,00      0,00      0,00      0,00      0,00      0,00      0,00      0,00      0,00    100,00
17:31:54          5      0,00      0,00      0,00      0,00      0,00      0,00      0,00      0,00      0,00    100,00
17:31:54          6      0,00      0,00      0,00      0,00      0,00      0,00      0,00      0,00      0,00    100,00
17:31:54          7      0,00      0,00      0,00      0,00      0,00      0,00      0,00      0,00      0,00    100,00
17:31:54          8      0,00      0,00      0,00      0,00      0,00      0,00      0,00      0,00      0,00    100,00
17:31:54          9      0,00      0,00      0,00      0,00      0,00      0,00      0,00      0,00      0,00    100,00
17:31:54         10      0,00      0,00      0,00      0,00      0,00      0,00      0,00      0,00      0,00    100,00
17:31:54         11      0,00      0,00      0,00      0,00      0,00      0,00      0,00      0,00      0,00    100,00
17:31:54         12      0,00      0,00      0,00      0,00      0,00      0,00      0,00      0,00      0,00    100,00
17:31:54         13      0,00      0,00      0,00      0,00      0,00      0,00      0,00      0,00      0,00    100,00
17:31:54         14      0,00      0,00      0,00      0,00      0,00      0,00      0,00      0,00      0,00    100,00
17:31:54         15      0,00      0,00      0,00      0,00      0,00      0,00      0,00      0,00      0,00    100,00

17:31:52        IFACE   rxpck/s   txpck/s    rxkB/s    txkB/s   rxcmp/s   txcmp/s  rxmcst/s   %ifutil
17:31:54           lo      0,00      0,00      0,00      0,00      0,00      0,00      0,00      0,00
17:31:54         eno1      4,50      0,00      0,28      0,00      0,00      0,00      1,00      0,00
17:31:54         eno2      0,00      0,00      0,00      0,00      0,00      0,00      0,00      0,00
17:31:54      docker0      0,00      0,00      0,00      0,00      0,00      0,00      0,00      0,00
17:31:54      ens2np0 769720,00 769696,00 766713,28 766689,38      0,00      0,00      0,00     62,81
17:31:54      ens2np1      0,00      0,00      0,00      0,00      0,00      0,00      0,00      0,00

17:31:54        CPU      %usr     %nice      %sys   %iowait    %steal      %irq     %soft    %guest    %gnice     %idle
17:31:56        all      0,00      0,00      0,00      0,00      0,00      0,00      6,25      0,00      0,00     93,75
17:31:56          0      0,00      0,00      0,00      0,00      0,00      0,00    100,00      0,00      0,00      0,00
17:31:56          1      0,00      0,00      0,00      0,00      0,00      0,00      0,00      0,00      0,00    100,00
17:31:56          2      0,00      0,00      0,00      0,00      0,00      0,00      0,00      0,00      0,00    100,00
17:31:56          3      0,00      0,00      0,00      0,00      0,00      0,00      0,00      0,00      0,00    100,00
17:31:56          4      0,00      0,00      0,00      0,00      0,00      0,00      0,00      0,00      0,00    100,00
17:31:56          5      0,00      0,00      0,00      0,00      0,00      0,00      0,00      0,00      0,00    100,00
17:31:56          6      0,00      0,00      0,00      0,00      0,00      0,00      0,00      0,00      0,00    100,00
17:31:56          7      0,00      0,00      0,00      0,00      0,00      0,00      0,00      0,00      0,00    100,00
17:31:56          8      0,00      0,00      0,00      0,00      0,00      0,00      0,00      0,00      0,00    100,00
17:31:56          9      0,00      0,00      0,00      0,00      0,00      0,00      0,00      0,00      0,00    100,00
17:31:56         10      0,00      0,00      0,00      0,00      0,00      0,00      0,00      0,00      0,00    100,00
17:31:56         11      0,00      0,00      0,00      0,00      0,00      0,00      0,00      0,00      0,00    100,00
17:31:56         12      0,00      0,00      0,00      0,00      0,00      0,00      0,00      0,00      0,00    100,00
17:31:56         13      0,00      0,00      0,00      0,00      0,00      0,00      0,00      0,00      0,00    100,00
17:31:56         14      0,00      0,00      0,00      0,00      0,00      0,00      0,00      0,00      0,00    100,00
17:31:56         15      0,00      0,00      0,00      0,00      0,00      0,00      0,00      0,00      0,00    100,00

17:31:54        IFACE   rxpck/s   txpck/s    rxkB/s    txkB/s   rxcmp/s   txcmp/s  rxmcst/s   %ifutil
17:31:56           lo      1,00      1,00      0,08      0,08      0,00      0,00      0,00      0,00
17:31:56         eno1      7,50      1,50      0,56      0,12      0,00      0,00      2,00      0,00
17:31:56         eno2      0,00      0,00      0,00      0,00      0,00      0,00      0,00      0,00
17:31:56      docker0      0,00      0,00      0,00      0,00      0,00      0,00      0,00      0,00
17:31:56      ens2np0 769828,00 769824,00 766820,86 766816,88      0,00      0,00      0,00     62,82
17:31:56      ens2np1      0,00      0,00      0,00      0,00      0,00      0,00      0,00      0,00

Average:        CPU      %usr     %nice      %sys   %iowait    %steal      %irq     %soft    %guest    %gnice     %idle
Average:        all      0,11      0,00      0,04      0,00      0,00      0,00      4,90      0,00      0,00     94,95
Average:          0      0,02      0,00      0,02      0,00      0,00      0,00     78,36      0,00      0,00     21,60
Average:          1      0,14      0,00      0,08      0,00      0,00      0,00      0,02      0,00      0,00     99,76
Average:          2      0,08      0,00      0,02      0,00      0,00      0,00      0,02      0,00      0,00     99,88
Average:          3      0,14      0,00      0,14      0,00      0,00      0,00      0,00      0,00      0,00     99,72
Average:          4      0,10      0,00      0,02      0,00      0,00      0,00      0,00      0,00      0,00     99,88
Average:          5      0,18      0,00      0,02      0,00      0,00      0,00      0,00      0,00      0,00     99,80
Average:          6      0,14      0,00      0,14      0,00      0,00      0,00      0,00      0,00      0,00     99,72
Average:          7      0,10      0,00      0,02      0,00      0,00      0,00      0,00      0,00      0,00     99,88
Average:          8      0,08      0,00      0,00      0,00      0,00      0,00      0,00      0,00      0,00     99,92
Average:          9      0,16      0,00      0,02      0,00      0,00      0,00      0,00      0,00      0,00     99,82
Average:         10      0,12      0,00      0,04      0,00      0,00      0,00      0,00      0,00      0,00     99,84
Average:         11      0,14      0,00      0,06      0,00      0,00      0,00      0,00      0,00      0,00     99,80
Average:         12      0,08      0,00      0,02      0,02      0,00      0,00      0,00      0,00      0,00     99,88
Average:         13      0,08      0,00      0,00      0,00      0,00      0,00      0,00      0,00      0,00     99,92
Average:         14      0,06      0,00      0,02      0,00      0,00      0,00      0,00      0,00      0,00     99,92
Average:         15      0,12      0,00      0,02      0,00      0,00      0,00      0,00      0,00      0,00     99,86

Average:        IFACE   rxpck/s   txpck/s    rxkB/s    txkB/s   rxcmp/s   txcmp/s  rxmcst/s   %ifutil
Average:           lo      0,04      0,04      0,00      0,00      0,00      0,00      0,00      0,00
Average:         eno1      5,78      0,80      0,47      0,14      0,00      0,00      1,10      0,00
Average:         eno2      0,00      0,00      0,00      0,00      0,00      0,00      0,00      0,00
Average:      docker0      0,00      0,00      0,00      0,00      0,00      0,00      0,00      0,00
Average:      ens2np0 601283,84 601282,38 598935,07 598933,62      0,00      0,00      0,00     49,06
Average:      ens2np1      0,00      0,00      0,00      0,00      0,00      0,00      0,00      0,00
