Linux 5.13.0-52-generic (w1) 	15/07/2022 	_x86_64_	(16 CPU)

21:30:21        CPU      %usr     %nice      %sys   %iowait    %steal      %irq     %soft    %guest    %gnice     %idle
21:30:23        all      0,50      0,00      0,31      0,00      0,00      0,00      0,00      0,00      0,00     99,19
21:30:23          0      0,50      0,00      0,00      0,00      0,00      0,00      0,00      0,00      0,00     99,50
21:30:23          1      0,50      0,00      0,00      0,00      0,00      0,00      0,00      0,00      0,00     99,50
21:30:23          2      1,49      0,00      0,50      0,00      0,00      0,00      0,00      0,00      0,00     98,02
21:30:23          3      0,50      0,00      0,50      0,00      0,00      0,00      0,00      0,00      0,00     99,00
21:30:23          4      0,00      0,00      0,00      0,00      0,00      0,00      0,00      0,00      0,00    100,00
21:30:23          5      2,49      0,00      0,50      0,00      0,00      0,00      0,00      0,00      0,00     97,01
21:30:23          6      0,50      0,00      0,50      0,00      0,00      0,00      0,00      0,00      0,00     99,00
21:30:23          7      0,00      0,00      0,00      0,00      0,00      0,00      0,00      0,00      0,00    100,00
21:30:23          8      0,00      0,00      0,50      0,00      0,00      0,00      0,00      0,00      0,00     99,50
21:30:23          9      0,00      0,00      0,50      0,00      0,00      0,00      0,00      0,00      0,00     99,50
21:30:23         10      0,99      0,00      0,49      0,00      0,00      0,00      0,00      0,00      0,00     98,52
21:30:23         11      1,00      0,00      0,00      0,00      0,00      0,00      0,00      0,00      0,00     99,00
21:30:23         12      0,00      0,00      0,50      0,00      0,00      0,00      0,00      0,00      0,00     99,50
21:30:23         13      0,00      0,00      0,50      0,00      0,00      0,00      0,00      0,00      0,00     99,50
21:30:23         14      0,00      0,00      0,50      0,00      0,00      0,00      0,00      0,00      0,00     99,50
21:30:23         15      0,00      0,00      0,00      0,00      0,00      0,00      0,00      0,00      0,00    100,00

21:30:21        IFACE   rxpck/s   txpck/s    rxkB/s    txkB/s   rxcmp/s   txcmp/s  rxmcst/s   %ifutil
21:30:23           lo      0,00      0,00      0,00      0,00      0,00      0,00      0,00      0,00
21:30:23         eno1     18,50     17,00      3,51      3,25      0,00      0,00      1,00      0,00
21:30:23         eno2      0,00      0,00      0,00      0,00      0,00      0,00      0,00      0,00
21:30:23      docker0      0,00      0,00      0,00      0,00      0,00      0,00      0,00      0,00
21:30:23      ens2np0      0,00      0,00      0,00      0,00      0,00      0,00      0,00      0,00
21:30:23      ens2np1      0,00      0,00      0,00      0,00      0,00      0,00      0,00      0,00

21:30:23        CPU      %usr     %nice      %sys   %iowait    %steal      %irq     %soft    %guest    %gnice     %idle
21:30:25        all      0,03      0,00      0,00      0,00      0,00      0,00      0,00      0,00      0,00     99,97
21:30:25          0      0,00      0,00      0,00      0,00      0,00      0,00      0,00      0,00      0,00    100,00
21:30:25          1      0,00      0,00      0,00      0,00      0,00      0,00      0,00      0,00      0,00    100,00
21:30:25          2      0,00      0,00      0,00      0,00      0,00      0,00      0,00      0,00      0,00    100,00
21:30:25          3      0,00      0,00      0,00      0,00      0,00      0,00      0,00      0,00      0,00    100,00
21:30:25          4      0,00      0,00      0,00      0,00      0,00      0,00      0,00      0,00      0,00    100,00
21:30:25          5      0,00      0,00      0,00      0,00      0,00      0,00      0,00      0,00      0,00    100,00
21:30:25          6      0,00      0,00      0,00      0,00      0,00      0,00      0,00      0,00      0,00    100,00
21:30:25          7      0,00      0,00      0,00      0,00      0,00      0,00      0,00      0,00      0,00    100,00
21:30:25          8      0,00      0,00      0,00      0,00      0,00      0,00      0,00      0,00      0,00    100,00
21:30:25          9      0,00      0,00      0,00      0,00      0,00      0,00      0,00      0,00      0,00    100,00
21:30:25         10      0,00      0,00      0,00      0,00      0,00      0,00      0,00      0,00      0,00    100,00
21:30:25         11      0,00      0,00      0,00      0,00      0,00      0,00      0,00      0,00      0,00    100,00
21:30:25         12      0,00      0,00      0,00      0,00      0,00      0,00      0,00      0,00      0,00    100,00
21:30:25         13      0,00      0,00      0,00      0,00      0,00      0,00      0,00      0,00      0,00    100,00
21:30:25         14      0,50      0,00      0,00      0,00      0,00      0,00      0,00      0,00      0,00     99,50
21:30:25         15      0,00      0,00      0,00      0,00      0,00      0,00      0,00      0,00      0,00    100,00

21:30:23        IFACE   rxpck/s   txpck/s    rxkB/s    txkB/s   rxcmp/s   txcmp/s  rxmcst/s   %ifutil
21:30:25           lo      0,00      0,00      0,00      0,00      0,00      0,00      0,00      0,00
21:30:25         eno1      3,00      0,00      0,19      0,00      0,00      0,00      1,50      0,00
21:30:25         eno2      0,00      0,00      0,00      0,00      0,00      0,00      0,00      0,00
21:30:25      docker0      0,00      0,00      0,00      0,00      0,00      0,00      0,00      0,00
21:30:25      ens2np0      0,00      0,00      0,00      0,00      0,00      0,00      0,00      0,00
21:30:25      ens2np1      0,00      0,00      0,00      0,00      0,00      0,00      0,00      0,00

21:30:25        CPU      %usr     %nice      %sys   %iowait    %steal      %irq     %soft    %guest    %gnice     %idle
21:30:27        all      0,00      0,00      0,00      0,00      0,00      0,00      0,00      0,00      0,00    100,00
21:30:27          0      0,00      0,00      0,00      0,00      0,00      0,00      0,00      0,00      0,00    100,00
21:30:27          1      0,00      0,00      0,00      0,00      0,00      0,00      0,00      0,00      0,00    100,00
21:30:27          2      0,00      0,00      0,00      0,00      0,00      0,00      0,00      0,00      0,00    100,00
21:30:27          3      0,00      0,00      0,00      0,00      0,00      0,00      0,00      0,00      0,00    100,00
21:30:27          4      0,00      0,00      0,00      0,00      0,00      0,00      0,00      0,00      0,00    100,00
21:30:27          5      0,00      0,00      0,00      0,00      0,00      0,00      0,00      0,00      0,00    100,00
21:30:27          6      0,00      0,00      0,00      0,00      0,00      0,00      0,00      0,00      0,00    100,00
21:30:27          7      0,00      0,00      0,00      0,00      0,00      0,00      0,00      0,00      0,00    100,00
21:30:27          8      0,00      0,00      0,00      0,00      0,00      0,00      0,00      0,00      0,00    100,00
21:30:27          9      0,00      0,00      0,00      0,00      0,00      0,00      0,00      0,00      0,00    100,00
21:30:27         10      0,00      0,00      0,00      0,00      0,00      0,00      0,00      0,00      0,00    100,00
21:30:27         11      0,00      0,00      0,00      0,00      0,00      0,00      0,00      0,00      0,00    100,00
21:30:27         12      0,00      0,00      0,00      0,00      0,00      0,00      0,00      0,00      0,00    100,00
21:30:27         13      0,00      0,00      0,00      0,00      0,00      0,00      0,00      0,00      0,00    100,00
21:30:27         14      0,00      0,00      0,00      0,00      0,00      0,00      0,00      0,00      0,00    100,00
21:30:27         15      0,00      0,00      0,00      0,00      0,00      0,00      0,00      0,00      0,00    100,00

21:30:25        IFACE   rxpck/s   txpck/s    rxkB/s    txkB/s   rxcmp/s   txcmp/s  rxmcst/s   %ifutil
21:30:27           lo      0,00      0,00      0,00      0,00      0,00      0,00      0,00      0,00
21:30:27         eno1      6,50      0,00      0,41      0,00      0,00      0,00      1,00      0,00
21:30:27         eno2      0,00      0,00      0,00      0,00      0,00      0,00      0,00      0,00
21:30:27      docker0      0,00      0,00      0,00      0,00      0,00      0,00      0,00      0,00
21:30:27      ens2np0      0,00      0,00      0,00      0,00      0,00      0,00      0,00      0,00
21:30:27      ens2np1      0,00      0,00      0,00      0,00      0,00      0,00      0,00      0,00

21:30:27        CPU      %usr     %nice      %sys   %iowait    %steal      %irq     %soft    %guest    %gnice     %idle
21:30:29        all      0,00      0,00      0,00      0,00      0,00      0,00      0,00      0,00      0,00    100,00
21:30:29          0      0,00      0,00      0,00      0,00      0,00      0,00      0,00      0,00      0,00    100,00
21:30:29          1      0,00      0,00      0,00      0,00      0,00      0,00      0,00      0,00      0,00    100,00
21:30:29          2      0,00      0,00      0,00      0,00      0,00      0,00      0,00      0,00      0,00    100,00
21:30:29          3      0,00      0,00      0,00      0,00      0,00      0,00      0,00      0,00      0,00    100,00
21:30:29          4      0,00      0,00      0,00      0,00      0,00      0,00      0,00      0,00      0,00    100,00
21:30:29          5      0,00      0,00      0,00      0,00      0,00      0,00      0,00      0,00      0,00    100,00
21:30:29          6      0,00      0,00      0,00      0,00      0,00      0,00      0,00      0,00      0,00    100,00
21:30:29          7      0,00      0,00      0,00      0,00      0,00      0,00      0,00      0,00      0,00    100,00
21:30:29          8      0,00      0,00      0,00      0,00      0,00      0,00      0,00      0,00      0,00    100,00
21:30:29          9      0,00      0,00      0,00      0,00      0,00      0,00      0,00      0,00      0,00    100,00
21:30:29         10      0,00      0,00      0,00      0,00      0,00      0,00      0,00      0,00      0,00    100,00
21:30:29         11      0,00      0,00      0,00      0,00      0,00      0,00      0,00      0,00      0,00    100,00
21:30:29         12      0,00      0,00      0,00      0,00      0,00      0,00      0,00      0,00      0,00    100,00
21:30:29         13      0,00      0,00      0,00      0,00      0,00      0,00      0,00      0,00      0,00    100,00
21:30:29         14      0,00      0,00      0,00      0,00      0,00      0,00      0,00      0,00      0,00    100,00
21:30:29         15      0,00      0,00      0,00      0,00      0,00      0,00      0,00      0,00      0,00    100,00

21:30:27        IFACE   rxpck/s   txpck/s    rxkB/s    txkB/s   rxcmp/s   txcmp/s  rxmcst/s   %ifutil
21:30:29           lo      0,00      0,00      0,00      0,00      0,00      0,00      0,00      0,00
21:30:29         eno1      4,00      0,00      0,25      0,00      0,00      0,00      1,00      0,00
21:30:29         eno2      0,00      0,00      0,00      0,00      0,00      0,00      0,00      0,00
21:30:29      docker0      0,00      0,00      0,00      0,00      0,00      0,00      0,00      0,00
21:30:29      ens2np0      0,00      0,00      0,00      0,00      0,00      0,00      0,00      0,00
21:30:29      ens2np1      0,00      0,00      0,00      0,00      0,00      0,00      0,00      0,00

21:30:29        CPU      %usr     %nice      %sys   %iowait    %steal      %irq     %soft    %guest    %gnice     %idle
21:30:31        all      0,03      0,00      0,00      0,00      0,00      0,00      0,00      0,00      0,00     99,97
21:30:31          0      0,00      0,00      0,00      0,00      0,00      0,00      0,00      0,00      0,00    100,00
21:30:31          1      0,00      0,00      0,00      0,00      0,00      0,00      0,00      0,00      0,00    100,00
21:30:31          2      0,00      0,00      0,00      0,00      0,00      0,00      0,00      0,00      0,00    100,00
21:30:31          3      0,00      0,00      0,00      0,00      0,00      0,00      0,00      0,00      0,00    100,00
21:30:31          4      0,00      0,00      0,00      0,00      0,00      0,00      0,00      0,00      0,00    100,00
21:30:31          5      0,00      0,00      0,00      0,00      0,00      0,00      0,00      0,00      0,00    100,00
21:30:31          6      0,00      0,00      0,00      0,00      0,00      0,00      0,00      0,00      0,00    100,00
21:30:31          7      0,00      0,00      0,00      0,00      0,00      0,00      0,00      0,00      0,00    100,00
21:30:31          8      0,00      0,00      0,00      0,00      0,00      0,00      0,00      0,00      0,00    100,00
21:30:31          9      0,50      0,00      0,00      0,00      0,00      0,00      0,00      0,00      0,00     99,50
21:30:31         10      0,00      0,00      0,00      0,00      0,00      0,00      0,00      0,00      0,00    100,00
21:30:31         11      0,00      0,00      0,00      0,00      0,00      0,00      0,00      0,00      0,00    100,00
21:30:31         12      0,00      0,00      0,00      0,00      0,00      0,00      0,00      0,00      0,00    100,00
21:30:31         13      0,00      0,00      0,00      0,00      0,00      0,00      0,00      0,00      0,00    100,00
21:30:31         14      0,00      0,00      0,00      0,00      0,00      0,00      0,00      0,00      0,00    100,00
21:30:31         15      0,00      0,00      0,00      0,00      0,00      0,00      0,00      0,00      0,00    100,00

21:30:29        IFACE   rxpck/s   txpck/s    rxkB/s    txkB/s   rxcmp/s   txcmp/s  rxmcst/s   %ifutil
21:30:31           lo      0,00      0,00      0,00      0,00      0,00      0,00      0,00      0,00
21:30:31         eno1      4,50      0,50      0,38      0,03      0,00      0,00      1,00      0,00
21:30:31         eno2      0,00      0,00      0,00      0,00      0,00      0,00      0,00      0,00
21:30:31      docker0      0,00      0,00      0,00      0,00      0,00      0,00      0,00      0,00
21:30:31      ens2np0      0,00      0,00      0,00      0,00      0,00      0,00      0,00      0,00
21:30:31      ens2np1      0,00      0,00      0,00      0,00      0,00      0,00      0,00      0,00

21:30:31        CPU      %usr     %nice      %sys   %iowait    %steal      %irq     %soft    %guest    %gnice     %idle
21:30:33        all      0,31      0,00      0,16      0,00      0,00      0,00      7,80      0,00      0,00     91,73
21:30:33          0      0,50      0,00      0,00      0,00      0,00      0,00     59,00      0,00      0,00     40,50
21:30:33          1      0,50      0,00      0,00      0,00      0,00      0,00     59,50      0,00      0,00     40,00
21:30:33          2      0,94      0,00      0,00      0,00      0,00      0,00      6,13      0,00      0,00     92,92
21:30:33          3      0,50      0,00      0,00      0,00      0,00      0,00      0,00      0,00      0,00     99,50
21:30:33          4      0,50      0,00      0,00      0,00      0,00      0,00      0,00      0,00      0,00     99,50
21:30:33          5      1,50      0,00      1,50      0,00      0,00      0,00      0,00      0,00      0,00     97,00
21:30:33          6      0,00      0,00      0,50      0,00      0,00      0,00      0,00      0,00      0,00     99,50
21:30:33          7      0,00      0,00      0,50      0,00      0,00      0,00      0,00      0,00      0,00     99,50
21:30:33          8      0,50      0,00      0,00      0,00      0,00      0,00      0,00      0,00      0,00     99,50
21:30:33          9      0,00      0,00      0,00      0,00      0,00      0,00      0,00      0,00      0,00    100,00
21:30:33         10      0,00      0,00      0,00      0,00      0,00      0,00      0,00      0,00      0,00    100,00
21:30:33         11      0,00      0,00      0,00      0,00      0,00      0,00      0,00      0,00      0,00    100,00
21:30:33         12      0,00      0,00      0,00      0,00      0,00      0,00      0,00      0,00      0,00    100,00
21:30:33         13      0,00      0,00      0,00      0,00      0,00      0,00      0,00      0,00      0,00    100,00
21:30:33         14      0,00      0,00      0,00      0,00      0,00      0,00      0,00      0,00      0,00    100,00
21:30:33         15      0,00      0,00      0,00      0,00      0,00      0,00      0,00      0,00      0,00    100,00

21:30:31        IFACE   rxpck/s   txpck/s    rxkB/s    txkB/s   rxcmp/s   txcmp/s  rxmcst/s   %ifutil
21:30:33           lo      0,00      0,00      0,00      0,00      0,00      0,00      0,00      0,00
21:30:33         eno1      4,00      0,00      0,25      0,00      0,00      0,00      1,00      0,00
21:30:33         eno2      0,00      0,00      0,00      0,00      0,00      0,00      0,00      0,00
21:30:33      docker0      0,00      0,00      0,00      0,00      0,00      0,00      0,00      0,00
21:30:33      ens2np0 291453,00 287744,00 290314,51 286620,00      0,00      0,00      0,00     23,78
21:30:33      ens2np1      0,00      0,00      0,00      0,00      0,00      0,00      0,00      0,00

21:30:33        CPU      %usr     %nice      %sys   %iowait    %steal      %irq     %soft    %guest    %gnice     %idle
21:30:35        all      0,00      0,00      0,00      0,00      0,00      0,00     13,45      0,00      0,00     86,55
21:30:35          0      0,00      0,00      0,00      0,00      0,00      0,00    100,00      0,00      0,00      0,00
21:30:35          1      0,00      0,00      0,00      0,00      0,00      0,00    100,00      0,00      0,00      0,00
21:30:35          2      0,00      0,00      0,00      0,00      0,00      0,00     14,96      0,00      0,00     85,04
21:30:35          3      0,00      0,00      0,00      0,00      0,00      0,00      0,00      0,00      0,00    100,00
21:30:35          4      0,00      0,00      0,00      0,00      0,00      0,00      0,00      0,00      0,00    100,00
21:30:35          5      0,00      0,00      0,00      0,00      0,00      0,00      0,00      0,00      0,00    100,00
21:30:35          6      0,00      0,00      0,00      0,00      0,00      0,00      0,00      0,00      0,00    100,00
21:30:35          7      0,00      0,00      0,00      0,00      0,00      0,00      0,00      0,00      0,00    100,00
21:30:35          8      0,00      0,00      0,00      0,00      0,00      0,00      0,00      0,00      0,00    100,00
21:30:35          9      0,00      0,00      0,00      0,00      0,00      0,00      0,00      0,00      0,00    100,00
21:30:35         10      0,00      0,00      0,00      0,00      0,00      0,00      0,00      0,00      0,00    100,00
21:30:35         11      0,00      0,00      0,00      0,00      0,00      0,00      0,00      0,00      0,00    100,00
21:30:35         12      0,00      0,00      0,00      0,00      0,00      0,00      0,00      0,00      0,00    100,00
21:30:35         13      0,00      0,00      0,00      0,00      0,00      0,00      0,00      0,00      0,00    100,00
21:30:35         14      0,00      0,00      0,00      0,00      0,00      0,00      0,00      0,00      0,00    100,00
21:30:35         15      0,00      0,00      0,00      0,00      0,00      0,00      0,00      0,00      0,00    100,00

21:30:33        IFACE   rxpck/s   txpck/s    rxkB/s    txkB/s   rxcmp/s   txcmp/s  rxmcst/s   %ifutil
21:30:35           lo      0,00      0,00      0,00      0,00      0,00      0,00      0,00      0,00
21:30:35         eno1      4,00      0,00      0,25      0,00      0,00      0,00      1,00      0,00
21:30:35         eno2      0,00      0,00      0,00      0,00      0,00      0,00      0,00      0,00
21:30:35      docker0      0,00      0,00      0,00      0,00      0,00      0,00      0,00      0,00
21:30:35      ens2np0 496607,50 497664,00 494667,63 495720,00      0,00      0,00      0,00     40,61
21:30:35      ens2np1      0,00      0,00      0,00      0,00      0,00      0,00      0,00      0,00

21:30:35        CPU      %usr     %nice      %sys   %iowait    %steal      %irq     %soft    %guest    %gnice     %idle
21:30:37        all      0,03      0,00      0,00      0,00      0,00      0,00     14,16      0,00      0,00     85,81
21:30:37          0      0,00      0,00      0,00      0,00      0,00      0,00    100,00      0,00      0,00      0,00
21:30:37          1      0,00      0,00      0,00      0,00      0,00      0,00    100,00      0,00      0,00      0,00
21:30:37          2      0,00      0,00      0,00      0,00      0,00      0,00     23,75      0,00      0,00     76,25
21:30:37          3      0,50      0,00      0,00      0,00      0,00      0,00      0,00      0,00      0,00     99,50
21:30:37          4      0,00      0,00      0,00      0,00      0,00      0,00      0,00      0,00      0,00    100,00
21:30:37          5      0,00      0,00      0,00      0,00      0,00      0,00      0,00      0,00      0,00    100,00
21:30:37          6      0,00      0,00      0,00      0,00      0,00      0,00      0,00      0,00      0,00    100,00
21:30:37          7      0,00      0,00      0,00      0,00      0,00      0,00      0,00      0,00      0,00    100,00
21:30:37          8      0,00      0,00      0,00      0,00      0,00      0,00      0,00      0,00      0,00    100,00
21:30:37          9      0,00      0,00      0,00      0,00      0,00      0,00      0,00      0,00      0,00    100,00
21:30:37         10      0,00      0,00      0,00      0,00      0,00      0,00      0,00      0,00      0,00    100,00
21:30:37         11      0,00      0,00      0,00      0,00      0,00      0,00      0,00      0,00      0,00    100,00
21:30:37         12      0,00      0,00      0,00      0,00      0,00      0,00      0,00      0,00      0,00    100,00
21:30:37         13      0,00      0,00      0,00      0,00      0,00      0,00      0,00      0,00      0,00    100,00
21:30:37         14      0,00      0,00      0,00      0,00      0,00      0,00      0,00      0,00      0,00    100,00
21:30:37         15      0,00      0,00      0,00      0,00      0,00      0,00      0,00      0,00      0,00    100,00

21:30:35        IFACE   rxpck/s   txpck/s    rxkB/s    txkB/s   rxcmp/s   txcmp/s  rxmcst/s   %ifutil
21:30:37           lo      0,00      0,00      0,00      0,00      0,00      0,00      0,00      0,00
21:30:37         eno1      6,00      0,00      0,38      0,00      0,00      0,00      1,50      0,00
21:30:37         eno2      0,00      0,00      0,00      0,00      0,00      0,00      0,00      0,00
21:30:37      docker0      0,00      0,00      0,00      0,00      0,00      0,00      0,00      0,00
21:30:37      ens2np0 496215,00 495616,00 494276,66 493680,00      0,00      0,00      0,00     40,49
21:30:37      ens2np1      0,00      0,00      0,00      0,00      0,00      0,00      0,00      0,00

21:30:37        CPU      %usr     %nice      %sys   %iowait    %steal      %irq     %soft    %guest    %gnice     %idle
21:30:39        all      0,00      0,00      0,00      0,03      0,00      0,00     13,68      0,00      0,00     86,29
21:30:39          0      0,00      0,00      0,00      0,00      0,00      0,00    100,00      0,00      0,00      0,00
21:30:39          1      0,00      0,00      0,00      0,00      0,00      0,00    100,00      0,00      0,00      0,00
21:30:39          2      0,00      0,00      0,00      0,00      0,00      0,00     18,03      0,00      0,00     81,97
21:30:39          3      0,00      0,00      0,00      0,00      0,00      0,00      0,00      0,00      0,00    100,00
21:30:39          4      0,00      0,00      0,00      0,00      0,00      0,00      0,00      0,00      0,00    100,00
21:30:39          5      0,00      0,00      0,00      0,00      0,00      0,00      0,00      0,00      0,00    100,00
21:30:39          6      0,00      0,00      0,00      0,00      0,00      0,00      0,00      0,00      0,00    100,00
21:30:39          7      0,00      0,00      0,00      0,00      0,00      0,00      0,00      0,00      0,00    100,00
21:30:39          8      0,00      0,00      0,00      0,00      0,00      0,00      0,00      0,00      0,00    100,00
21:30:39          9      0,00      0,00      0,00      0,00      0,00      0,00      0,00      0,00      0,00    100,00
21:30:39         10      0,00      0,00      0,00      0,00      0,00      0,00      0,00      0,00      0,00    100,00
21:30:39         11      0,00      0,00      0,00      0,00      0,00      0,00      0,00      0,00      0,00    100,00
21:30:39         12      0,00      0,00      0,00      0,00      0,00      0,00      0,00      0,00      0,00    100,00
21:30:39         13      0,00      0,00      0,00      0,00      0,00      0,00      0,00      0,00      0,00    100,00
21:30:39         14      0,00      0,00      0,00      0,50      0,00      0,00      0,00      0,00      0,00     99,50
21:30:39         15      0,00      0,00      0,00      0,00      0,00      0,00      0,00      0,00      0,00    100,00

21:30:37        IFACE   rxpck/s   txpck/s    rxkB/s    txkB/s   rxcmp/s   txcmp/s  rxmcst/s   %ifutil
21:30:39           lo      0,00      0,00      0,00      0,00      0,00      0,00      0,00      0,00
21:30:39         eno1      7,00      0,00      0,44      0,00      0,00      0,00      1,00      0,00
21:30:39         eno2      0,00      0,00      0,00      0,00      0,00      0,00      0,00      0,00
21:30:39      docker0      0,00      0,00      0,00      0,00      0,00      0,00      0,00      0,00
21:30:39      ens2np0 496592,50 496640,00 494652,69 494700,00      0,00      0,00      0,00     40,53
21:30:39      ens2np1      0,00      0,00      0,00      0,00      0,00      0,00      0,00      0,00

21:30:39        CPU      %usr     %nice      %sys   %iowait    %steal      %irq     %soft    %guest    %gnice     %idle
21:30:41        all      0,00      0,00      0,00      0,00      0,00      0,00     13,91      0,00      0,00     86,09
21:30:41          0      0,00      0,00      0,00      0,00      0,00      0,00    100,00      0,00      0,00      0,00
21:30:41          1      0,00      0,00      0,00      0,00      0,00      0,00    100,00      0,00      0,00      0,00
21:30:41          2      0,00      0,00      0,00      0,00      0,00      0,00     20,72      0,00      0,00     79,28
21:30:41          3      0,00      0,00      0,00      0,00      0,00      0,00      0,00      0,00      0,00    100,00
21:30:41          4      0,00      0,00      0,00      0,00      0,00      0,00      0,00      0,00      0,00    100,00
21:30:41          5      0,00      0,00      0,00      0,00      0,00      0,00      0,00      0,00      0,00    100,00
21:30:41          6      0,00      0,00      0,00      0,00      0,00      0,00      0,00      0,00      0,00    100,00
21:30:41          7      0,00      0,00      0,00      0,00      0,00      0,00      0,00      0,00      0,00    100,00
21:30:41          8      0,00      0,00      0,00      0,00      0,00      0,00      0,00      0,00      0,00    100,00
21:30:41          9      0,00      0,00      0,00      0,00      0,00      0,00      0,00      0,00      0,00    100,00
21:30:41         10      0,00      0,00      0,00      0,00      0,00      0,00      0,00      0,00      0,00    100,00
21:30:41         11      0,00      0,00      0,00      0,00      0,00      0,00      0,00      0,00      0,00    100,00
21:30:41         12      0,00      0,00      0,00      0,00      0,00      0,00      0,00      0,00      0,00    100,00
21:30:41         13      0,00      0,00      0,00      0,00      0,00      0,00      0,00      0,00      0,00    100,00
21:30:41         14      0,00      0,00      0,00      0,00      0,00      0,00      0,00      0,00      0,00    100,00
21:30:41         15      0,00      0,00      0,00      0,00      0,00      0,00      0,00      0,00      0,00    100,00

21:30:39        IFACE   rxpck/s   txpck/s    rxkB/s    txkB/s   rxcmp/s   txcmp/s  rxmcst/s   %ifutil
21:30:41           lo      0,00      0,00      0,00      0,00      0,00      0,00      0,00      0,00
21:30:41         eno1      6,00      0,00      0,38      0,00      0,00      0,00      1,50      0,00
21:30:41         eno2      0,00      0,00      0,00      0,00      0,00      0,00      0,00      0,00
21:30:41      docker0      0,00      0,00      0,00      0,00      0,00      0,00      0,00      0,00
21:30:41      ens2np0 496630,50 496640,00 494690,54 494700,00      0,00      0,00      0,00     40,53
21:30:41      ens2np1      0,00      0,00      0,00      0,00      0,00      0,00      0,00      0,00

21:30:41        CPU      %usr     %nice      %sys   %iowait    %steal      %irq     %soft    %guest    %gnice     %idle
21:30:43        all      0,50      0,00      0,06      0,00      0,00      0,00     12,97      0,00      0,00     86,47
21:30:43          0      0,00      0,00      0,00      0,00      0,00      0,00    100,00      0,00      0,00      0,00
21:30:43          1      0,00      0,00      0,00      0,00      0,00      0,00    100,00      0,00      0,00      0,00
21:30:43          2      1,38      0,00      0,00      0,00      0,00      0,00      7,83      0,00      0,00     90,78
21:30:43          3      0,50      0,00      0,50      0,00      0,00      0,00      0,00      0,00      0,00     99,00
21:30:43          4      0,50      0,00      0,00      0,00      0,00      0,00      0,00      0,00      0,00     99,50
21:30:43          5      0,50      0,00      0,00      0,00      0,00      0,00      0,00      0,00      0,00     99,50
21:30:43          6      0,50      0,00      0,00      0,00      0,00      0,00      0,00      0,00      0,00     99,50
21:30:43          7      0,50      0,00      0,00      0,00      0,00      0,00      0,00      0,00      0,00     99,50
21:30:43          8      0,00      0,00      0,00      0,00      0,00      0,00      0,00      0,00      0,00    100,00
21:30:43          9      0,00      0,00      0,00      0,00      0,00      0,00      0,00      0,00      0,00    100,00
21:30:43         10      0,00      0,00      0,00      0,00      0,00      0,00      0,00      0,00      0,00    100,00
21:30:43         11      0,50      0,00      0,00      0,00      0,00      0,00      0,00      0,00      0,00     99,50
21:30:43         12      0,50      0,00      0,00      0,00      0,00      0,00      0,00      0,00      0,00     99,50
21:30:43         13      1,00      0,00      0,50      0,00      0,00      0,00      0,00      0,00      0,00     98,51
21:30:43         14      1,50      0,00      0,00      0,00      0,00      0,00      0,00      0,00      0,00     98,50
21:30:43         15      0,50      0,00      0,00      0,00      0,00      0,00      0,00      0,00      0,00     99,50

21:30:41        IFACE   rxpck/s   txpck/s    rxkB/s    txkB/s   rxcmp/s   txcmp/s  rxmcst/s   %ifutil
21:30:43           lo      0,00      0,00      0,00      0,00      0,00      0,00      0,00      0,00
21:30:43         eno1      4,50      0,50      0,28      0,03      0,00      0,00      1,00      0,00
21:30:43         eno2      0,00      0,00      0,00      0,00      0,00      0,00      0,00      0,00
21:30:43      docker0      0,00      0,00      0,00      0,00      0,00      0,00      0,00      0,00
21:30:43      ens2np0 495994,00 495616,00 494056,52 493680,00      0,00      0,00      0,00     40,47
21:30:43      ens2np1      0,00      0,00      0,00      0,00      0,00      0,00      0,00      0,00

21:30:43        CPU      %usr     %nice      %sys   %iowait    %steal      %irq     %soft    %guest    %gnice     %idle
21:30:45        all      0,00      0,00      0,00      0,00      0,00      0,00     12,50      0,00      0,00     87,50
21:30:45          0      0,00      0,00      0,00      0,00      0,00      0,00    100,00      0,00      0,00      0,00
21:30:45          1      0,00      0,00      0,00      0,00      0,00      0,00    100,00      0,00      0,00      0,00
21:30:45          2      0,00      0,00      0,00      0,00      0,00      0,00      0,00      0,00      0,00    100,00
21:30:45          3      0,00      0,00      0,00      0,00      0,00      0,00      0,00      0,00      0,00    100,00
21:30:45          4      0,00      0,00      0,00      0,00      0,00      0,00      0,00      0,00      0,00    100,00
21:30:45          5      0,00      0,00      0,00      0,00      0,00      0,00      0,00      0,00      0,00    100,00
21:30:45          6      0,00      0,00      0,00      0,00      0,00      0,00      0,00      0,00      0,00    100,00
21:30:45          7      0,00      0,00      0,00      0,00      0,00      0,00      0,00      0,00      0,00    100,00
21:30:45          8      0,00      0,00      0,00      0,00      0,00      0,00      0,00      0,00      0,00    100,00
21:30:45          9      0,00      0,00      0,00      0,00      0,00      0,00      0,00      0,00      0,00    100,00
21:30:45         10      0,00      0,00      0,00      0,00      0,00      0,00      0,00      0,00      0,00    100,00
21:30:45         11      0,00      0,00      0,00      0,00      0,00      0,00      0,00      0,00      0,00    100,00
21:30:45         12      0,00      0,00      0,00      0,00      0,00      0,00      0,00      0,00      0,00    100,00
21:30:45         13      0,00      0,00      0,00      0,00      0,00      0,00      0,00      0,00      0,00    100,00
21:30:45         14      0,00      0,00      0,00      0,00      0,00      0,00      0,00      0,00      0,00    100,00
21:30:45         15      0,00      0,00      0,00      0,00      0,00      0,00      0,00      0,00      0,00    100,00

21:30:43        IFACE   rxpck/s   txpck/s    rxkB/s    txkB/s   rxcmp/s   txcmp/s  rxmcst/s   %ifutil
21:30:45           lo      0,00      0,00      0,00      0,00      0,00      0,00      0,00      0,00
21:30:45         eno1      4,50      0,00      0,28      0,00      0,00      0,00      1,00      0,00
21:30:45         eno2      0,00      0,00      0,00      0,00      0,00      0,00      0,00      0,00
21:30:45      docker0      0,00      0,00      0,00      0,00      0,00      0,00      0,00      0,00
21:30:45      ens2np0 496722,00 497664,00 494781,68 495720,00      0,00      0,00      0,00     40,61
21:30:45      ens2np1      0,00      0,00      0,00      0,00      0,00      0,00      0,00      0,00

21:30:45        CPU      %usr     %nice      %sys   %iowait    %steal      %irq     %soft    %guest    %gnice     %idle
21:30:47        all      0,00      0,00      0,00      0,03      0,00      0,00     12,89      0,00      0,00     87,08
21:30:47          0      0,00      0,00      0,00      0,00      0,00      0,00    100,00      0,00      0,00      0,00
21:30:47          1      0,00      0,00      0,00      0,00      0,00      0,00    100,00      0,00      0,00      0,00
21:30:47          2      0,00      0,00      0,00      0,00      0,00      0,00      6,57      0,00      0,00     93,43
21:30:47          3      0,00      0,00      0,00      0,00      0,00      0,00      0,00      0,00      0,00    100,00
21:30:47          4      0,00      0,00      0,00      0,00      0,00      0,00      0,00      0,00      0,00    100,00
21:30:47          5      0,00      0,00      0,00      0,00      0,00      0,00      0,00      0,00      0,00    100,00
21:30:47          6      0,00      0,00      0,00      0,00      0,00      0,00      0,00      0,00      0,00    100,00
21:30:47          7      0,00      0,00      0,00      0,00      0,00      0,00      0,00      0,00      0,00    100,00
21:30:47          8      0,00      0,00      0,00      0,00      0,00      0,00      0,00      0,00      0,00    100,00
21:30:47          9      0,00      0,00      0,00      0,00      0,00      0,00      0,00      0,00      0,00    100,00
21:30:47         10      0,00      0,00      0,00      0,00      0,00      0,00      0,00      0,00      0,00    100,00
21:30:47         11      0,00      0,00      0,00      0,00      0,00      0,00      0,00      0,00      0,00    100,00
21:30:47         12      0,00      0,00      0,00      0,00      0,00      0,00      0,00      0,00      0,00    100,00
21:30:47         13      0,00      0,00      0,00      0,00      0,00      0,00      0,00      0,00      0,00    100,00
21:30:47         14      0,00      0,00      0,00      0,50      0,00      0,00      0,00      0,00      0,00     99,50
21:30:47         15      0,00      0,00      0,00      0,00      0,00      0,00      0,00      0,00      0,00    100,00

21:30:45        IFACE   rxpck/s   txpck/s    rxkB/s    txkB/s   rxcmp/s   txcmp/s  rxmcst/s   %ifutil
21:30:47           lo      0,00      0,00      0,00      0,00      0,00      0,00      0,00      0,00
21:30:47         eno1      2,00      0,00      0,12      0,00      0,00      0,00      0,00      0,00
21:30:47         eno2      0,00      0,00      0,00      0,00      0,00      0,00      0,00      0,00
21:30:47      docker0      0,00      0,00      0,00      0,00      0,00      0,00      0,00      0,00
21:30:47      ens2np0 496727,00 496640,00 494786,66 494700,00      0,00      0,00      0,00     40,53
21:30:47      ens2np1      0,00      0,00      0,00      0,00      0,00      0,00      0,00      0,00

21:30:47        CPU      %usr     %nice      %sys   %iowait    %steal      %irq     %soft    %guest    %gnice     %idle
21:30:49        all      0,00      0,00      0,00      0,00      0,00      0,00     12,86      0,00      0,00     87,14
21:30:49          0      0,00      0,00      0,00      0,00      0,00      0,00    100,00      0,00      0,00      0,00
21:30:49          1      0,00      0,00      0,00      0,00      0,00      0,00    100,00      0,00      0,00      0,00
21:30:49          2      0,00      0,00      0,00      0,00      0,00      0,00      6,10      0,00      0,00     93,90
21:30:49          3      0,00      0,00      0,00      0,00      0,00      0,00      0,00      0,00      0,00    100,00
21:30:49          4      0,00      0,00      0,00      0,00      0,00      0,00      0,00      0,00      0,00    100,00
21:30:49          5      0,00      0,00      0,00      0,00      0,00      0,00      0,00      0,00      0,00    100,00
21:30:49          6      0,00      0,00      0,00      0,00      0,00      0,00      0,00      0,00      0,00    100,00
21:30:49          7      0,00      0,00      0,00      0,00      0,00      0,00      0,00      0,00      0,00    100,00
21:30:49          8      0,00      0,00      0,00      0,00      0,00      0,00      0,00      0,00      0,00    100,00
21:30:49          9      0,00      0,00      0,00      0,00      0,00      0,00      0,00      0,00      0,00    100,00
21:30:49         10      0,00      0,00      0,00      0,00      0,00      0,00      0,00      0,00      0,00    100,00
21:30:49         11      0,00      0,00      0,00      0,00      0,00      0,00      0,00      0,00      0,00    100,00
21:30:49         12      0,00      0,00      0,00      0,00      0,00      0,00      0,00      0,00      0,00    100,00
21:30:49         13      0,00      0,00      0,00      0,00      0,00      0,00      0,00      0,00      0,00    100,00
21:30:49         14      0,00      0,00      0,00      0,00      0,00      0,00      0,00      0,00      0,00    100,00
21:30:49         15      0,00      0,00      0,00      0,00      0,00      0,00      0,00      0,00      0,00    100,00

21:30:47        IFACE   rxpck/s   txpck/s    rxkB/s    txkB/s   rxcmp/s   txcmp/s  rxmcst/s   %ifutil
21:30:49           lo      0,00      0,00      0,00      0,00      0,00      0,00      0,00      0,00
21:30:49         eno1      5,50      0,50      0,35      0,03      0,00      0,00      1,00      0,00
21:30:49         eno2      0,00      0,00      0,00      0,00      0,00      0,00      0,00      0,00
21:30:49      docker0      0,00      0,00      0,00      0,00      0,00      0,00      0,00      0,00
21:30:49      ens2np0 496736,00 496640,00 494795,62 494700,00      0,00      0,00      0,00     40,53
21:30:49      ens2np1      0,00      0,00      0,00      0,00      0,00      0,00      0,00      0,00

21:30:49        CPU      %usr     %nice      %sys   %iowait    %steal      %irq     %soft    %guest    %gnice     %idle
21:30:51        all      0,00      0,00      0,00      0,00      0,00      0,00     12,97      0,00      0,00     87,03
21:30:51          0      0,00      0,00      0,00      0,00      0,00      0,00    100,00      0,00      0,00      0,00
21:30:51          1      0,00      0,00      0,00      0,00      0,00      0,00    100,00      0,00      0,00      0,00
21:30:51          2      0,00      0,00      0,00      0,00      0,00      0,00      7,87      0,00      0,00     92,13
21:30:51          3      0,00      0,00      0,00      0,00      0,00      0,00      0,00      0,00      0,00    100,00
21:30:51          4      0,00      0,00      0,00      0,00      0,00      0,00      0,00      0,00      0,00    100,00
21:30:51          5      0,00      0,00      0,00      0,00      0,00      0,00      0,00      0,00      0,00    100,00
21:30:51          6      0,00      0,00      0,00      0,00      0,00      0,00      0,00      0,00      0,00    100,00
21:30:51          7      0,00      0,00      0,00      0,00      0,00      0,00      0,00      0,00      0,00    100,00
21:30:51          8      0,00      0,00      0,00      0,00      0,00      0,00      0,00      0,00      0,00    100,00
21:30:51          9      0,00      0,00      0,00      0,00      0,00      0,00      0,00      0,00      0,00    100,00
21:30:51         10      0,00      0,00      0,00      0,00      0,00      0,00      0,00      0,00      0,00    100,00
21:30:51         11      0,00      0,00      0,00      0,00      0,00      0,00      0,00      0,00      0,00    100,00
21:30:51         12      0,00      0,00      0,00      0,00      0,00      0,00      0,00      0,00      0,00    100,00
21:30:51         13      0,00      0,00      0,00      0,00      0,00      0,00      0,00      0,00      0,00    100,00
21:30:51         14      0,00      0,00      0,00      0,00      0,00      0,00      0,00      0,00      0,00    100,00
21:30:51         15      0,00      0,00      0,00      0,00      0,00      0,00      0,00      0,00      0,00    100,00

21:30:49        IFACE   rxpck/s   txpck/s    rxkB/s    txkB/s   rxcmp/s   txcmp/s  rxmcst/s   %ifutil
21:30:51           lo      0,00      0,00      0,00      0,00      0,00      0,00      0,00      0,00
21:30:51         eno1      4,50      0,00      0,28      0,00      0,00      0,00      1,00      0,00
21:30:51         eno2      0,00      0,00      0,00      0,00      0,00      0,00      0,00      0,00
21:30:51      docker0      0,00      0,00      0,00      0,00      0,00      0,00      0,00      0,00
21:30:51      ens2np0 496741,00 496640,00 494800,61 494700,00      0,00      0,00      0,00     40,53
21:30:51      ens2np1      0,00      0,00      0,00      0,00      0,00      0,00      0,00      0,00

21:30:51        CPU      %usr     %nice      %sys   %iowait    %steal      %irq     %soft    %guest    %gnice     %idle
21:30:53        all      0,41      0,00      0,16      0,00      0,00      0,00     12,73      0,00      0,00     86,71
21:30:53          0      0,00      0,00      0,00      0,00      0,00      0,00    100,00      0,00      0,00      0,00
21:30:53          1      0,00      0,00      0,00      0,00      0,00      0,00    100,00      0,00      0,00      0,00
21:30:53          2      0,48      0,00      0,48      0,00      0,00      0,00      3,86      0,00      0,00     95,17
21:30:53          3      0,00      0,00      0,50      0,00      0,00      0,00      0,00      0,00      0,00     99,50
21:30:53          4      1,00      0,00      0,50      0,00      0,00      0,00      0,00      0,00      0,00     98,51
21:30:53          5      0,50      0,00      0,00      0,00      0,00      0,00      0,00      0,00      0,00     99,50
21:30:53          6      0,50      0,00      0,00      0,00      0,00      0,00      0,00      0,00      0,00     99,50
21:30:53          7      0,50      0,00      0,00      0,00      0,00      0,00      0,00      0,00      0,00     99,50
21:30:53          8      0,50      0,00      0,00      0,00      0,00      0,00      0,00      0,00      0,00     99,50
21:30:53          9      0,50      0,00      0,00      0,00      0,00      0,00      0,00      0,00      0,00     99,50
21:30:53         10      0,50      0,00      0,00      0,00      0,00      0,00      0,00      0,00      0,00     99,50
21:30:53         11      0,00      0,00      0,00      0,00      0,00      0,00      0,00      0,00      0,00    100,00
21:30:53         12      0,00      0,00      0,00      0,00      0,00      0,00      0,00      0,00      0,00    100,00
21:30:53         13      1,00      0,00      0,50      0,00      0,00      0,00      0,00      0,00      0,00     98,50
21:30:53         14      1,00      0,00      0,50      0,00      0,00      0,00      0,00      0,00      0,00     98,50
21:30:53         15      0,00      0,00      0,00      0,00      0,00      0,00      0,00      0,00      0,00    100,00

21:30:51        IFACE   rxpck/s   txpck/s    rxkB/s    txkB/s   rxcmp/s   txcmp/s  rxmcst/s   %ifutil
21:30:53           lo      0,00      0,00      0,00      0,00      0,00      0,00      0,00      0,00
21:30:53         eno1      3,50      0,00      0,22      0,00      0,00      0,00      1,00      0,00
21:30:53         eno2      0,00      0,00      0,00      0,00      0,00      0,00      0,00      0,00
21:30:53      docker0      0,00      0,00      0,00      0,00      0,00      0,00      0,00      0,00
21:30:53      ens2np0 495850,00 495616,00 493913,09 493680,00      0,00      0,00      0,00     40,46
21:30:53      ens2np1      0,00      0,00      0,00      0,00      0,00      0,00      0,00      0,00

21:30:53        CPU      %usr     %nice      %sys   %iowait    %steal      %irq     %soft    %guest    %gnice     %idle
21:30:55        all      0,06      0,00      0,00      0,00      0,00      0,00     12,61      0,00      0,00     87,33
21:30:55          0      0,00      0,00      0,00      0,00      0,00      0,00    100,00      0,00      0,00      0,00
21:30:55          1      0,00      0,00      0,00      0,00      0,00      0,00    100,00      0,00      0,00      0,00
21:30:55          2      0,49      0,00      0,00      0,00      0,00      0,00      1,96      0,00      0,00     97,55
21:30:55          3      0,00      0,00      0,00      0,00      0,00      0,00      0,00      0,00      0,00    100,00
21:30:55          4      0,00      0,00      0,00      0,00      0,00      0,00      0,00      0,00      0,00    100,00
21:30:55          5      0,00      0,00      0,00      0,00      0,00      0,00      0,00      0,00      0,00    100,00
21:30:55          6      0,00      0,00      0,00      0,00      0,00      0,00      0,00      0,00      0,00    100,00
21:30:55          7      0,00      0,00      0,00      0,00      0,00      0,00      0,00      0,00      0,00    100,00
21:30:55          8      0,00      0,00      0,00      0,00      0,00      0,00      0,00      0,00      0,00    100,00
21:30:55          9      0,00      0,00      0,00      0,00      0,00      0,00      0,00      0,00      0,00    100,00
21:30:55         10      0,00      0,00      0,00      0,00      0,00      0,00      0,00      0,00      0,00    100,00
21:30:55         11      0,50      0,00      0,00      0,00      0,00      0,00      0,00      0,00      0,00     99,50
21:30:55         12      0,00      0,00      0,00      0,00      0,00      0,00      0,00      0,00      0,00    100,00
21:30:55         13      0,00      0,00      0,00      0,00      0,00      0,00      0,00      0,00      0,00    100,00
21:30:55         14      0,00      0,00      0,00      0,00      0,00      0,00      0,00      0,00      0,00    100,00
21:30:55         15      0,00      0,00      0,00      0,00      0,00      0,00      0,00      0,00      0,00    100,00

21:30:53        IFACE   rxpck/s   txpck/s    rxkB/s    txkB/s   rxcmp/s   txcmp/s  rxmcst/s   %ifutil
21:30:55           lo      0,00      0,00      0,00      0,00      0,00      0,00      0,00      0,00
21:30:55         eno1      5,50      0,00      0,35      0,00      0,00      0,00      1,50      0,00
21:30:55         eno2      0,00      0,00      0,00      0,00      0,00      0,00      0,00      0,00
21:30:55      docker0      0,00      0,00      0,00      0,00      0,00      0,00      0,00      0,00
21:30:55      ens2np0 496084,00 495616,00 494146,17 493680,00      0,00      0,00      0,00     40,48
21:30:55      ens2np1      0,00      0,00      0,00      0,00      0,00      0,00      0,00      0,00

21:30:55        CPU      %usr     %nice      %sys   %iowait    %steal      %irq     %soft    %guest    %gnice     %idle
21:30:57        all      0,00      0,00      0,00      0,00      0,00      0,00     12,86      0,00      0,00     87,14
21:30:57          0      0,00      0,00      0,00      0,00      0,00      0,00    100,00      0,00      0,00      0,00
21:30:57          1      0,00      0,00      0,00      0,00      0,00      0,00    100,00      0,00      0,00      0,00
21:30:57          2      0,00      0,00      0,00      0,00      0,00      0,00      6,13      0,00      0,00     93,87
21:30:57          3      0,00      0,00      0,00      0,00      0,00      0,00      0,00      0,00      0,00    100,00
21:30:57          4      0,00      0,00      0,00      0,00      0,00      0,00      0,00      0,00      0,00    100,00
21:30:57          5      0,00      0,00      0,00      0,00      0,00      0,00      0,00      0,00      0,00    100,00
21:30:57          6      0,00      0,00      0,00      0,00      0,00      0,00      0,00      0,00      0,00    100,00
21:30:57          7      0,00      0,00      0,00      0,00      0,00      0,00      0,00      0,00      0,00    100,00
21:30:57          8      0,00      0,00      0,00      0,00      0,00      0,00      0,00      0,00      0,00    100,00
21:30:57          9      0,00      0,00      0,00      0,00      0,00      0,00      0,00      0,00      0,00    100,00
21:30:57         10      0,00      0,00      0,00      0,00      0,00      0,00      0,00      0,00      0,00    100,00
21:30:57         11      0,00      0,00      0,00      0,00      0,00      0,00      0,00      0,00      0,00    100,00
21:30:57         12      0,00      0,00      0,00      0,00      0,00      0,00      0,00      0,00      0,00    100,00
21:30:57         13      0,00      0,00      0,00      0,00      0,00      0,00      0,00      0,00      0,00    100,00
21:30:57         14      0,00      0,00      0,00      0,00      0,00      0,00      0,00      0,00      0,00    100,00
21:30:57         15      0,00      0,00      0,00      0,00      0,00      0,00      0,00      0,00      0,00    100,00

21:30:55        IFACE   rxpck/s   txpck/s    rxkB/s    txkB/s   rxcmp/s   txcmp/s  rxmcst/s   %ifutil
21:30:57           lo      0,00      0,00      0,00      0,00      0,00      0,00      0,00      0,00
21:30:57         eno1      3,50      0,00      0,22      0,00      0,00      0,00      1,00      0,00
21:30:57         eno2      0,00      0,00      0,00      0,00      0,00      0,00      0,00      0,00
21:30:57      docker0      0,00      0,00      0,00      0,00      0,00      0,00      0,00      0,00
21:30:57      ens2np0 496552,50 497664,00 494612,84 495720,00      0,00      0,00      0,00     40,61
21:30:57      ens2np1      0,00      0,00      0,00      0,00      0,00      0,00      0,00      0,00

21:30:57        CPU      %usr     %nice      %sys   %iowait    %steal      %irq     %soft    %guest    %gnice     %idle
21:30:59        all      0,00      0,00      0,00      0,00      0,00      0,00     12,66      0,00      0,00     87,34
21:30:59          0      0,00      0,00      0,00      0,00      0,00      0,00    100,00      0,00      0,00      0,00
21:30:59          1      0,00      0,00      0,00      0,00      0,00      0,00    100,00      0,00      0,00      0,00
21:30:59          2      0,00      0,00      0,00      0,00      0,00      0,00      2,91      0,00      0,00     97,09
21:30:59          3      0,00      0,00      0,00      0,00      0,00      0,00      0,00      0,00      0,00    100,00
21:30:59          4      0,00      0,00      0,00      0,00      0,00      0,00      0,00      0,00      0,00    100,00
21:30:59          5      0,00      0,00      0,00      0,00      0,00      0,00      0,00      0,00      0,00    100,00
21:30:59          6      0,00      0,00      0,00      0,00      0,00      0,00      0,00      0,00      0,00    100,00
21:30:59          7      0,00      0,00      0,00      0,00      0,00      0,00      0,00      0,00      0,00    100,00
21:30:59          8      0,00      0,00      0,00      0,00      0,00      0,00      0,00      0,00      0,00    100,00
21:30:59          9      0,00      0,00      0,00      0,00      0,00      0,00      0,00      0,00      0,00    100,00
21:30:59         10      0,00      0,00      0,00      0,00      0,00      0,00      0,00      0,00      0,00    100,00
21:30:59         11      0,00      0,00      0,00      0,00      0,00      0,00      0,00      0,00      0,00    100,00
21:30:59         12      0,00      0,00      0,00      0,00      0,00      0,00      0,00      0,00      0,00    100,00
21:30:59         13      0,00      0,00      0,00      0,00      0,00      0,00      0,00      0,00      0,00    100,00
21:30:59         14      0,00      0,00      0,00      0,00      0,00      0,00      0,00      0,00      0,00    100,00
21:30:59         15      0,00      0,00      0,00      0,00      0,00      0,00      0,00      0,00      0,00    100,00

21:30:57        IFACE   rxpck/s   txpck/s    rxkB/s    txkB/s   rxcmp/s   txcmp/s  rxmcst/s   %ifutil
21:30:59           lo      0,00      0,00      0,00      0,00      0,00      0,00      0,00      0,00
21:30:59         eno1      5,00      0,00      0,31      0,00      0,00      0,00      1,00      0,00
21:30:59         eno2      0,00      0,00      0,00      0,00      0,00      0,00      0,00      0,00
21:30:59      docker0      0,00      0,00      0,00      0,00      0,00      0,00      0,00      0,00
21:30:59      ens2np0 496342,50 495616,00 494403,66 493680,00      0,00      0,00      0,00     40,50
21:30:59      ens2np1      0,00      0,00      0,00      0,00      0,00      0,00      0,00      0,00

21:30:59        CPU      %usr     %nice      %sys   %iowait    %steal      %irq     %soft    %guest    %gnice     %idle
21:31:01        all      0,03      0,00      0,00      0,00      0,00      0,00     12,54      0,00      0,00     87,43
21:31:01          0      0,00      0,00      0,00      0,00      0,00      0,00    100,00      0,00      0,00      0,00
21:31:01          1      0,00      0,00      0,00      0,00      0,00      0,00    100,00      0,00      0,00      0,00
21:31:01          2      0,00      0,00      0,00      0,00      0,00      0,00      0,50      0,00      0,00     99,50
21:31:01          3      0,00      0,00      0,00      0,00      0,00      0,00      0,00      0,00      0,00    100,00
21:31:01          4      0,00      0,00      0,00      0,00      0,00      0,00      0,00      0,00      0,00    100,00
21:31:01          5      0,00      0,00      0,00      0,00      0,00      0,00      0,00      0,00      0,00    100,00
21:31:01          6      0,00      0,00      0,00      0,00      0,00      0,00      0,00      0,00      0,00    100,00
21:31:01          7      0,00      0,00      0,00      0,00      0,00      0,00      0,00      0,00      0,00    100,00
21:31:01          8      0,00      0,00      0,00      0,00      0,00      0,00      0,00      0,00      0,00    100,00
21:31:01          9      0,00      0,00      0,00      0,00      0,00      0,00      0,00      0,00      0,00    100,00
21:31:01         10      0,00      0,00      0,00      0,00      0,00      0,00      0,00      0,00      0,00    100,00
21:31:01         11      0,00      0,00      0,00      0,00      0,00      0,00      0,00      0,00      0,00    100,00
21:31:01         12      0,50      0,00      0,00      0,00      0,00      0,00      0,00      0,00      0,00     99,50
21:31:01         13      0,00      0,00      0,00      0,00      0,00      0,00      0,00      0,00      0,00    100,00
21:31:01         14      0,00      0,00      0,00      0,00      0,00      0,00      0,00      0,00      0,00    100,00
21:31:01         15      0,00      0,00      0,00      0,00      0,00      0,00      0,00      0,00      0,00    100,00

21:30:59        IFACE   rxpck/s   txpck/s    rxkB/s    txkB/s   rxcmp/s   txcmp/s  rxmcst/s   %ifutil
21:31:01           lo      0,00      0,00      0,00      0,00      0,00      0,00      0,00      0,00
21:31:01         eno1      5,50      0,00      0,35      0,00      0,00      0,00      1,00      0,00
21:31:01         eno2      0,00      0,00      0,00      0,00      0,00      0,00      0,00      0,00
21:31:01      docker0      0,00      0,00      0,00      0,00      0,00      0,00      0,00      0,00
21:31:01      ens2np0 496998,00 496640,00 495056,60 494700,00      0,00      0,00      0,00     40,56
21:31:01      ens2np1      0,00      0,00      0,00      0,00      0,00      0,00      0,00      0,00

21:31:01        CPU      %usr     %nice      %sys   %iowait    %steal      %irq     %soft    %guest    %gnice     %idle
21:31:03        all      0,47      0,00      0,12      0,00      0,00      0,00     12,58      0,00      0,00     86,82
21:31:03          0      0,00      0,00      0,00      0,00      0,00      0,00    100,00      0,00      0,00      0,00
21:31:03          1      0,00      0,00      0,00      0,00      0,00      0,00    100,00      0,00      0,00      0,00
21:31:03          2      1,00      0,00      0,00      0,00      0,00      0,00      1,00      0,00      0,00     98,01
21:31:03          3      0,50      0,00      0,50      0,00      0,00      0,00      0,50      0,00      0,00     98,51
21:31:03          4      0,50      0,00      0,50      0,00      0,00      0,00      0,00      0,00      0,00     99,00
21:31:03          5      0,50      0,00      0,50      0,00      0,00      0,00      0,00      0,00      0,00     98,99
21:31:03          6      1,50      0,00      0,00      0,00      0,00      0,00      0,00      0,00      0,00     98,50
21:31:03          7      0,00      0,00      0,00      0,00      0,00      0,00      0,00      0,00      0,00    100,00
21:31:03          8      0,00      0,00      0,00      0,00      0,00      0,00      0,00      0,00      0,00    100,00
21:31:03          9      0,00      0,00      0,00      0,00      0,00      0,00      0,00      0,00      0,00    100,00
21:31:03         10      1,00      0,00      0,50      0,00      0,00      0,00      0,00      0,00      0,00     98,51
21:31:03         11      0,50      0,00      0,00      0,00      0,00      0,00      0,00      0,00      0,00     99,50
21:31:03         12      0,50      0,00      0,00      0,00      0,00      0,00      0,00      0,00      0,00     99,50
21:31:03         13      0,50      0,00      0,00      0,00      0,00      0,00      0,00      0,00      0,00     99,50
21:31:03         14      0,50      0,00      0,00      0,00      0,00      0,00      0,00      0,00      0,00     99,50
21:31:03         15      0,50      0,00      0,00      0,00      0,00      0,00      0,00      0,00      0,00     99,50

21:31:01        IFACE   rxpck/s   txpck/s    rxkB/s    txkB/s   rxcmp/s   txcmp/s  rxmcst/s   %ifutil
21:31:03           lo      0,00      0,00      0,00      0,00      0,00      0,00      0,00      0,00
21:31:03         eno1      3,50      0,00      0,22      0,00      0,00      0,00      1,00      0,00
21:31:03         eno2      0,00      0,00      0,00      0,00      0,00      0,00      0,00      0,00
21:31:03      docker0      0,00      0,00      0,00      0,00      0,00      0,00      0,00      0,00
21:31:03      ens2np0 496111,00 496640,00 494173,07 494700,00      0,00      0,00      0,00     40,53
21:31:03      ens2np1      0,00      0,00      0,00      0,00      0,00      0,00      0,00      0,00

21:31:03        CPU      %usr     %nice      %sys   %iowait    %steal      %irq     %soft    %guest    %gnice     %idle
21:31:05        all      0,00      0,00      0,03      0,00      0,00      0,00     12,66      0,00      0,00     87,31
21:31:05          0      0,00      0,00      0,00      0,00      0,00      0,00    100,00      0,00      0,00      0,00
21:31:05          1      0,00      0,00      0,00      0,00      0,00      0,00    100,00      0,00      0,00      0,00
21:31:05          2      0,00      0,00      0,00      0,00      0,00      0,00      2,93      0,00      0,00     97,07
21:31:05          3      0,00      0,00      0,00      0,00      0,00      0,00      0,00      0,00      0,00    100,00
21:31:05          4      0,00      0,00      0,00      0,00      0,00      0,00      0,00      0,00      0,00    100,00
21:31:05          5      0,00      0,00      0,00      0,00      0,00      0,00      0,00      0,00      0,00    100,00
21:31:05          6      0,00      0,00      0,00      0,00      0,00      0,00      0,00      0,00      0,00    100,00
21:31:05          7      0,00      0,00      0,00      0,00      0,00      0,00      0,00      0,00      0,00    100,00
21:31:05          8      0,00      0,00      0,00      0,00      0,00      0,00      0,00      0,00      0,00    100,00
21:31:05          9      0,00      0,00      0,00      0,00      0,00      0,00      0,00      0,00      0,00    100,00
21:31:05         10      0,00      0,00      0,00      0,00      0,00      0,00      0,00      0,00      0,00    100,00
21:31:05         11      0,00      0,00      0,00      0,00      0,00      0,00      0,00      0,00      0,00    100,00
21:31:05         12      0,00      0,00      0,00      0,00      0,00      0,00      0,00      0,00      0,00    100,00
21:31:05         13      0,00      0,00      0,00      0,00      0,00      0,00      0,00      0,00      0,00    100,00
21:31:05         14      0,00      0,00      0,00      0,00      0,00      0,00      0,00      0,00      0,00    100,00
21:31:05         15      0,00      0,00      0,50      0,00      0,00      0,00      0,00      0,00      0,00     99,50

21:31:03        IFACE   rxpck/s   txpck/s    rxkB/s    txkB/s   rxcmp/s   txcmp/s  rxmcst/s   %ifutil
21:31:05           lo      0,00      0,00      0,00      0,00      0,00      0,00      0,00      0,00
21:31:05         eno1      6,50      0,00      0,41      0,00      0,00      0,00      1,00      0,00
21:31:05         eno2      0,00      0,00      0,00      0,00      0,00      0,00      0,00      0,00
21:31:05      docker0      0,00      0,00      0,00      0,00      0,00      0,00      0,00      0,00
21:31:05      ens2np0 496650,50 496640,00 494710,46 494700,00      0,00      0,00      0,00     40,53
21:31:05      ens2np1      0,00      0,00      0,00      0,00      0,00      0,00      0,00      0,00

21:31:05        CPU      %usr     %nice      %sys   %iowait    %steal      %irq     %soft    %guest    %gnice     %idle
21:31:07        all      0,00      0,00      0,00      0,00      0,00      0,00     12,72      0,00      0,00     87,28
21:31:07          0      0,00      0,00      0,00      0,00      0,00      0,00    100,00      0,00      0,00      0,00
21:31:07          1      0,00      0,00      0,00      0,00      0,00      0,00    100,00      0,00      0,00      0,00
21:31:07          2      0,00      0,00      0,00      0,00      0,00      0,00      3,85      0,00      0,00     96,15
21:31:07          3      0,00      0,00      0,00      0,00      0,00      0,00      0,00      0,00      0,00    100,00
21:31:07          4      0,00      0,00      0,00      0,00      0,00      0,00      0,00      0,00      0,00    100,00
21:31:07          5      0,00      0,00      0,00      0,00      0,00      0,00      0,00      0,00      0,00    100,00
21:31:07          6      0,00      0,00      0,00      0,00      0,00      0,00      0,00      0,00      0,00    100,00
21:31:07          7      0,00      0,00      0,00      0,00      0,00      0,00      0,00      0,00      0,00    100,00
21:31:07          8      0,00      0,00      0,00      0,00      0,00      0,00      0,00      0,00      0,00    100,00
21:31:07          9      0,00      0,00      0,00      0,00      0,00      0,00      0,00      0,00      0,00    100,00
21:31:07         10      0,00      0,00      0,00      0,00      0,00      0,00      0,00      0,00      0,00    100,00
21:31:07         11      0,00      0,00      0,00      0,00      0,00      0,00      0,00      0,00      0,00    100,00
21:31:07         12      0,00      0,00      0,00      0,00      0,00      0,00      0,00      0,00      0,00    100,00
21:31:07         13      0,00      0,00      0,00      0,00      0,00      0,00      0,00      0,00      0,00    100,00
21:31:07         14      0,00      0,00      0,00      0,00      0,00      0,00      0,00      0,00      0,00    100,00
21:31:07         15      0,00      0,00      0,00      0,00      0,00      0,00      0,00      0,00      0,00    100,00

21:31:05        IFACE   rxpck/s   txpck/s    rxkB/s    txkB/s   rxcmp/s   txcmp/s  rxmcst/s   %ifutil
21:31:07           lo      0,00      0,00      0,00      0,00      0,00      0,00      0,00      0,00
21:31:07         eno1      3,50      0,00      0,22      0,00      0,00      0,00      1,00      0,00
21:31:07         eno2      0,00      0,00      0,00      0,00      0,00      0,00      0,00      0,00
21:31:07      docker0      0,00      0,00      0,00      0,00      0,00      0,00      0,00      0,00
21:31:07      ens2np0 496654,00 496640,00 494713,95 494700,00      0,00      0,00      0,00     40,53
21:31:07      ens2np1      0,00      0,00      0,00      0,00      0,00      0,00      0,00      0,00

21:31:07        CPU      %usr     %nice      %sys   %iowait    %steal      %irq     %soft    %guest    %gnice     %idle
21:31:09        all      0,00      0,00      0,00      0,00      0,00      0,00     12,86      0,00      0,00     87,14
21:31:09          0      0,00      0,00      0,00      0,00      0,00      0,00    100,00      0,00      0,00      0,00
21:31:09          1      0,00      0,00      0,00      0,00      0,00      0,00    100,00      0,00      0,00      0,00
21:31:09          2      0,00      0,00      0,00      0,00      0,00      0,00      6,13      0,00      0,00     93,87
21:31:09          3      0,00      0,00      0,00      0,00      0,00      0,00      0,00      0,00      0,00    100,00
21:31:09          4      0,00      0,00      0,00      0,00      0,00      0,00      0,00      0,00      0,00    100,00
21:31:09          5      0,00      0,00      0,00      0,00      0,00      0,00      0,00      0,00      0,00    100,00
21:31:09          6      0,00      0,00      0,00      0,00      0,00      0,00      0,00      0,00      0,00    100,00
21:31:09          7      0,00      0,00      0,00      0,00      0,00      0,00      0,00      0,00      0,00    100,00
21:31:09          8      0,00      0,00      0,00      0,00      0,00      0,00      0,00      0,00      0,00    100,00
21:31:09          9      0,00      0,00      0,00      0,00      0,00      0,00      0,00      0,00      0,00    100,00
21:31:09         10      0,00      0,00      0,00      0,00      0,00      0,00      0,00      0,00      0,00    100,00
21:31:09         11      0,00      0,00      0,00      0,00      0,00      0,00      0,00      0,00      0,00    100,00
21:31:09         12      0,00      0,00      0,00      0,00      0,00      0,00      0,00      0,00      0,00    100,00
21:31:09         13      0,00      0,00      0,00      0,00      0,00      0,00      0,00      0,00      0,00    100,00
21:31:09         14      0,00      0,00      0,00      0,00      0,00      0,00      0,00      0,00      0,00    100,00
21:31:09         15      0,00      0,00      0,00      0,00      0,00      0,00      0,00      0,00      0,00    100,00

21:31:07        IFACE   rxpck/s   txpck/s    rxkB/s    txkB/s   rxcmp/s   txcmp/s  rxmcst/s   %ifutil
21:31:09           lo      0,00      0,00      0,00      0,00      0,00      0,00      0,00      0,00
21:31:09         eno1      5,50      0,00      0,40      0,00      0,00      0,00      1,50      0,00
21:31:09         eno2      0,00      0,00      0,00      0,00      0,00      0,00      0,00      0,00
21:31:09      docker0      0,00      0,00      0,00      0,00      0,00      0,00      0,00      0,00
21:31:09      ens2np0 496621,50 496640,00 494681,57 494700,00      0,00      0,00      0,00     40,53
21:31:09      ens2np1      0,00      0,00      0,00      0,00      0,00      0,00      0,00      0,00

21:31:09        CPU      %usr     %nice      %sys   %iowait    %steal      %irq     %soft    %guest    %gnice     %idle
21:31:11        all      0,06      0,00      0,00      0,00      0,00      0,00     12,69      0,00      0,00     87,24
21:31:11          0      0,00      0,00      0,00      0,00      0,00      0,00    100,00      0,00      0,00      0,00
21:31:11          1      0,00      0,00      0,00      0,00      0,00      0,00    100,00      0,00      0,00      0,00
21:31:11          2      0,00      0,00      0,00      0,00      0,00      0,00      3,38      0,00      0,00     96,62
21:31:11          3      0,00      0,00      0,00      0,00      0,00      0,00      0,00      0,00      0,00    100,00
21:31:11          4      0,00      0,00      0,00      0,00      0,00      0,00      0,00      0,00      0,00    100,00
21:31:11          5      0,00      0,00      0,00      0,00      0,00      0,00      0,00      0,00      0,00    100,00
21:31:11          6      0,00      0,00      0,00      0,00      0,00      0,00      0,00      0,00      0,00    100,00
21:31:11          7      1,00      0,00      0,00      0,00      0,00      0,00      0,00      0,00      0,00     99,00
21:31:11          8      0,00      0,00      0,00      0,00      0,00      0,00      0,00      0,00      0,00    100,00
21:31:11          9      0,00      0,00      0,00      0,00      0,00      0,00      0,00      0,00      0,00    100,00
21:31:11         10      0,00      0,00      0,00      0,00      0,00      0,00      0,00      0,00      0,00    100,00
21:31:11         11      0,00      0,00      0,00      0,00      0,00      0,00      0,00      0,00      0,00    100,00
21:31:11         12      0,00      0,00      0,00      0,00      0,00      0,00      0,00      0,00      0,00    100,00
21:31:11         13      0,00      0,00      0,00      0,00      0,00      0,00      0,00      0,00      0,00    100,00
21:31:11         14      0,00      0,00      0,00      0,00      0,00      0,00      0,00      0,00      0,00    100,00
21:31:11         15      0,00      0,00      0,00      0,00      0,00      0,00      0,00      0,00      0,00    100,00

21:31:09        IFACE   rxpck/s   txpck/s    rxkB/s    txkB/s   rxcmp/s   txcmp/s  rxmcst/s   %ifutil
21:31:11           lo      0,00      0,00      0,00      0,00      0,00      0,00      0,00      0,00
21:31:11         eno1      5,50      0,00      0,35      0,00      0,00      0,00      1,00      0,00
21:31:11         eno2      0,00      0,00      0,00      0,00      0,00      0,00      0,00      0,00
21:31:11      docker0      0,00      0,00      0,00      0,00      0,00      0,00      0,00      0,00
21:31:11      ens2np0 496913,50 496640,00 494972,43 494700,00      0,00      0,00      0,00     40,55
21:31:11      ens2np1      0,00      0,00      0,00      0,00      0,00      0,00      0,00      0,00

Average:        CPU      %usr     %nice      %sys   %iowait    %steal      %irq     %soft    %guest    %gnice     %idle
Average:        all      0,10      0,00      0,03      0,00      0,00      0,00     10,18      0,00      0,00     89,69
Average:          0      0,04      0,00      0,00      0,00      0,00      0,00     78,36      0,00      0,00     21,60
Average:          1      0,04      0,00      0,00      0,00      0,00      0,00     78,36      0,00      0,00     21,60
Average:          2      0,23      0,00      0,04      0,00      0,00      0,00      6,29      0,00      0,00     93,44
Average:          3      0,10      0,00      0,08      0,00      0,00      0,00      0,02      0,00      0,00     99,80
Average:          4      0,10      0,00      0,04      0,00      0,00      0,00      0,00      0,00      0,00     99,86
Average:          5      0,22      0,00      0,10      0,00      0,00      0,00      0,00      0,00      0,00     99,68
Average:          6      0,12      0,00      0,04      0,00      0,00      0,00      0,00      0,00      0,00     99,84
Average:          7      0,08      0,00      0,02      0,00      0,00      0,00      0,00      0,00      0,00     99,90
Average:          8      0,04      0,00      0,02      0,00      0,00      0,00      0,00      0,00      0,00     99,94
Average:          9      0,04      0,00      0,02      0,00      0,00      0,00      0,00      0,00      0,00     99,94
Average:         10      0,10      0,00      0,04      0,00      0,00      0,00      0,00      0,00      0,00     99,86
Average:         11      0,10      0,00      0,00      0,00      0,00      0,00      0,00      0,00      0,00     99,90
Average:         12      0,06      0,00      0,02      0,00      0,00      0,00      0,00      0,00      0,00     99,92
Average:         13      0,10      0,00      0,06      0,00      0,00      0,00      0,00      0,00      0,00     99,84
Average:         14      0,14      0,00      0,04      0,04      0,00      0,00      0,00      0,00      0,00     99,78
Average:         15      0,04      0,00      0,02      0,00      0,00      0,00      0,00      0,00      0,00     99,94

Average:        IFACE   rxpck/s   txpck/s    rxkB/s    txkB/s   rxcmp/s   txcmp/s  rxmcst/s   %ifutil
Average:           lo      0,00      0,00      0,00      0,00      0,00      0,00      0,00      0,00
Average:         eno1      5,28      0,74      0,43      0,13      0,00      0,00      1,06      0,00
Average:         eno2      0,00      0,00      0,00      0,00      0,00      0,00      0,00      0,00
Average:      docker0      0,00      0,00      0,00      0,00      0,00      0,00      0,00      0,00
Average:      ens2np0 389007,84 388874,24 387488,28 387355,20      0,00      0,00      0,00     31,74
Average:      ens2np1      0,00      0,00      0,00      0,00      0,00      0,00      0,00      0,00
