Linux 5.13.0-52-generic (w1) 	15/07/2022 	_x86_64_	(16 CPU)

22:18:05        CPU      %usr     %nice      %sys   %iowait    %steal      %irq     %soft    %guest    %gnice     %idle
22:18:07        all      0,16      0,00      0,00      0,00      0,00      0,00      0,00      0,00      0,00     99,84
22:18:07          0      0,00      0,00      0,00      0,00      0,00      0,00      0,00      0,00      0,00    100,00
22:18:07          1      0,00      0,00      0,00      0,00      0,00      0,00      0,00      0,00      0,00    100,00
22:18:07          2      0,00      0,00      0,00      0,00      0,00      0,00      0,00      0,00      0,00    100,00
22:18:07          3      0,50      0,00      0,00      0,00      0,00      0,00      0,00      0,00      0,00     99,50
22:18:07          4      0,50      0,00      0,00      0,00      0,00      0,00      0,00      0,00      0,00     99,50
22:18:07          5      0,00      0,00      0,00      0,00      0,00      0,00      0,00      0,00      0,00    100,00
22:18:07          6      0,00      0,00      0,00      0,00      0,00      0,00      0,00      0,00      0,00    100,00
22:18:07          7      0,00      0,00      0,00      0,00      0,00      0,00      0,00      0,00      0,00    100,00
22:18:07          8      0,00      0,00      0,00      0,00      0,00      0,00      0,00      0,00      0,00    100,00
22:18:07          9      0,00      0,00      0,00      0,00      0,00      0,00      0,00      0,00      0,00    100,00
22:18:07         10      0,00      0,00      0,00      0,00      0,00      0,00      0,00      0,00      0,00    100,00
22:18:07         11      0,50      0,00      0,00      0,00      0,00      0,00      0,00      0,00      0,00     99,50
22:18:07         12      0,00      0,00      0,00      0,00      0,00      0,00      0,00      0,00      0,00    100,00
22:18:07         13      0,00      0,00      0,00      0,00      0,00      0,00      0,00      0,00      0,00    100,00
22:18:07         14      0,00      0,00      0,00      0,00      0,00      0,00      0,00      0,00      0,00    100,00
22:18:07         15      1,00      0,00      0,00      0,00      0,00      0,00      0,00      0,00      0,00     99,00

22:18:05        IFACE   rxpck/s   txpck/s    rxkB/s    txkB/s   rxcmp/s   txcmp/s  rxmcst/s   %ifutil
22:18:07           lo      4,00      4,00      0,32      0,32      0,00      0,00      0,00      0,00
22:18:07         eno1     23,50     18,00      4,01      3,34      0,00      0,00      1,00      0,00
22:18:07         eno2      0,00      0,00      0,00      0,00      0,00      0,00      0,00      0,00
22:18:07      docker0      0,00      0,00      0,00      0,00      0,00      0,00      0,00      0,00
22:18:07      ens2np0      0,00      1,00      0,00      0,12      0,00      0,00      0,00      0,00
22:18:07      ens2np1      0,00      0,00      0,00      0,00      0,00      0,00      0,00      0,00

22:18:07        CPU      %usr     %nice      %sys   %iowait    %steal      %irq     %soft    %guest    %gnice     %idle
22:18:09        all      0,00      0,00      0,00      0,00      0,00      0,00      0,00      0,00      0,00    100,00
22:18:09          0      0,00      0,00      0,00      0,00      0,00      0,00      0,00      0,00      0,00    100,00
22:18:09          1      0,00      0,00      0,00      0,00      0,00      0,00      0,00      0,00      0,00    100,00
22:18:09          2      0,00      0,00      0,00      0,00      0,00      0,00      0,00      0,00      0,00    100,00
22:18:09          3      0,00      0,00      0,00      0,00      0,00      0,00      0,00      0,00      0,00    100,00
22:18:09          4      0,00      0,00      0,00      0,00      0,00      0,00      0,00      0,00      0,00    100,00
22:18:09          5      0,00      0,00      0,00      0,00      0,00      0,00      0,00      0,00      0,00    100,00
22:18:09          6      0,00      0,00      0,00      0,00      0,00      0,00      0,00      0,00      0,00    100,00
22:18:09          7      0,00      0,00      0,00      0,00      0,00      0,00      0,00      0,00      0,00    100,00
22:18:09          8      0,00      0,00      0,00      0,00      0,00      0,00      0,00      0,00      0,00    100,00
22:18:09          9      0,00      0,00      0,00      0,00      0,00      0,00      0,00      0,00      0,00    100,00
22:18:09         10      0,00      0,00      0,00      0,00      0,00      0,00      0,00      0,00      0,00    100,00
22:18:09         11      0,00      0,00      0,00      0,00      0,00      0,00      0,00      0,00      0,00    100,00
22:18:09         12      0,00      0,00      0,00      0,00      0,00      0,00      0,00      0,00      0,00    100,00
22:18:09         13      0,00      0,00      0,00      0,00      0,00      0,00      0,00      0,00      0,00    100,00
22:18:09         14      0,00      0,00      0,00      0,00      0,00      0,00      0,00      0,00      0,00    100,00
22:18:09         15      0,00      0,00      0,00      0,00      0,00      0,00      0,00      0,00      0,00    100,00

22:18:07        IFACE   rxpck/s   txpck/s    rxkB/s    txkB/s   rxcmp/s   txcmp/s  rxmcst/s   %ifutil
22:18:09           lo      0,00      0,00      0,00      0,00      0,00      0,00      0,00      0,00
22:18:09         eno1      5,00      0,00      0,41      0,00      0,00      0,00      1,50      0,00
22:18:09         eno2      0,00      0,00      0,00      0,00      0,00      0,00      0,00      0,00
22:18:09      docker0      0,00      0,00      0,00      0,00      0,00      0,00      0,00      0,00
22:18:09      ens2np0      0,00      1,00      0,00      0,10      0,00      0,00      0,00      0,00
22:18:09      ens2np1      0,00      0,00      0,00      0,00      0,00      0,00      0,00      0,00

22:18:09        CPU      %usr     %nice      %sys   %iowait    %steal      %irq     %soft    %guest    %gnice     %idle
22:18:11        all      0,53      0,00      0,19      0,00      0,00      0,00      7,55      0,00      0,00     91,73
22:18:11          0      0,00      0,00      0,00      0,00      0,00      0,00     59,09      0,00      0,00     40,91
22:18:11          1      0,00      0,00      0,00      0,00      0,00      0,00     59,09      0,00      0,00     40,91
22:18:11          2      0,48      0,00      0,48      0,00      0,00      0,00      3,83      0,00      0,00     95,22
22:18:11          3      0,50      0,00      0,50      0,00      0,00      0,00      0,00      0,00      0,00     99,00
22:18:11          4      0,50      0,00      0,00      0,00      0,00      0,00      0,00      0,00      0,00     99,50
22:18:11          5      0,50      0,00      0,50      0,00      0,00      0,00      0,00      0,00      0,00     99,00
22:18:11          6      1,01      0,00      0,50      0,00      0,00      0,00      0,00      0,00      0,00     98,49
22:18:11          7      0,50      0,00      0,50      0,00      0,00      0,00      0,00      0,00      0,00     99,00
22:18:11          8      0,00      0,00      0,00      0,00      0,00      0,00      0,00      0,00      0,00    100,00
22:18:11          9      0,50      0,00      0,00      0,00      0,00      0,00      0,00      0,00      0,00     99,50
22:18:11         10      0,50      0,00      0,00      0,00      0,00      0,00      0,00      0,00      0,00     99,50
22:18:11         11      0,50      0,00      0,00      0,00      0,00      0,00      0,00      0,00      0,00     99,50
22:18:11         12      1,50      0,00      0,00      0,00      0,00      0,00      0,00      0,00      0,00     98,50
22:18:11         13      1,00      0,00      0,00      0,00      0,00      0,00      0,00      0,00      0,00     99,00
22:18:11         14      1,00      0,00      0,50      0,00      0,00      0,00      0,00      0,00      0,00     98,50
22:18:11         15      0,00      0,00      0,00      0,00      0,00      0,00      0,00      0,00      0,00    100,00

22:18:09        IFACE   rxpck/s   txpck/s    rxkB/s    txkB/s   rxcmp/s   txcmp/s  rxmcst/s   %ifutil
22:18:11           lo      0,00      0,00      0,00      0,00      0,00      0,00      0,00      0,00
22:18:11         eno1      5,00      0,00      0,31      0,00      0,00      0,00      1,00      0,00
22:18:11         eno2      0,00      0,00      0,00      0,00      0,00      0,00      0,00      0,00
22:18:11      docker0      0,00      0,00      0,00      0,00      0,00      0,00      0,00      0,00
22:18:11      ens2np0  32086,50  28672,00   1880,07   1680,00      0,00      0,00      0,00      0,15
22:18:11      ens2np1      0,00      0,00      0,00      0,00      0,00      0,00      0,00      0,00

22:18:11        CPU      %usr     %nice      %sys   %iowait    %steal      %irq     %soft    %guest    %gnice     %idle
22:18:13        all      0,00      0,00      0,00      0,00      0,00      0,00     12,97      0,00      0,00     87,03
22:18:13          0      0,00      0,00      0,00      0,00      0,00      0,00    100,00      0,00      0,00      0,00
22:18:13          1      0,00      0,00      0,00      0,00      0,00      0,00    100,00      0,00      0,00      0,00
22:18:13          2      0,00      0,00      0,00      0,00      0,00      0,00      7,83      0,00      0,00     92,17
22:18:13          3      0,00      0,00      0,00      0,00      0,00      0,00      0,00      0,00      0,00    100,00
22:18:13          4      0,00      0,00      0,00      0,00      0,00      0,00      0,00      0,00      0,00    100,00
22:18:13          5      0,00      0,00      0,00      0,00      0,00      0,00      0,00      0,00      0,00    100,00
22:18:13          6      0,00      0,00      0,00      0,00      0,00      0,00      0,00      0,00      0,00    100,00
22:18:13          7      0,00      0,00      0,00      0,00      0,00      0,00      0,00      0,00      0,00    100,00
22:18:13          8      0,00      0,00      0,00      0,00      0,00      0,00      0,00      0,00      0,00    100,00
22:18:13          9      0,00      0,00      0,00      0,00      0,00      0,00      0,00      0,00      0,00    100,00
22:18:13         10      0,00      0,00      0,00      0,00      0,00      0,00      0,00      0,00      0,00    100,00
22:18:13         11      0,00      0,00      0,00      0,00      0,00      0,00      0,00      0,00      0,00    100,00
22:18:13         12      0,00      0,00      0,00      0,00      0,00      0,00      0,00      0,00      0,00    100,00
22:18:13         13      0,00      0,00      0,00      0,00      0,00      0,00      0,00      0,00      0,00    100,00
22:18:13         14      0,00      0,00      0,00      0,00      0,00      0,00      0,00      0,00      0,00    100,00
22:18:13         15      0,00      0,00      0,00      0,00      0,00      0,00      0,00      0,00      0,00    100,00

22:18:11        IFACE   rxpck/s   txpck/s    rxkB/s    txkB/s   rxcmp/s   txcmp/s  rxmcst/s   %ifutil
22:18:13           lo      0,00      0,00      0,00      0,00      0,00      0,00      0,00      0,00
22:18:13         eno1      5,50      0,50      0,35      0,03      0,00      0,00      1,00      0,00
22:18:13         eno2      0,00      0,00      0,00      0,00      0,00      0,00      0,00      0,00
22:18:13      docker0      0,00      0,00      0,00      0,00      0,00      0,00      0,00      0,00
22:18:13      ens2np0  55262,00  55296,50   3238,01   3240,04      0,00      0,00      0,00      0,27
22:18:13      ens2np1      0,00      0,00      0,00      0,00      0,00      0,00      0,00      0,00

22:18:13        CPU      %usr     %nice      %sys   %iowait    %steal      %irq     %soft    %guest    %gnice     %idle
22:18:15        all      0,00      0,00      0,00      0,00      0,00      0,00     12,99      0,00      0,00     87,01
22:18:15          0      0,00      0,00      0,00      0,00      0,00      0,00    100,00      0,00      0,00      0,00
22:18:15          1      0,00      0,00      0,00      0,00      0,00      0,00    100,00      0,00      0,00      0,00
22:18:15          2      0,00      0,00      0,00      0,00      0,00      0,00      8,72      0,00      0,00     91,28
22:18:15          3      0,00      0,00      0,00      0,00      0,00      0,00      0,00      0,00      0,00    100,00
22:18:15          4      0,00      0,00      0,00      0,00      0,00      0,00      0,00      0,00      0,00    100,00
22:18:15          5      0,00      0,00      0,00      0,00      0,00      0,00      0,00      0,00      0,00    100,00
22:18:15          6      0,00      0,00      0,00      0,00      0,00      0,00      0,00      0,00      0,00    100,00
22:18:15          7      0,00      0,00      0,00      0,00      0,00      0,00      0,00      0,00      0,00    100,00
22:18:15          8      0,00      0,00      0,00      0,00      0,00      0,00      0,00      0,00      0,00    100,00
22:18:15          9      0,00      0,00      0,00      0,00      0,00      0,00      0,00      0,00      0,00    100,00
22:18:15         10      0,00      0,00      0,00      0,00      0,00      0,00      0,00      0,00      0,00    100,00
22:18:15         11      0,00      0,00      0,00      0,00      0,00      0,00      0,00      0,00      0,00    100,00
22:18:15         12      0,00      0,00      0,00      0,00      0,00      0,00      0,00      0,00      0,00    100,00
22:18:15         13      0,00      0,00      0,00      0,00      0,00      0,00      0,00      0,00      0,00    100,00
22:18:15         14      0,00      0,00      0,00      0,00      0,00      0,00      0,00      0,00      0,00    100,00
22:18:15         15      0,00      0,00      0,00      0,00      0,00      0,00      0,00      0,00      0,00    100,00

22:18:13        IFACE   rxpck/s   txpck/s    rxkB/s    txkB/s   rxcmp/s   txcmp/s  rxmcst/s   %ifutil
22:18:15           lo      0,00      0,00      0,00      0,00      0,00      0,00      0,00      0,00
22:18:15         eno1      1,00      0,00      0,06      0,00      0,00      0,00      0,00      0,00
22:18:15         eno2      0,00      0,00      0,00      0,00      0,00      0,00      0,00      0,00
22:18:15      docker0      0,00      0,00      0,00      0,00      0,00      0,00      0,00      0,00
22:18:15      ens2np0  55263,00  55296,00   3238,07   3240,00      0,00      0,00      0,00      0,27
22:18:15      ens2np1      0,00      0,00      0,00      0,00      0,00      0,00      0,00      0,00

22:18:15        CPU      %usr     %nice      %sys   %iowait    %steal      %irq     %soft    %guest    %gnice     %idle
22:18:17        all      0,00      0,00      0,00      0,00      0,00      0,00     13,10      0,00      0,00     86,90
22:18:17          0      0,00      0,00      0,00      0,00      0,00      0,00    100,00      0,00      0,00      0,00
22:18:17          1      0,00      0,00      0,00      0,00      0,00      0,00    100,00      0,00      0,00      0,00
22:18:17          2      0,00      0,00      0,00      0,00      0,00      0,00      9,95      0,00      0,00     90,05
22:18:17          3      0,00      0,00      0,00      0,00      0,00      0,00      0,00      0,00      0,00    100,00
22:18:17          4      0,00      0,00      0,00      0,00      0,00      0,00      0,00      0,00      0,00    100,00
22:18:17          5      0,00      0,00      0,00      0,00      0,00      0,00      0,00      0,00      0,00    100,00
22:18:17          6      0,00      0,00      0,00      0,00      0,00      0,00      0,00      0,00      0,00    100,00
22:18:17          7      0,00      0,00      0,00      0,00      0,00      0,00      0,00      0,00      0,00    100,00
22:18:17          8      0,00      0,00      0,00      0,00      0,00      0,00      0,00      0,00      0,00    100,00
22:18:17          9      0,00      0,00      0,00      0,00      0,00      0,00      0,00      0,00      0,00    100,00
22:18:17         10      0,00      0,00      0,00      0,00      0,00      0,00      0,00      0,00      0,00    100,00
22:18:17         11      0,00      0,00      0,00      0,00      0,00      0,00      0,00      0,00      0,00    100,00
22:18:17         12      0,00      0,00      0,00      0,00      0,00      0,00      0,00      0,00      0,00    100,00
22:18:17         13      0,00      0,00      0,00      0,00      0,00      0,00      0,00      0,00      0,00    100,00
22:18:17         14      0,00      0,00      0,00      0,00      0,00      0,00      0,00      0,00      0,00    100,00
22:18:17         15      0,00      0,00      0,00      0,00      0,00      0,00      0,00      0,00      0,00    100,00

22:18:15        IFACE   rxpck/s   txpck/s    rxkB/s    txkB/s   rxcmp/s   txcmp/s  rxmcst/s   %ifutil
22:18:17           lo      4,00      4,00      0,44      0,44      0,00      0,00      0,00      0,00
22:18:17         eno1      7,50      3,50      0,64      0,35      0,00      0,00      1,00      0,00
22:18:17         eno2      0,00      0,00      0,00      0,00      0,00      0,00      0,00      0,00
22:18:17      docker0      0,00      0,00      0,00      0,00      0,00      0,00      0,00      0,00
22:18:17      ens2np0  55257,50  55296,00   3237,74   3240,00      0,00      0,00      0,00      0,27
22:18:17      ens2np1      0,00      0,00      0,00      0,00      0,00      0,00      0,00      0,00

22:18:17        CPU      %usr     %nice      %sys   %iowait    %steal      %irq     %soft    %guest    %gnice     %idle
22:18:19        all      0,00      0,00      0,00      0,00      0,00      0,00     13,12      0,00      0,00     86,88
22:18:19          0      0,00      0,00      0,00      0,00      0,00      0,00    100,00      0,00      0,00      0,00
22:18:19          1      0,00      0,00      0,00      0,00      0,00      0,00    100,00      0,00      0,00      0,00
22:18:19          2      0,00      0,00      0,00      0,00      0,00      0,00     10,31      0,00      0,00     89,69
22:18:19          3      0,00      0,00      0,00      0,00      0,00      0,00      0,00      0,00      0,00    100,00
22:18:19          4      0,00      0,00      0,00      0,00      0,00      0,00      0,00      0,00      0,00    100,00
22:18:19          5      0,00      0,00      0,00      0,00      0,00      0,00      0,00      0,00      0,00    100,00
22:18:19          6      0,00      0,00      0,00      0,00      0,00      0,00      0,00      0,00      0,00    100,00
22:18:19          7      0,00      0,00      0,00      0,00      0,00      0,00      0,00      0,00      0,00    100,00
22:18:19          8      0,00      0,00      0,00      0,00      0,00      0,00      0,00      0,00      0,00    100,00
22:18:19          9      0,00      0,00      0,00      0,00      0,00      0,00      0,00      0,00      0,00    100,00
22:18:19         10      0,00      0,00      0,00      0,00      0,00      0,00      0,00      0,00      0,00    100,00
22:18:19         11      0,00      0,00      0,00      0,00      0,00      0,00      0,00      0,00      0,00    100,00
22:18:19         12      0,00      0,00      0,00      0,00      0,00      0,00      0,00      0,00      0,00    100,00
22:18:19         13      0,00      0,00      0,00      0,00      0,00      0,00      0,00      0,00      0,00    100,00
22:18:19         14      0,00      0,00      0,00      0,00      0,00      0,00      0,00      0,00      0,00    100,00
22:18:19         15      0,00      0,00      0,00      0,00      0,00      0,00      0,00      0,00      0,00    100,00

22:18:17        IFACE   rxpck/s   txpck/s    rxkB/s    txkB/s   rxcmp/s   txcmp/s  rxmcst/s   %ifutil
22:18:19           lo      0,00      0,00      0,00      0,00      0,00      0,00      0,00      0,00
22:18:19         eno1      6,50      1,00      0,55      0,10      0,00      0,00      1,50      0,00
22:18:19         eno2      0,00      0,00      0,00      0,00      0,00      0,00      0,00      0,00
22:18:19      docker0      0,00      0,00      0,00      0,00      0,00      0,00      0,00      0,00
22:18:19      ens2np0  55259,50  55296,00   3237,86   3240,00      0,00      0,00      0,00      0,27
22:18:19      ens2np1      0,00      0,00      0,00      0,00      0,00      0,00      0,00      0,00

22:18:19        CPU      %usr     %nice      %sys   %iowait    %steal      %irq     %soft    %guest    %gnice     %idle
22:18:21        all      0,59      0,00      0,12      0,00      0,00      0,00     12,85      0,00      0,00     86,44
22:18:21          0      0,00      0,00      0,00      0,00      0,00      0,00    100,00      0,00      0,00      0,00
22:18:21          1      0,00      0,00      0,00      0,00      0,00      0,00    100,00      0,00      0,00      0,00
22:18:21          2      0,47      0,00      0,00      0,00      0,00      0,00      6,13      0,00      0,00     93,40
22:18:21          3      0,50      0,00      0,00      0,00      0,00      0,00      0,00      0,00      0,00     99,50
22:18:21          4      0,50      0,00      0,50      0,00      0,00      0,00      0,00      0,00      0,00     99,00
22:18:21          5      0,50      0,00      0,00      0,00      0,00      0,00      0,00      0,00      0,00     99,50
22:18:21          6      1,50      0,00      0,50      0,00      0,00      0,00      0,00      0,00      0,00     98,00
22:18:21          7      1,00      0,00      0,00      0,00      0,00      0,00      0,00      0,00      0,00     99,00
22:18:21          8      0,50      0,00      0,00      0,00      0,00      0,00      0,00      0,00      0,00     99,50
22:18:21          9      0,50      0,00      0,00      0,00      0,00      0,00      0,00      0,00      0,00     99,50
22:18:21         10      0,00      0,00      0,00      0,00      0,00      0,00      0,00      0,00      0,00    100,00
22:18:21         11      0,50      0,00      0,00      0,00      0,00      0,00      0,00      0,00      0,00     99,50
22:18:21         12      1,00      0,00      0,50      0,00      0,00      0,00      0,00      0,00      0,00     98,51
22:18:21         13      1,49      0,00      0,50      0,00      0,00      0,00      0,00      0,00      0,00     98,01
22:18:21         14      0,50      0,00      0,00      0,00      0,00      0,00      0,00      0,00      0,00     99,50
22:18:21         15      0,50      0,00      0,00      0,00      0,00      0,00      0,00      0,00      0,00     99,50

22:18:19        IFACE   rxpck/s   txpck/s    rxkB/s    txkB/s   rxcmp/s   txcmp/s  rxmcst/s   %ifutil
22:18:21           lo      0,00      0,00      0,00      0,00      0,00      0,00      0,00      0,00
22:18:21         eno1      3,50      0,00      0,22      0,00      0,00      0,00      1,00      0,00
22:18:21         eno2      0,00      0,00      0,00      0,00      0,00      0,00      0,00      0,00
22:18:21      docker0      0,00      0,00      0,00      0,00      0,00      0,00      0,00      0,00
22:18:21      ens2np0  55181,50  55296,50   3233,29   3240,04      0,00      0,00      0,00      0,27
22:18:21      ens2np1      0,00      0,00      0,00      0,00      0,00      0,00      0,00      0,00

22:18:21        CPU      %usr     %nice      %sys   %iowait    %steal      %irq     %soft    %guest    %gnice     %idle
22:18:23        all      0,00      0,00      0,00      0,00      0,00      0,00     12,94      0,00      0,00     87,06
22:18:23          0      0,00      0,00      0,00      0,00      0,00      0,00    100,00      0,00      0,00      0,00
22:18:23          1      0,00      0,00      0,00      0,00      0,00      0,00    100,00      0,00      0,00      0,00
22:18:23          2      0,00      0,00      0,00      0,00      0,00      0,00      7,44      0,00      0,00     92,56
22:18:23          3      0,00      0,00      0,00      0,00      0,00      0,00      0,00      0,00      0,00    100,00
22:18:23          4      0,00      0,00      0,00      0,00      0,00      0,00      0,00      0,00      0,00    100,00
22:18:23          5      0,00      0,00      0,00      0,00      0,00      0,00      0,00      0,00      0,00    100,00
22:18:23          6      0,00      0,00      0,00      0,00      0,00      0,00      0,00      0,00      0,00    100,00
22:18:23          7      0,00      0,00      0,00      0,00      0,00      0,00      0,00      0,00      0,00    100,00
22:18:23          8      0,00      0,00      0,00      0,00      0,00      0,00      0,00      0,00      0,00    100,00
22:18:23          9      0,00      0,00      0,00      0,00      0,00      0,00      0,00      0,00      0,00    100,00
22:18:23         10      0,00      0,00      0,00      0,00      0,00      0,00      0,00      0,00      0,00    100,00
22:18:23         11      0,00      0,00      0,00      0,00      0,00      0,00      0,00      0,00      0,00    100,00
22:18:23         12      0,00      0,00      0,00      0,00      0,00      0,00      0,00      0,00      0,00    100,00
22:18:23         13      0,00      0,00      0,00      0,00      0,00      0,00      0,00      0,00      0,00    100,00
22:18:23         14      0,00      0,00      0,00      0,00      0,00      0,00      0,00      0,00      0,00    100,00
22:18:23         15      0,00      0,00      0,00      0,00      0,00      0,00      0,00      0,00      0,00    100,00

22:18:21        IFACE   rxpck/s   txpck/s    rxkB/s    txkB/s   rxcmp/s   txcmp/s  rxmcst/s   %ifutil
22:18:23           lo      0,00      0,00      0,00      0,00      0,00      0,00      0,00      0,00
22:18:23         eno1      4,50      0,00      0,28      0,00      0,00      0,00      1,00      0,00
22:18:23         eno2      0,00      0,00      0,00      0,00      0,00      0,00      0,00      0,00
22:18:23      docker0      0,00      0,00      0,00      0,00      0,00      0,00      0,00      0,00
22:18:23      ens2np0  55264,50  55296,00   3238,15   3240,00      0,00      0,00      0,00      0,27
22:18:23      ens2np1      0,00      0,00      0,00      0,00      0,00      0,00      0,00      0,00

22:18:23        CPU      %usr     %nice      %sys   %iowait    %steal      %irq     %soft    %guest    %gnice     %idle
22:18:25        all      0,00      0,00      0,03      0,00      0,00      0,00     13,18      0,00      0,00     86,79
22:18:25          0      0,00      0,00      0,00      0,00      0,00      0,00    100,00      0,00      0,00      0,00
22:18:25          1      0,00      0,00      0,00      0,00      0,00      0,00    100,00      0,00      0,00      0,00
22:18:25          2      0,00      0,00      0,00      0,00      0,00      0,00     11,11      0,00      0,00     88,89
22:18:25          3      0,00      0,00      0,00      0,00      0,00      0,00      0,00      0,00      0,00    100,00
22:18:25          4      0,00      0,00      0,00      0,00      0,00      0,00      0,00      0,00      0,00    100,00
22:18:25          5      0,00      0,00      0,00      0,00      0,00      0,00      0,00      0,00      0,00    100,00
22:18:25          6      0,00      0,00      0,50      0,00      0,00      0,00      0,00      0,00      0,00     99,50
22:18:25          7      0,00      0,00      0,00      0,00      0,00      0,00      0,00      0,00      0,00    100,00
22:18:25          8      0,00      0,00      0,00      0,00      0,00      0,00      0,00      0,00      0,00    100,00
22:18:25          9      0,00      0,00      0,00      0,00      0,00      0,00      0,00      0,00      0,00    100,00
22:18:25         10      0,00      0,00      0,00      0,00      0,00      0,00      0,00      0,00      0,00    100,00
22:18:25         11      0,00      0,00      0,00      0,00      0,00      0,00      0,00      0,00      0,00    100,00
22:18:25         12      0,00      0,00      0,00      0,00      0,00      0,00      0,00      0,00      0,00    100,00
22:18:25         13      0,00      0,00      0,00      0,00      0,00      0,00      0,00      0,00      0,00    100,00
22:18:25         14      0,00      0,00      0,00      0,00      0,00      0,00      0,00      0,00      0,00    100,00
22:18:25         15      0,00      0,00      0,00      0,00      0,00      0,00      0,00      0,00      0,00    100,00

22:18:23        IFACE   rxpck/s   txpck/s    rxkB/s    txkB/s   rxcmp/s   txcmp/s  rxmcst/s   %ifutil
22:18:25           lo      0,00      0,00      0,00      0,00      0,00      0,00      0,00      0,00
22:18:25         eno1      4,00      0,00      0,25      0,00      0,00      0,00      1,50      0,00
22:18:25         eno2      0,00      0,00      0,00      0,00      0,00      0,00      0,00      0,00
22:18:25      docker0      0,00      0,00      0,00      0,00      0,00      0,00      0,00      0,00
22:18:25      ens2np0  55267,50  55296,00   3238,33   3240,00      0,00      0,00      0,00      0,27
22:18:25      ens2np1      0,00      0,00      0,00      0,00      0,00      0,00      0,00      0,00

22:18:25        CPU      %usr     %nice      %sys   %iowait    %steal      %irq     %soft    %guest    %gnice     %idle
22:18:27        all      0,19      0,00      0,00      0,00      0,00      0,00     12,92      0,00      0,00     86,89
22:18:27          0      0,00      0,00      0,00      0,00      0,00      0,00    100,00      0,00      0,00      0,00
22:18:27          1      0,00      0,00      0,00      0,00      0,00      0,00    100,00      0,00      0,00      0,00
22:18:27          2      0,00      0,00      0,00      0,00      0,00      0,00      7,01      0,00      0,00     92,99
22:18:27          3      0,00      0,00      0,00      0,00      0,00      0,00      0,00      0,00      0,00    100,00
22:18:27          4      0,50      0,00      0,00      0,00      0,00      0,00      0,00      0,00      0,00     99,50
22:18:27          5      0,00      0,00      0,00      0,00      0,00      0,00      0,00      0,00      0,00    100,00
22:18:27          6      0,50      0,00      0,00      0,00      0,00      0,00      0,00      0,00      0,00     99,50
22:18:27          7      0,00      0,00      0,00      0,00      0,00      0,00      0,00      0,00      0,00    100,00
22:18:27          8      0,00      0,00      0,00      0,00      0,00      0,00      0,00      0,00      0,00    100,00
22:18:27          9      0,00      0,00      0,00      0,00      0,00      0,00      0,00      0,00      0,00    100,00
22:18:27         10      0,50      0,00      0,00      0,00      0,00      0,00      0,00      0,00      0,00     99,50
22:18:27         11      0,50      0,00      0,00      0,00      0,00      0,00      0,00      0,00      0,00     99,50
22:18:27         12      0,00      0,00      0,00      0,00      0,00      0,00      0,00      0,00      0,00    100,00
22:18:27         13      0,50      0,00      0,00      0,00      0,00      0,00      0,00      0,00      0,00     99,50
22:18:27         14      0,00      0,00      0,00      0,00      0,00      0,00      0,00      0,00      0,00    100,00
22:18:27         15      0,50      0,00      0,00      0,00      0,00      0,00      0,00      0,00      0,00     99,50

22:18:25        IFACE   rxpck/s   txpck/s    rxkB/s    txkB/s   rxcmp/s   txcmp/s  rxmcst/s   %ifutil
22:18:27           lo      0,00      0,00      0,00      0,00      0,00      0,00      0,00      0,00
22:18:27         eno1      5,50      0,00      0,35      0,00      0,00      0,00      1,00      0,00
22:18:27         eno2      0,00      0,00      0,00      0,00      0,00      0,00      0,00      0,00
22:18:27      docker0      0,00      0,00      0,00      0,00      0,00      0,00      0,00      0,00
22:18:27      ens2np0  55215,50  55296,00   3235,28   3240,00      0,00      0,00      0,00      0,27
22:18:27      ens2np1      0,00      0,00      0,00      0,00      0,00      0,00      0,00      0,00

22:18:27        CPU      %usr     %nice      %sys   %iowait    %steal      %irq     %soft    %guest    %gnice     %idle
22:18:29        all      0,00      0,00      0,00      0,00      0,00      0,00     13,10      0,00      0,00     86,90
22:18:29          0      0,00      0,00      0,00      0,00      0,00      0,00    100,00      0,00      0,00      0,00
22:18:29          1      0,00      0,00      0,00      0,00      0,00      0,00    100,00      0,00      0,00      0,00
22:18:29          2      0,00      0,00      0,00      0,00      0,00      0,00      9,95      0,00      0,00     90,05
22:18:29          3      0,00      0,00      0,00      0,00      0,00      0,00      0,00      0,00      0,00    100,00
22:18:29          4      0,00      0,00      0,00      0,00      0,00      0,00      0,00      0,00      0,00    100,00
22:18:29          5      0,00      0,00      0,00      0,00      0,00      0,00      0,00      0,00      0,00    100,00
22:18:29          6      0,00      0,00      0,00      0,00      0,00      0,00      0,00      0,00      0,00    100,00
22:18:29          7      0,00      0,00      0,00      0,00      0,00      0,00      0,00      0,00      0,00    100,00
22:18:29          8      0,00      0,00      0,00      0,00      0,00      0,00      0,00      0,00      0,00    100,00
22:18:29          9      0,00      0,00      0,00      0,00      0,00      0,00      0,00      0,00      0,00    100,00
22:18:29         10      0,00      0,00      0,00      0,00      0,00      0,00      0,00      0,00      0,00    100,00
22:18:29         11      0,00      0,00      0,00      0,00      0,00      0,00      0,00      0,00      0,00    100,00
22:18:29         12      0,00      0,00      0,00      0,00      0,00      0,00      0,00      0,00      0,00    100,00
22:18:29         13      0,00      0,00      0,00      0,00      0,00      0,00      0,00      0,00      0,00    100,00
22:18:29         14      0,00      0,00      0,00      0,00      0,00      0,00      0,00      0,00      0,00    100,00
22:18:29         15      0,00      0,00      0,00      0,00      0,00      0,00      0,00      0,00      0,00    100,00

22:18:27        IFACE   rxpck/s   txpck/s    rxkB/s    txkB/s   rxcmp/s   txcmp/s  rxmcst/s   %ifutil
22:18:29           lo      0,00      0,00      0,00      0,00      0,00      0,00      0,00      0,00
22:18:29         eno1      8,50      0,00      0,53      0,00      0,00      0,00      1,00      0,00
22:18:29         eno2      0,00      0,00      0,00      0,00      0,00      0,00      0,00      0,00
22:18:29      docker0      0,00      0,00      0,00      0,00      0,00      0,00      0,00      0,00
22:18:29      ens2np0  55266,00  55296,00   3238,24   3240,00      0,00      0,00      0,00      0,27
22:18:29      ens2np1      0,00      0,00      0,00      0,00      0,00      0,00      0,00      0,00

22:18:29        CPU      %usr     %nice      %sys   %iowait    %steal      %irq     %soft    %guest    %gnice     %idle
22:18:31        all      0,53      0,00      0,09      0,00      0,00      0,00     12,95      0,00      0,00     86,43
22:18:31          0      0,00      0,00      0,00      0,00      0,00      0,00    100,00      0,00      0,00      0,00
22:18:31          1      0,00      0,00      0,00      0,00      0,00      0,00    100,00      0,00      0,00      0,00
22:18:31          2      0,46      0,00      0,00      0,00      0,00      0,00      7,87      0,00      0,00     91,67
22:18:31          3      0,99      0,00      0,00      0,00      0,00      0,00      0,00      0,00      0,00     99,01
22:18:31          4      0,50      0,00      0,00      0,00      0,00      0,00      0,00      0,00      0,00     99,50
22:18:31          5      0,50      0,00      0,00      0,00      0,00      0,00      0,00      0,00      0,00     99,50
22:18:31          6      0,99      0,00      0,50      0,00      0,00      0,00      0,00      0,00      0,00     98,51
22:18:31          7      0,50      0,00      0,00      0,00      0,00      0,00      0,00      0,00      0,00     99,50
22:18:31          8      0,50      0,00      0,00      0,00      0,00      0,00      0,00      0,00      0,00     99,50
22:18:31          9      0,00      0,00      0,00      0,00      0,00      0,00      0,00      0,00      0,00    100,00
22:18:31         10      0,00      0,00      0,00      0,00      0,00      0,00      0,00      0,00      0,00    100,00
22:18:31         11      0,50      0,00      0,50      0,00      0,00      0,00      0,00      0,00      0,00     99,00
22:18:31         12      0,50      0,00      0,00      0,00      0,00      0,00      0,00      0,00      0,00     99,50
22:18:31         13      1,00      0,00      0,00      0,00      0,00      0,00      0,00      0,00      0,00     99,00
22:18:31         14      1,99      0,00      0,50      0,00      0,00      0,00      0,00      0,00      0,00     97,51
22:18:31         15      0,00      0,00      0,00      0,00      0,00      0,00      0,00      0,00      0,00    100,00

22:18:29        IFACE   rxpck/s   txpck/s    rxkB/s    txkB/s   rxcmp/s   txcmp/s  rxmcst/s   %ifutil
22:18:31           lo      0,00      0,00      0,00      0,00      0,00      0,00      0,00      0,00
22:18:31         eno1      3,50      0,00      0,22      0,00      0,00      0,00      1,00      0,00
22:18:31         eno2      0,00      0,00      0,00      0,00      0,00      0,00      0,00      0,00
22:18:31      docker0      0,00      0,00      0,00      0,00      0,00      0,00      0,00      0,00
22:18:31      ens2np0  55214,50  55296,00   3235,22   3240,00      0,00      0,00      0,00      0,27
22:18:31      ens2np1      0,00      0,00      0,00      0,00      0,00      0,00      0,00      0,00

22:18:31        CPU      %usr     %nice      %sys   %iowait    %steal      %irq     %soft    %guest    %gnice     %idle
22:18:33        all      0,00      0,00      0,00      0,00      0,00      0,00     12,81      0,00      0,00     87,19
22:18:33          0      0,00      0,00      0,00      0,00      0,00      0,00    100,00      0,00      0,00      0,00
22:18:33          1      0,00      0,00      0,00      0,00      0,00      0,00    100,00      0,00      0,00      0,00
22:18:33          2      0,00      0,00      0,00      0,00      0,00      0,00      5,21      0,00      0,00     94,79
22:18:33          3      0,00      0,00      0,00      0,00      0,00      0,00      0,00      0,00      0,00    100,00
22:18:33          4      0,00      0,00      0,00      0,00      0,00      0,00      0,00      0,00      0,00    100,00
22:18:33          5      0,00      0,00      0,00      0,00      0,00      0,00      0,00      0,00      0,00    100,00
22:18:33          6      0,00      0,00      0,00      0,00      0,00      0,00      0,00      0,00      0,00    100,00
22:18:33          7      0,00      0,00      0,00      0,00      0,00      0,00      0,00      0,00      0,00    100,00
22:18:33          8      0,00      0,00      0,00      0,00      0,00      0,00      0,00      0,00      0,00    100,00
22:18:33          9      0,00      0,00      0,00      0,00      0,00      0,00      0,00      0,00      0,00    100,00
22:18:33         10      0,00      0,00      0,00      0,00      0,00      0,00      0,00      0,00      0,00    100,00
22:18:33         11      0,00      0,00      0,00      0,00      0,00      0,00      0,00      0,00      0,00    100,00
22:18:33         12      0,00      0,00      0,00      0,00      0,00      0,00      0,00      0,00      0,00    100,00
22:18:33         13      0,00      0,00      0,00      0,00      0,00      0,00      0,00      0,00      0,00    100,00
22:18:33         14      0,00      0,00      0,00      0,00      0,00      0,00      0,00      0,00      0,00    100,00
22:18:33         15      0,00      0,00      0,00      0,00      0,00      0,00      0,00      0,00      0,00    100,00

22:18:31        IFACE   rxpck/s   txpck/s    rxkB/s    txkB/s   rxcmp/s   txcmp/s  rxmcst/s   %ifutil
22:18:33           lo      0,00      0,00      0,00      0,00      0,00      0,00      0,00      0,00
22:18:33         eno1      7,50      0,00      0,47      0,00      0,00      0,00      1,00      0,00
22:18:33         eno2      0,00      0,00      0,00      0,00      0,00      0,00      0,00      0,00
22:18:33      docker0      0,00      0,00      0,00      0,00      0,00      0,00      0,00      0,00
22:18:33      ens2np0  55264,00  55296,00   3238,12   3240,00      0,00      0,00      0,00      0,27
22:18:33      ens2np1      0,00      0,00      0,00      0,00      0,00      0,00      0,00      0,00

22:18:33        CPU      %usr     %nice      %sys   %iowait    %steal      %irq     %soft    %guest    %gnice     %idle
22:18:35        all      0,00      0,00      0,00      0,00      0,00      0,00     12,86      0,00      0,00     87,14
22:18:35          0      0,00      0,00      0,00      0,00      0,00      0,00    100,00      0,00      0,00      0,00
22:18:35          1      0,00      0,00      0,00      0,00      0,00      0,00    100,00      0,00      0,00      0,00
22:18:35          2      0,00      0,00      0,00      0,00      0,00      0,00      6,13      0,00      0,00     93,87
22:18:35          3      0,00      0,00      0,00      0,00      0,00      0,00      0,00      0,00      0,00    100,00
22:18:35          4      0,00      0,00      0,00      0,00      0,00      0,00      0,00      0,00      0,00    100,00
22:18:35          5      0,00      0,00      0,00      0,00      0,00      0,00      0,00      0,00      0,00    100,00
22:18:35          6      0,00      0,00      0,00      0,00      0,00      0,00      0,00      0,00      0,00    100,00
22:18:35          7      0,00      0,00      0,00      0,00      0,00      0,00      0,00      0,00      0,00    100,00
22:18:35          8      0,00      0,00      0,00      0,00      0,00      0,00      0,00      0,00      0,00    100,00
22:18:35          9      0,00      0,00      0,00      0,00      0,00      0,00      0,00      0,00      0,00    100,00
22:18:35         10      0,00      0,00      0,00      0,00      0,00      0,00      0,00      0,00      0,00    100,00
22:18:35         11      0,00      0,00      0,00      0,00      0,00      0,00      0,00      0,00      0,00    100,00
22:18:35         12      0,00      0,00      0,00      0,00      0,00      0,00      0,00      0,00      0,00    100,00
22:18:35         13      0,00      0,00      0,00      0,00      0,00      0,00      0,00      0,00      0,00    100,00
22:18:35         14      0,00      0,00      0,00      0,00      0,00      0,00      0,00      0,00      0,00    100,00
22:18:35         15      0,00      0,00      0,00      0,00      0,00      0,00      0,00      0,00      0,00    100,00

22:18:33        IFACE   rxpck/s   txpck/s    rxkB/s    txkB/s   rxcmp/s   txcmp/s  rxmcst/s   %ifutil
22:18:35           lo      0,00      0,00      0,00      0,00      0,00      0,00      0,00      0,00
22:18:35         eno1      3,00      0,00      0,19      0,00      0,00      0,00      1,00      0,00
22:18:35         eno2      0,00      0,00      0,00      0,00      0,00      0,00      0,00      0,00
22:18:35      docker0      0,00      0,00      0,00      0,00      0,00      0,00      0,00      0,00
22:18:35      ens2np0  55280,50  55296,00   3239,09   3240,00      0,00      0,00      0,00      0,27
22:18:35      ens2np1      0,00      0,00      0,00      0,00      0,00      0,00      0,00      0,00

22:18:35        CPU      %usr     %nice      %sys   %iowait    %steal      %irq     %soft    %guest    %gnice     %idle
22:18:37        all      0,00      0,00      0,03      0,00      0,00      0,00     12,75      0,00      0,00     87,22
22:18:37          0      0,00      0,00      0,00      0,00      0,00      0,00    100,00      0,00      0,00      0,00
22:18:37          1      0,00      0,00      0,00      0,00      0,00      0,00    100,00      0,00      0,00      0,00
22:18:37          2      0,00      0,00      0,48      0,00      0,00      0,00      4,31      0,00      0,00     95,22
22:18:37          3      0,00      0,00      0,00      0,00      0,00      0,00      0,00      0,00      0,00    100,00
22:18:37          4      0,00      0,00      0,00      0,00      0,00      0,00      0,00      0,00      0,00    100,00
22:18:37          5      0,00      0,00      0,00      0,00      0,00      0,00      0,00      0,00      0,00    100,00
22:18:37          6      0,00      0,00      0,00      0,00      0,00      0,00      0,00      0,00      0,00    100,00
22:18:37          7      0,00      0,00      0,00      0,00      0,00      0,00      0,00      0,00      0,00    100,00
22:18:37          8      0,00      0,00      0,00      0,00      0,00      0,00      0,00      0,00      0,00    100,00
22:18:37          9      0,00      0,00      0,00      0,00      0,00      0,00      0,00      0,00      0,00    100,00
22:18:37         10      0,00      0,00      0,00      0,00      0,00      0,00      0,00      0,00      0,00    100,00
22:18:37         11      0,00      0,00      0,00      0,00      0,00      0,00      0,00      0,00      0,00    100,00
22:18:37         12      0,00      0,00      0,00      0,00      0,00      0,00      0,00      0,00      0,00    100,00
22:18:37         13      0,00      0,00      0,00      0,00      0,00      0,00      0,00      0,00      0,00    100,00
22:18:37         14      0,00      0,00      0,00      0,00      0,00      0,00      0,00      0,00      0,00    100,00
22:18:37         15      0,00      0,00      0,00      0,00      0,00      0,00      0,00      0,00      0,00    100,00

22:18:35        IFACE   rxpck/s   txpck/s    rxkB/s    txkB/s   rxcmp/s   txcmp/s  rxmcst/s   %ifutil
22:18:37           lo      0,00      0,00      0,00      0,00      0,00      0,00      0,00      0,00
22:18:37         eno1      6,00      0,00      0,38      0,00      0,00      0,00      1,00      0,00
22:18:37         eno2      0,00      0,00      0,00      0,00      0,00      0,00      0,00      0,00
22:18:37      docker0      0,00      0,00      0,00      0,00      0,00      0,00      0,00      0,00
22:18:37      ens2np0  55273,50  55296,50   3238,68   3240,04      0,00      0,00      0,00      0,27
22:18:37      ens2np1      0,00      0,00      0,00      0,00      0,00      0,00      0,00      0,00

22:18:37        CPU      %usr     %nice      %sys   %iowait    %steal      %irq     %soft    %guest    %gnice     %idle
22:18:39        all      0,00      0,00      0,00      0,00      0,00      0,00     13,13      0,00      0,00     86,87
22:18:39          0      0,00      0,00      0,00      0,00      0,00      0,00    100,00      0,00      0,00      0,00
22:18:39          1      0,00      0,00      0,00      0,00      0,00      0,00    100,00      0,00      0,00      0,00
22:18:39          2      0,00      0,00      0,00      0,00      0,00      0,00     10,36      0,00      0,00     89,64
22:18:39          3      0,00      0,00      0,00      0,00      0,00      0,00      0,00      0,00      0,00    100,00
22:18:39          4      0,00      0,00      0,00      0,00      0,00      0,00      0,00      0,00      0,00    100,00
22:18:39          5      0,00      0,00      0,00      0,00      0,00      0,00      0,00      0,00      0,00    100,00
22:18:39          6      0,00      0,00      0,00      0,00      0,00      0,00      0,00      0,00      0,00    100,00
22:18:39          7      0,00      0,00      0,00      0,00      0,00      0,00      0,00      0,00      0,00    100,00
22:18:39          8      0,00      0,00      0,00      0,00      0,00      0,00      0,00      0,00      0,00    100,00
22:18:39          9      0,00      0,00      0,00      0,00      0,00      0,00      0,00      0,00      0,00    100,00
22:18:39         10      0,00      0,00      0,00      0,00      0,00      0,00      0,00      0,00      0,00    100,00
22:18:39         11      0,00      0,00      0,00      0,00      0,00      0,00      0,00      0,00      0,00    100,00
22:18:39         12      0,00      0,00      0,00      0,00      0,00      0,00      0,00      0,00      0,00    100,00
22:18:39         13      0,00      0,00      0,00      0,00      0,00      0,00      0,00      0,00      0,00    100,00
22:18:39         14      0,00      0,00      0,00      0,00      0,00      0,00      0,00      0,00      0,00    100,00
22:18:39         15      0,00      0,00      0,00      0,00      0,00      0,00      0,00      0,00      0,00    100,00

22:18:37        IFACE   rxpck/s   txpck/s    rxkB/s    txkB/s   rxcmp/s   txcmp/s  rxmcst/s   %ifutil
22:18:39           lo      0,00      0,00      0,00      0,00      0,00      0,00      0,00      0,00
22:18:39         eno1      3,00      0,00      0,19      0,00      0,00      0,00      1,00      0,00
22:18:39         eno2      0,00      0,00      0,00      0,00      0,00      0,00      0,00      0,00
22:18:39      docker0      0,00      0,00      0,00      0,00      0,00      0,00      0,00      0,00
22:18:39      ens2np0  55285,00  55296,00   3239,36   3240,00      0,00      0,00      0,00      0,27
22:18:39      ens2np1      0,00      0,00      0,00      0,00      0,00      0,00      0,00      0,00

22:18:39        CPU      %usr     %nice      %sys   %iowait    %steal      %irq     %soft    %guest    %gnice     %idle
22:18:41        all      0,56      0,00      0,16      0,00      0,00      0,00     13,02      0,00      0,00     86,26
22:18:41          0      0,00      0,00      0,00      0,00      0,00      0,00    100,00      0,00      0,00      0,00
22:18:41          1      0,00      0,00      0,00      0,00      0,00      0,00    100,00      0,00      0,00      0,00
22:18:41          2      1,37      0,00      0,00      0,00      0,00      0,00      9,13      0,00      0,00     89,50
22:18:41          3      0,00      0,00      0,00      0,00      0,00      0,00      0,00      0,00      0,00    100,00
22:18:41          4      1,00      0,00      0,00      0,00      0,00      0,00      0,00      0,00      0,00     99,00
22:18:41          5      0,00      0,00      0,50      0,00      0,00      0,00      0,00      0,00      0,00     99,50
22:18:41          6      1,00      0,00      0,50      0,00      0,00      0,00      0,00      0,00      0,00     98,51
22:18:41          7      0,50      0,00      0,00      0,00      0,00      0,00      0,00      0,00      0,00     99,50
22:18:41          8      0,50      0,00      0,00      0,00      0,00      0,00      0,00      0,00      0,00     99,50
22:18:41          9      0,50      0,00      0,50      0,00      0,00      0,00      0,00      0,00      0,00     99,00
22:18:41         10      0,50      0,00      0,00      0,00      0,00      0,00      0,00      0,00      0,00     99,50
22:18:41         11      0,50      0,00      0,00      0,00      0,00      0,00      0,00      0,00      0,00     99,50
22:18:41         12      0,50      0,00      0,00      0,00      0,00      0,00      0,00      0,00      0,00     99,50
22:18:41         13      1,00      0,00      0,50      0,00      0,00      0,00      0,00      0,00      0,00     98,51
22:18:41         14      0,50      0,00      0,50      0,00      0,00      0,00      0,00      0,00      0,00     99,00
22:18:41         15      1,00      0,00      0,00      0,00      0,00      0,00      0,00      0,00      0,00     99,00

22:18:39        IFACE   rxpck/s   txpck/s    rxkB/s    txkB/s   rxcmp/s   txcmp/s  rxmcst/s   %ifutil
22:18:41           lo      0,00      0,00      0,00      0,00      0,00      0,00      0,00      0,00
22:18:41         eno1      4,00      0,00      0,25      0,00      0,00      0,00      1,00      0,00
22:18:41         eno2      0,00      0,00      0,00      0,00      0,00      0,00      0,00      0,00
22:18:41      docker0      0,00      0,00      0,00      0,00      0,00      0,00      0,00      0,00
22:18:41      ens2np0  55214,00  55296,00   3235,20   3240,00      0,00      0,00      0,00      0,27
22:18:41      ens2np1      0,00      0,00      0,00      0,00      0,00      0,00      0,00      0,00

22:18:41        CPU      %usr     %nice      %sys   %iowait    %steal      %irq     %soft    %guest    %gnice     %idle
22:18:43        all      0,00      0,00      0,00      0,00      0,00      0,00     13,02      0,00      0,00     86,98
22:18:43          0      0,00      0,00      0,00      0,00      0,00      0,00    100,00      0,00      0,00      0,00
22:18:43          1      0,00      0,00      0,00      0,00      0,00      0,00    100,00      0,00      0,00      0,00
22:18:43          2      0,00      0,00      0,00      0,00      0,00      0,00      8,72      0,00      0,00     91,28
22:18:43          3      0,00      0,00      0,00      0,00      0,00      0,00      0,00      0,00      0,00    100,00
22:18:43          4      0,00      0,00      0,00      0,00      0,00      0,00      0,00      0,00      0,00    100,00
22:18:43          5      0,00      0,00      0,00      0,00      0,00      0,00      0,00      0,00      0,00    100,00
22:18:43          6      0,00      0,00      0,00      0,00      0,00      0,00      0,00      0,00      0,00    100,00
22:18:43          7      0,00      0,00      0,00      0,00      0,00      0,00      0,00      0,00      0,00    100,00
22:18:43          8      0,00      0,00      0,00      0,00      0,00      0,00      0,00      0,00      0,00    100,00
22:18:43          9      0,00      0,00      0,00      0,00      0,00      0,00      0,00      0,00      0,00    100,00
22:18:43         10      0,00      0,00      0,00      0,00      0,00      0,00      0,00      0,00      0,00    100,00
22:18:43         11      0,00      0,00      0,00      0,00      0,00      0,00      0,00      0,00      0,00    100,00
22:18:43         12      0,00      0,00      0,00      0,00      0,00      0,00      0,00      0,00      0,00    100,00
22:18:43         13      0,00      0,00      0,00      0,00      0,00      0,00      0,00      0,00      0,00    100,00
22:18:43         14      0,00      0,00      0,00      0,00      0,00      0,00      0,00      0,00      0,00    100,00
22:18:43         15      0,00      0,00      0,00      0,00      0,00      0,00      0,00      0,00      0,00    100,00

22:18:41        IFACE   rxpck/s   txpck/s    rxkB/s    txkB/s   rxcmp/s   txcmp/s  rxmcst/s   %ifutil
22:18:43           lo      0,00      0,00      0,00      0,00      0,00      0,00      0,00      0,00
22:18:43         eno1      8,00      0,00      0,50      0,00      0,00      0,00      1,50      0,00
22:18:43         eno2      0,00      0,00      0,00      0,00      0,00      0,00      0,00      0,00
22:18:43      docker0      0,00      0,00      0,00      0,00      0,00      0,00      0,00      0,00
22:18:43      ens2np0  55261,00  55296,00   3237,95   3240,00      0,00      0,00      0,00      0,27
22:18:43      ens2np1      0,00      0,00      0,00      0,00      0,00      0,00      0,00      0,00

22:18:43        CPU      %usr     %nice      %sys   %iowait    %steal      %irq     %soft    %guest    %gnice     %idle
22:18:45        all      0,03      0,00      0,03      0,00      0,00      0,00     13,18      0,00      0,00     86,76
22:18:45          0      0,00      0,00      0,00      0,00      0,00      0,00    100,00      0,00      0,00      0,00
22:18:45          1      0,00      0,00      0,00      0,00      0,00      0,00    100,00      0,00      0,00      0,00
22:18:45          2      0,00      0,00      0,00      0,00      0,00      0,00     11,11      0,00      0,00     88,89
22:18:45          3      0,00      0,00      0,00      0,00      0,00      0,00      0,00      0,00      0,00    100,00
22:18:45          4      0,50      0,00      0,00      0,00      0,00      0,00      0,00      0,00      0,00     99,50
22:18:45          5      0,00      0,00      0,00      0,00      0,00      0,00      0,00      0,00      0,00    100,00
22:18:45          6      0,00      0,00      0,00      0,00      0,00      0,00      0,00      0,00      0,00    100,00
22:18:45          7      0,00      0,00      0,00      0,00      0,00      0,00      0,00      0,00      0,00    100,00
22:18:45          8      0,00      0,00      0,00      0,00      0,00      0,00      0,00      0,00      0,00    100,00
22:18:45          9      0,00      0,00      0,00      0,00      0,00      0,00      0,00      0,00      0,00    100,00
22:18:45         10      0,00      0,00      0,50      0,00      0,00      0,00      0,00      0,00      0,00     99,50
22:18:45         11      0,00      0,00      0,00      0,00      0,00      0,00      0,00      0,00      0,00    100,00
22:18:45         12      0,00      0,00      0,00      0,00      0,00      0,00      0,00      0,00      0,00    100,00
22:18:45         13      0,00      0,00      0,00      0,00      0,00      0,00      0,00      0,00      0,00    100,00
22:18:45         14      0,00      0,00      0,00      0,00      0,00      0,00      0,00      0,00      0,00    100,00
22:18:45         15      0,00      0,00      0,00      0,00      0,00      0,00      0,00      0,00      0,00    100,00

22:18:43        IFACE   rxpck/s   txpck/s    rxkB/s    txkB/s   rxcmp/s   txcmp/s  rxmcst/s   %ifutil
22:18:45           lo      0,00      0,00      0,00      0,00      0,00      0,00      0,00      0,00
22:18:45         eno1      3,00      0,00      0,19      0,00      0,00      0,00      1,00      0,00
22:18:45         eno2      0,00      0,00      0,00      0,00      0,00      0,00      0,00      0,00
22:18:45      docker0      0,00      0,00      0,00      0,00      0,00      0,00      0,00      0,00
22:18:45      ens2np0  55265,50  55296,00   3238,21   3240,00      0,00      0,00      0,00      0,27
22:18:45      ens2np1      0,00      0,00      0,00      0,00      0,00      0,00      0,00      0,00

22:18:45        CPU      %usr     %nice      %sys   %iowait    %steal      %irq     %soft    %guest    %gnice     %idle
22:18:47        all      0,00      0,00      0,00      0,00      0,00      0,00     12,99      0,00      0,00     87,01
22:18:47          0      0,00      0,00      0,00      0,00      0,00      0,00    100,00      0,00      0,00      0,00
22:18:47          1      0,00      0,00      0,00      0,00      0,00      0,00    100,00      0,00      0,00      0,00
22:18:47          2      0,00      0,00      0,00      0,00      0,00      0,00      8,29      0,00      0,00     91,71
22:18:47          3      0,00      0,00      0,00      0,00      0,00      0,00      0,00      0,00      0,00    100,00
22:18:47          4      0,00      0,00      0,00      0,00      0,00      0,00      0,00      0,00      0,00    100,00
22:18:47          5      0,00      0,00      0,00      0,00      0,00      0,00      0,00      0,00      0,00    100,00
22:18:47          6      0,00      0,00      0,00      0,00      0,00      0,00      0,00      0,00      0,00    100,00
22:18:47          7      0,00      0,00      0,00      0,00      0,00      0,00      0,00      0,00      0,00    100,00
22:18:47          8      0,00      0,00      0,00      0,00      0,00      0,00      0,00      0,00      0,00    100,00
22:18:47          9      0,00      0,00      0,00      0,00      0,00      0,00      0,00      0,00      0,00    100,00
22:18:47         10      0,00      0,00      0,00      0,00      0,00      0,00      0,00      0,00      0,00    100,00
22:18:47         11      0,00      0,00      0,00      0,00      0,00      0,00      0,00      0,00      0,00    100,00
22:18:47         12      0,00      0,00      0,00      0,00      0,00      0,00      0,00      0,00      0,00    100,00
22:18:47         13      0,00      0,00      0,00      0,00      0,00      0,00      0,00      0,00      0,00    100,00
22:18:47         14      0,00      0,00      0,00      0,00      0,00      0,00      0,00      0,00      0,00    100,00
22:18:47         15      0,00      0,00      0,00      0,00      0,00      0,00      0,00      0,00      0,00    100,00

22:18:45        IFACE   rxpck/s   txpck/s    rxkB/s    txkB/s   rxcmp/s   txcmp/s  rxmcst/s   %ifutil
22:18:47           lo      0,00      0,00      0,00      0,00      0,00      0,00      0,00      0,00
22:18:47         eno1      6,50      0,00      0,41      0,00      0,00      0,00      1,00      0,00
22:18:47         eno2      0,00      0,00      0,00      0,00      0,00      0,00      0,00      0,00
22:18:47      docker0      0,00      0,00      0,00      0,00      0,00      0,00      0,00      0,00
22:18:47      ens2np0  55261,50  55296,00   3237,98   3240,00      0,00      0,00      0,00      0,27
22:18:47      ens2np1      0,00      0,00      0,00      0,00      0,00      0,00      0,00      0,00

22:18:47        CPU      %usr     %nice      %sys   %iowait    %steal      %irq     %soft    %guest    %gnice     %idle
22:18:49        all      0,00      0,00      0,03      0,00      0,00      0,00     12,99      0,00      0,00     86,98
22:18:49          0      0,00      0,00      0,00      0,00      0,00      0,00    100,00      0,00      0,00      0,00
22:18:49          1      0,00      0,00      0,00      0,00      0,00      0,00    100,00      0,00      0,00      0,00
22:18:49          2      0,00      0,00      0,00      0,00      0,00      0,00      8,26      0,00      0,00     91,74
22:18:49          3      0,00      0,00      0,00      0,00      0,00      0,00      0,00      0,00      0,00    100,00
22:18:49          4      0,00      0,00      0,00      0,00      0,00      0,00      0,00      0,00      0,00    100,00
22:18:49          5      0,00      0,00      0,00      0,00      0,00      0,00      0,00      0,00      0,00    100,00
22:18:49          6      0,00      0,00      0,00      0,00      0,00      0,00      0,00      0,00      0,00    100,00
22:18:49          7      0,00      0,00      0,00      0,00      0,00      0,00      0,00      0,00      0,00    100,00
22:18:49          8      0,00      0,00      0,00      0,00      0,00      0,00      0,00      0,00      0,00    100,00
22:18:49          9      0,00      0,00      0,00      0,00      0,00      0,00      0,00      0,00      0,00    100,00
22:18:49         10      0,00      0,00      0,00      0,00      0,00      0,00      0,00      0,00      0,00    100,00
22:18:49         11      0,00      0,00      0,00      0,00      0,00      0,00      0,00      0,00      0,00    100,00
22:18:49         12      0,00      0,00      0,00      0,00      0,00      0,00      0,00      0,00      0,00    100,00
22:18:49         13      0,00      0,00      0,00      0,00      0,00      0,00      0,00      0,00      0,00    100,00
22:18:49         14      0,00      0,00      0,50      0,00      0,00      0,00      0,00      0,00      0,00     99,50
22:18:49         15      0,00      0,00      0,00      0,00      0,00      0,00      0,00      0,00      0,00    100,00

22:18:47        IFACE   rxpck/s   txpck/s    rxkB/s    txkB/s   rxcmp/s   txcmp/s  rxmcst/s   %ifutil
22:18:49           lo      0,00      0,00      0,00      0,00      0,00      0,00      0,00      0,00
22:18:49         eno1      3,00      0,00      0,19      0,00      0,00      0,00      1,00      0,00
22:18:49         eno2      0,00      0,00      0,00      0,00      0,00      0,00      0,00      0,00
22:18:49      docker0      0,00      0,00      0,00      0,00      0,00      0,00      0,00      0,00
22:18:49      ens2np0  55263,00  55296,00   3238,07   3240,00      0,00      0,00      0,00      0,27
22:18:49      ens2np1      0,00      0,00      0,00      0,00      0,00      0,00      0,00      0,00

22:18:49        CPU      %usr     %nice      %sys   %iowait    %steal      %irq     %soft    %guest    %gnice     %idle
22:18:51        all      0,40      0,00      0,25      0,00      0,00      0,00     12,98      0,00      0,00     86,37
22:18:51          0      0,00      0,00      0,00      0,00      0,00      0,00    100,00      0,00      0,00      0,00
22:18:51          1      0,00      0,00      0,00      0,00      0,00      0,00    100,00      0,00      0,00      0,00
22:18:51          2      0,92      0,00      0,46      0,00      0,00      0,00      8,26      0,00      0,00     90,37
22:18:51          3      1,00      0,00      0,50      0,00      0,00      0,00      0,00      0,00      0,00     98,50
22:18:51          4      0,50      0,00      0,50      0,00      0,00      0,00      0,00      0,00      0,00     99,00
22:18:51          5      0,50      0,00      0,50      0,00      0,00      0,00      0,00      0,00      0,00     99,00
22:18:51          6      0,50      0,00      1,00      0,00      0,00      0,00      0,00      0,00      0,00     98,50
22:18:51          7      0,00      0,00      0,50      0,00      0,00      0,00      0,00      0,00      0,00     99,50
22:18:51          8      0,50      0,00      0,00      0,00      0,00      0,00      0,00      0,00      0,00     99,50
22:18:51          9      0,50      0,00      0,00      0,00      0,00      0,00      0,00      0,00      0,00     99,50
22:18:51         10      0,50      0,00      0,00      0,00      0,00      0,00      0,00      0,00      0,00     99,50
22:18:51         11      0,50      0,00      0,00      0,00      0,00      0,00      0,00      0,00      0,00     99,50
22:18:51         12      0,00      0,00      0,00      0,00      0,00      0,00      0,00      0,00      0,00    100,00
22:18:51         13      1,00      0,00      0,00      0,00      0,00      0,00      0,00      0,00      0,00     99,00
22:18:51         14      0,00      0,00      0,50      0,00      0,00      0,00      0,00      0,00      0,00     99,50
22:18:51         15      0,00      0,00      0,00      0,00      0,00      0,00      0,00      0,00      0,00    100,00

22:18:49        IFACE   rxpck/s   txpck/s    rxkB/s    txkB/s   rxcmp/s   txcmp/s  rxmcst/s   %ifutil
22:18:51           lo      0,00      0,00      0,00      0,00      0,00      0,00      0,00      0,00
22:18:51         eno1      3,50      0,00      0,22      0,00      0,00      0,00      1,00      0,00
22:18:51         eno2      0,00      0,00      0,00      0,00      0,00      0,00      0,00      0,00
22:18:51      docker0      0,00      0,00      0,00      0,00      0,00      0,00      0,00      0,00
22:18:51      ens2np0  55217,00  55296,00   3235,37   3240,00      0,00      0,00      0,00      0,27
22:18:51      ens2np1      0,00      0,00      0,00      0,00      0,00      0,00      0,00      0,00

22:18:51        CPU      %usr     %nice      %sys   %iowait    %steal      %irq     %soft    %guest    %gnice     %idle
22:18:53        all      0,03      0,00      0,00      0,03      0,00      0,00     13,09      0,00      0,00     86,84
22:18:53          0      0,00      0,00      0,00      0,00      0,00      0,00    100,00      0,00      0,00      0,00
22:18:53          1      0,00      0,00      0,00      0,00      0,00      0,00    100,00      0,00      0,00      0,00
22:18:53          2      0,00      0,00      0,00      0,00      0,00      0,00      9,95      0,00      0,00     90,05
22:18:53          3      0,00      0,00      0,00      0,00      0,00      0,00      0,00      0,00      0,00    100,00
22:18:53          4      0,00      0,00      0,00      0,00      0,00      0,00      0,00      0,00      0,00    100,00
22:18:53          5      0,00      0,00      0,00      0,00      0,00      0,00      0,00      0,00      0,00    100,00
22:18:53          6      0,00      0,00      0,00      0,00      0,00      0,00      0,00      0,00      0,00    100,00
22:18:53          7      0,00      0,00      0,00      0,00      0,00      0,00      0,00      0,00      0,00    100,00
22:18:53          8      0,00      0,00      0,00      0,00      0,00      0,00      0,00      0,00      0,00    100,00
22:18:53          9      0,00      0,00      0,00      0,00      0,00      0,00      0,00      0,00      0,00    100,00
22:18:53         10      0,00      0,00      0,00      0,00      0,00      0,00      0,00      0,00      0,00    100,00
22:18:53         11      0,00      0,00      0,00      0,00      0,00      0,00      0,00      0,00      0,00    100,00
22:18:53         12      0,00      0,00      0,00      0,00      0,00      0,00      0,00      0,00      0,00    100,00
22:18:53         13      0,00      0,00      0,00      0,00      0,00      0,00      0,00      0,00      0,00    100,00
22:18:53         14      0,50      0,00      0,00      0,50      0,00      0,00      0,00      0,00      0,00     99,01
22:18:53         15      0,00      0,00      0,00      0,00      0,00      0,00      0,00      0,00      0,00    100,00

22:18:51        IFACE   rxpck/s   txpck/s    rxkB/s    txkB/s   rxcmp/s   txcmp/s  rxmcst/s   %ifutil
22:18:53           lo      0,00      0,00      0,00      0,00      0,00      0,00      0,00      0,00
22:18:53         eno1      8,00      0,00      0,50      0,00      0,00      0,00      1,50      0,00
22:18:53         eno2      0,00      0,00      0,00      0,00      0,00      0,00      0,00      0,00
22:18:53      docker0      0,00      0,00      0,00      0,00      0,00      0,00      0,00      0,00
22:18:53      ens2np0  55261,00  55296,00   3237,95   3240,00      0,00      0,00      0,00      0,27
22:18:53      ens2np1      0,00      0,00      0,00      0,00      0,00      0,00      0,00      0,00

22:18:53        CPU      %usr     %nice      %sys   %iowait    %steal      %irq     %soft    %guest    %gnice     %idle
22:18:55        all      0,00      0,00      0,00      0,00      0,00      0,00     13,18      0,00      0,00     86,82
22:18:55          0      0,00      0,00      0,00      0,00      0,00      0,00    100,00      0,00      0,00      0,00
22:18:55          1      0,00      0,00      0,00      0,00      0,00      0,00    100,00      0,00      0,00      0,00
22:18:55          2      0,00      0,00      0,00      0,00      0,00      0,00     11,11      0,00      0,00     88,89
22:18:55          3      0,00      0,00      0,00      0,00      0,00      0,00      0,00      0,00      0,00    100,00
22:18:55          4      0,00      0,00      0,00      0,00      0,00      0,00      0,00      0,00      0,00    100,00
22:18:55          5      0,00      0,00      0,00      0,00      0,00      0,00      0,00      0,00      0,00    100,00
22:18:55          6      0,00      0,00      0,00      0,00      0,00      0,00      0,00      0,00      0,00    100,00
22:18:55          7      0,00      0,00      0,00      0,00      0,00      0,00      0,00      0,00      0,00    100,00
22:18:55          8      0,00      0,00      0,00      0,00      0,00      0,00      0,00      0,00      0,00    100,00
22:18:55          9      0,00      0,00      0,00      0,00      0,00      0,00      0,00      0,00      0,00    100,00
22:18:55         10      0,00      0,00      0,00      0,00      0,00      0,00      0,00      0,00      0,00    100,00
22:18:55         11      0,00      0,00      0,00      0,00      0,00      0,00      0,00      0,00      0,00    100,00
22:18:55         12      0,00      0,00      0,00      0,00      0,00      0,00      0,00      0,00      0,00    100,00
22:18:55         13      0,00      0,00      0,00      0,00      0,00      0,00      0,00      0,00      0,00    100,00
22:18:55         14      0,00      0,00      0,00      0,00      0,00      0,00      0,00      0,00      0,00    100,00
22:18:55         15      0,00      0,00      0,00      0,00      0,00      0,00      0,00      0,00      0,00    100,00

22:18:53        IFACE   rxpck/s   txpck/s    rxkB/s    txkB/s   rxcmp/s   txcmp/s  rxmcst/s   %ifutil
22:18:55           lo      0,00      0,00      0,00      0,00      0,00      0,00      0,00      0,00
22:18:55         eno1      3,00      0,00      0,19      0,00      0,00      0,00      1,00      0,00
22:18:55         eno2      0,00      0,00      0,00      0,00      0,00      0,00      0,00      0,00
22:18:55      docker0      0,00      0,00      0,00      0,00      0,00      0,00      0,00      0,00
22:18:55      ens2np0  55264,50  55296,00   3238,15   3240,00      0,00      0,00      0,00      0,27
22:18:55      ens2np1      0,00      0,00      0,00      0,00      0,00      0,00      0,00      0,00

Average:        CPU      %usr     %nice      %sys   %iowait    %steal      %irq     %soft    %guest    %gnice     %idle
Average:        all      0,12      0,00      0,04      0,00      0,00      0,00     11,75      0,00      0,00     88,09
Average:          0      0,00      0,00      0,00      0,00      0,00      0,00     90,37      0,00      0,00      9,63
Average:          1      0,00      0,00      0,00      0,00      0,00      0,00     90,38      0,00      0,00      9,62
Average:          2      0,15      0,00      0,06      0,00      0,00      0,00      7,73      0,00      0,00     92,06
Average:          3      0,14      0,00      0,04      0,00      0,00      0,00      0,00      0,00      0,00     99,82
Average:          4      0,18      0,00      0,04      0,00      0,00      0,00      0,00      0,00      0,00     99,78
Average:          5      0,08      0,00      0,06      0,00      0,00      0,00      0,00      0,00      0,00     99,86
Average:          6      0,22      0,00      0,14      0,00      0,00      0,00      0,00      0,00      0,00     99,64
Average:          7      0,10      0,00      0,04      0,00      0,00      0,00      0,00      0,00      0,00     99,86
Average:          8      0,08      0,00      0,00      0,00      0,00      0,00      0,00      0,00      0,00     99,92
Average:          9      0,08      0,00      0,02      0,00      0,00      0,00      0,00      0,00      0,00     99,90
Average:         10      0,08      0,00      0,02      0,00      0,00      0,00      0,00      0,00      0,00     99,90
Average:         11      0,14      0,00      0,02      0,00      0,00      0,00      0,00      0,00      0,00     99,84
Average:         12      0,14      0,00      0,02      0,00      0,00      0,00      0,00      0,00      0,00     99,84
Average:         13      0,24      0,00      0,04      0,00      0,00      0,00      0,00      0,00      0,00     99,72
Average:         14      0,18      0,00      0,10      0,02      0,00      0,00      0,00      0,00      0,00     99,70
Average:         15      0,12      0,00      0,00      0,00      0,00      0,00      0,00      0,00      0,00     99,88

Average:        IFACE   rxpck/s   txpck/s    rxkB/s    txkB/s   rxcmp/s   txcmp/s  rxmcst/s   %ifutil
Average:           lo      0,32      0,32      0,03      0,03      0,00      0,00      0,00      0,00
Average:         eno1      5,68      0,92      0,47      0,15      0,00      0,00      1,06      0,00
Average:         eno2      0,00      0,00      0,00      0,00      0,00      0,00      0,00      0,00
Average:      docker0      0,00      0,00      0,00      0,00      0,00      0,00      0,00      0,00
Average:      ens2np0  49905,94  49807,50   2924,18   2918,41      0,00      0,00      0,00      0,24
Average:      ens2np1      0,00      0,00      0,00      0,00      0,00      0,00      0,00      0,00
