Linux 5.13.0-52-generic (w1) 	15/07/2022 	_x86_64_	(16 CPU)

19:40:42        CPU      %usr     %nice      %sys   %iowait    %steal      %irq     %soft    %guest    %gnice     %idle
19:40:44        all      0,50      0,00      0,06      0,00      0,00      0,00      0,00      0,00      0,00     99,44
19:40:44          0      0,50      0,00      0,00      0,00      0,00      0,00      0,00      0,00      0,00     99,50
19:40:44          1      0,00      0,00      0,00      0,00      0,00      0,00      0,00      0,00      0,00    100,00
19:40:44          2      0,00      0,00      0,00      0,00      0,00      0,00      0,00      0,00      0,00    100,00
19:40:44          3      0,00      0,00      0,00      0,00      0,00      0,00      0,00      0,00      0,00    100,00
19:40:44          4      0,00      0,00      0,00      0,00      0,00      0,00      0,00      0,00      0,00    100,00
19:40:44          5      0,00      0,00      0,50      0,00      0,00      0,00      0,00      0,00      0,00     99,50
19:40:44          6      1,00      0,00      0,00      0,00      0,00      0,00      0,00      0,00      0,00     99,00
19:40:44          7      1,01      0,00      0,00      0,00      0,00      0,00      0,00      0,00      0,00     98,99
19:40:44          8      0,50      0,00      0,00      0,00      0,00      0,00      0,00      0,00      0,00     99,50
19:40:44          9      1,00      0,00      0,50      0,00      0,00      0,00      0,00      0,00      0,00     98,50
19:40:44         10      0,00      0,00      0,00      0,00      0,00      0,00      0,00      0,00      0,00    100,00
19:40:44         11      1,01      0,00      0,00      0,00      0,00      0,00      0,00      0,00      0,00     98,99
19:40:44         12      0,50      0,00      0,00      0,00      0,00      0,00      0,00      0,00      0,00     99,50
19:40:44         13      1,49      0,00      0,00      0,00      0,00      0,00      0,00      0,00      0,00     98,51
19:40:44         14      0,50      0,00      0,00      0,00      0,00      0,00      0,00      0,00      0,00     99,50
19:40:44         15      0,50      0,00      0,00      0,00      0,00      0,00      0,00      0,00      0,00     99,50

19:40:42        IFACE   rxpck/s   txpck/s    rxkB/s    txkB/s   rxcmp/s   txcmp/s  rxmcst/s   %ifutil
19:40:44           lo      0,00      0,00      0,00      0,00      0,00      0,00      0,00      0,00
19:40:44         eno1     18,50     18,00      3,56      3,36      0,00      0,00      1,00      0,00
19:40:44         eno2      0,00      0,00      0,00      0,00      0,00      0,00      0,00      0,00
19:40:44      docker0      0,00      0,00      0,00      0,00      0,00      0,00      0,00      0,00
19:40:44      ens2np0      0,00      0,00      0,00      0,00      0,00      0,00      0,00      0,00
19:40:44      ens2np1      0,00      0,00      0,00      0,00      0,00      0,00      0,00      0,00

19:40:44        CPU      %usr     %nice      %sys   %iowait    %steal      %irq     %soft    %guest    %gnice     %idle
19:40:46        all      0,00      0,00      0,03      0,00      0,00      0,00      0,00      0,00      0,00     99,97
19:40:46          0      0,00      0,00      0,00      0,00      0,00      0,00      0,00      0,00      0,00    100,00
19:40:46          1      0,00      0,00      0,00      0,00      0,00      0,00      0,00      0,00      0,00    100,00
19:40:46          2      0,00      0,00      0,00      0,00      0,00      0,00      0,00      0,00      0,00    100,00
19:40:46          3      0,00      0,00      0,00      0,00      0,00      0,00      0,00      0,00      0,00    100,00
19:40:46          4      0,00      0,00      0,50      0,00      0,00      0,00      0,00      0,00      0,00     99,50
19:40:46          5      0,00      0,00      0,00      0,00      0,00      0,00      0,00      0,00      0,00    100,00
19:40:46          6      0,00      0,00      0,00      0,00      0,00      0,00      0,00      0,00      0,00    100,00
19:40:46          7      0,00      0,00      0,00      0,00      0,00      0,00      0,00      0,00      0,00    100,00
19:40:46          8      0,00      0,00      0,00      0,00      0,00      0,00      0,00      0,00      0,00    100,00
19:40:46          9      0,00      0,00      0,00      0,00      0,00      0,00      0,00      0,00      0,00    100,00
19:40:46         10      0,00      0,00      0,00      0,00      0,00      0,00      0,00      0,00      0,00    100,00
19:40:46         11      0,00      0,00      0,00      0,00      0,00      0,00      0,00      0,00      0,00    100,00
19:40:46         12      0,00      0,00      0,00      0,00      0,00      0,00      0,00      0,00      0,00    100,00
19:40:46         13      0,00      0,00      0,00      0,00      0,00      0,00      0,00      0,00      0,00    100,00
19:40:46         14      0,00      0,00      0,00      0,00      0,00      0,00      0,00      0,00      0,00    100,00
19:40:46         15      0,00      0,00      0,00      0,00      0,00      0,00      0,00      0,00      0,00    100,00

19:40:44        IFACE   rxpck/s   txpck/s    rxkB/s    txkB/s   rxcmp/s   txcmp/s  rxmcst/s   %ifutil
19:40:46           lo      0,00      0,00      0,00      0,00      0,00      0,00      0,00      0,00
19:40:46         eno1      3,50      0,50      0,37      0,03      0,00      0,00      1,00      0,00
19:40:46         eno2      0,00      0,00      0,00      0,00      0,00      0,00      0,00      0,00
19:40:46      docker0      0,00      0,00      0,00      0,00      0,00      0,00      0,00      0,00
19:40:46      ens2np0      0,00      0,00      0,00      0,00      0,00      0,00      0,00      0,00
19:40:46      ens2np1      0,00      0,00      0,00      0,00      0,00      0,00      0,00      0,00

19:40:46        CPU      %usr     %nice      %sys   %iowait    %steal      %irq     %soft    %guest    %gnice     %idle
19:40:48        all      0,06      0,00      0,06      0,00      0,00      0,00      3,72      0,00      0,00     96,16
19:40:48          0      0,00      0,00      0,00      0,00      0,00      0,00     59,80      0,00      0,00     40,20
19:40:48          1      0,00      0,00      0,00      0,00      0,00      0,00      0,00      0,00      0,00    100,00
19:40:48          2      0,00      0,00      0,00      0,00      0,00      0,00      0,00      0,00      0,00    100,00
19:40:48          3      0,00      0,00      0,00      0,00      0,00      0,00      0,00      0,00      0,00    100,00
19:40:48          4      0,00      0,00      0,00      0,00      0,00      0,00      0,00      0,00      0,00    100,00
19:40:48          5      0,00      0,00      0,00      0,00      0,00      0,00      0,00      0,00      0,00    100,00
19:40:48          6      0,00      0,00      0,00      0,00      0,00      0,00      0,00      0,00      0,00    100,00
19:40:48          7      0,00      0,00      0,00      0,00      0,00      0,00      0,00      0,00      0,00    100,00
19:40:48          8      0,00      0,00      0,00      0,00      0,00      0,00      0,00      0,00      0,00    100,00
19:40:48          9      0,00      0,00      0,00      0,00      0,00      0,00      0,00      0,00      0,00    100,00
19:40:48         10      0,00      0,00      0,00      0,00      0,00      0,00      0,00      0,00      0,00    100,00
19:40:48         11      0,00      0,00      0,00      0,00      0,00      0,00      0,00      0,00      0,00    100,00
19:40:48         12      0,99      0,00      0,50      0,00      0,00      0,00      0,00      0,00      0,00     98,51
19:40:48         13      0,00      0,00      0,00      0,00      0,00      0,00      0,00      0,00      0,00    100,00
19:40:48         14      0,00      0,00      0,00      0,00      0,00      0,00      0,00      0,00      0,00    100,00
19:40:48         15      0,00      0,00      0,50      0,00      0,00      0,00      0,00      0,00      0,00     99,50

19:40:46        IFACE   rxpck/s   txpck/s    rxkB/s    txkB/s   rxcmp/s   txcmp/s  rxmcst/s   %ifutil
19:40:48           lo      0,00      0,00      0,00      0,00      0,00      0,00      0,00      0,00
19:40:48         eno1      9,00      6,00      1,10      1,14      0,00      0,00      1,50      0,00
19:40:48         eno2      0,00      0,00      0,00      0,00      0,00      0,00      0,00      0,00
19:40:48      docker0      0,00      0,00      0,00      0,00      0,00      0,00      0,00      0,00
19:40:48      ens2np0  17804,00  16384,00   4381,45   4032,00      0,00      0,00      0,00      0,36
19:40:48      ens2np1      0,00      0,00      0,00      0,00      0,00      0,00      0,00      0,00

19:40:48        CPU      %usr     %nice      %sys   %iowait    %steal      %irq     %soft    %guest    %gnice     %idle
19:40:50        all      0,00      0,00      0,00      0,00      0,00      0,00      6,25      0,00      0,00     93,75
19:40:50          0      0,00      0,00      0,00      0,00      0,00      0,00    100,00      0,00      0,00      0,00
19:40:50          1      0,00      0,00      0,00      0,00      0,00      0,00      0,00      0,00      0,00    100,00
19:40:50          2      0,00      0,00      0,00      0,00      0,00      0,00      0,00      0,00      0,00    100,00
19:40:50          3      0,00      0,00      0,00      0,00      0,00      0,00      0,00      0,00      0,00    100,00
19:40:50          4      0,00      0,00      0,00      0,00      0,00      0,00      0,00      0,00      0,00    100,00
19:40:50          5      0,00      0,00      0,00      0,00      0,00      0,00      0,00      0,00      0,00    100,00
19:40:50          6      0,00      0,00      0,00      0,00      0,00      0,00      0,00      0,00      0,00    100,00
19:40:50          7      0,00      0,00      0,00      0,00      0,00      0,00      0,00      0,00      0,00    100,00
19:40:50          8      0,00      0,00      0,00      0,00      0,00      0,00      0,00      0,00      0,00    100,00
19:40:50          9      0,00      0,00      0,00      0,00      0,00      0,00      0,00      0,00      0,00    100,00
19:40:50         10      0,00      0,00      0,00      0,00      0,00      0,00      0,00      0,00      0,00    100,00
19:40:50         11      0,00      0,00      0,00      0,00      0,00      0,00      0,00      0,00      0,00    100,00
19:40:50         12      0,00      0,00      0,00      0,00      0,00      0,00      0,00      0,00      0,00    100,00
19:40:50         13      0,00      0,00      0,00      0,00      0,00      0,00      0,00      0,00      0,00    100,00
19:40:50         14      0,00      0,00      0,00      0,00      0,00      0,00      0,00      0,00      0,00    100,00
19:40:50         15      0,00      0,00      0,00      0,00      0,00      0,00      0,00      0,00      0,00    100,00

19:40:48        IFACE   rxpck/s   txpck/s    rxkB/s    txkB/s   rxcmp/s   txcmp/s  rxmcst/s   %ifutil
19:40:50           lo      0,00      0,00      0,00      0,00      0,00      0,00      0,00      0,00
19:40:50         eno1      7,00      2,50      0,57      0,24      0,00      0,00      1,00      0,00
19:40:50         eno2      0,00      0,00      0,00      0,00      0,00      0,00      0,00      0,00
19:40:50      docker0      0,00      0,00      0,00      0,00      0,00      0,00      0,00      0,00
19:40:50      ens2np0  31199,00  30720,00   7677,88   7560,00      0,00      0,00      0,00      0,63
19:40:50      ens2np1      0,00      0,00      0,00      0,00      0,00      0,00      0,00      0,00

19:40:50        CPU      %usr     %nice      %sys   %iowait    %steal      %irq     %soft    %guest    %gnice     %idle
19:40:52        all      0,00      0,00      0,00      0,00      0,00      0,00      6,25      0,00      0,00     93,75
19:40:52          0      0,00      0,00      0,00      0,00      0,00      0,00    100,00      0,00      0,00      0,00
19:40:52          1      0,00      0,00      0,00      0,00      0,00      0,00      0,00      0,00      0,00    100,00
19:40:52          2      0,00      0,00      0,00      0,00      0,00      0,00      0,00      0,00      0,00    100,00
19:40:52          3      0,00      0,00      0,00      0,00      0,00      0,00      0,00      0,00      0,00    100,00
19:40:52          4      0,00      0,00      0,00      0,00      0,00      0,00      0,00      0,00      0,00    100,00
19:40:52          5      0,00      0,00      0,00      0,00      0,00      0,00      0,00      0,00      0,00    100,00
19:40:52          6      0,00      0,00      0,00      0,00      0,00      0,00      0,00      0,00      0,00    100,00
19:40:52          7      0,00      0,00      0,00      0,00      0,00      0,00      0,00      0,00      0,00    100,00
19:40:52          8      0,00      0,00      0,00      0,00      0,00      0,00      0,00      0,00      0,00    100,00
19:40:52          9      0,00      0,00      0,00      0,00      0,00      0,00      0,00      0,00      0,00    100,00
19:40:52         10      0,00      0,00      0,00      0,00      0,00      0,00      0,00      0,00      0,00    100,00
19:40:52         11      0,00      0,00      0,00      0,00      0,00      0,00      0,00      0,00      0,00    100,00
19:40:52         12      0,00      0,00      0,00      0,00      0,00      0,00      0,00      0,00      0,00    100,00
19:40:52         13      0,00      0,00      0,00      0,00      0,00      0,00      0,00      0,00      0,00    100,00
19:40:52         14      0,00      0,00      0,00      0,00      0,00      0,00      0,00      0,00      0,00    100,00
19:40:52         15      0,00      0,00      0,00      0,00      0,00      0,00      0,00      0,00      0,00    100,00

19:40:50        IFACE   rxpck/s   txpck/s    rxkB/s    txkB/s   rxcmp/s   txcmp/s  rxmcst/s   %ifutil
19:40:52           lo      0,00      0,00      0,00      0,00      0,00      0,00      0,00      0,00
19:40:52         eno1      6,00      0,00      0,38      0,00      0,00      0,00      1,00      0,00
19:40:52         eno2      0,00      0,00      0,00      0,00      0,00      0,00      0,00      0,00
19:40:52      docker0      0,00      0,00      0,00      0,00      0,00      0,00      0,00      0,00
19:40:52      ens2np0  31319,00  31744,00   7707,41   7812,00      0,00      0,00      0,00      0,64
19:40:52      ens2np1      0,00      0,00      0,00      0,00      0,00      0,00      0,00      0,00

19:40:52        CPU      %usr     %nice      %sys   %iowait    %steal      %irq     %soft    %guest    %gnice     %idle
19:40:54        all      0,25      0,00      0,19      0,00      0,00      0,00      6,26      0,00      0,00     93,31
19:40:54          0      0,00      0,00      0,00      0,00      0,00      0,00    100,00      0,00      0,00      0,00
19:40:54          1      0,00      0,00      0,00      0,00      0,00      0,00      0,00      0,00      0,00    100,00
19:40:54          2      0,00      0,00      0,00      0,00      0,00      0,00      0,00      0,00      0,00    100,00
19:40:54          3      0,00      0,00      0,50      0,00      0,00      0,00      0,00      0,00      0,00     99,50
19:40:54          4      1,01      0,00      0,00      0,00      0,00      0,00      0,00      0,00      0,00     98,99
19:40:54          5      0,00      0,00      0,00      0,00      0,00      0,00      0,00      0,00      0,00    100,00
19:40:54          6      0,00      0,00      0,50      0,00      0,00      0,00      0,00      0,00      0,00     99,50
19:40:54          7      1,01      0,00      0,00      0,00      0,00      0,00      0,00      0,00      0,00     98,99
19:40:54          8      0,00      0,00      0,50      0,00      0,00      0,00      0,00      0,00      0,00     99,50
19:40:54          9      0,00      0,00      0,00      0,00      0,00      0,00      0,00      0,00      0,00    100,00
19:40:54         10      0,00      0,00      0,00      0,00      0,00      0,00      0,00      0,00      0,00    100,00
19:40:54         11      0,00      0,00      0,50      0,00      0,00      0,00      0,00      0,00      0,00     99,50
19:40:54         12      1,00      0,00      0,50      0,00      0,00      0,00      0,00      0,00      0,00     98,50
19:40:54         13      0,00      0,00      0,00      0,00      0,00      0,00      0,00      0,00      0,00    100,00
19:40:54         14      0,50      0,00      0,00      0,00      0,00      0,00      0,00      0,00      0,00     99,50
19:40:54         15      0,50      0,00      0,50      0,00      0,00      0,00      0,00      0,00      0,00     99,00

19:40:52        IFACE   rxpck/s   txpck/s    rxkB/s    txkB/s   rxcmp/s   txcmp/s  rxmcst/s   %ifutil
19:40:54           lo      0,00      0,00      0,00      0,00      0,00      0,00      0,00      0,00
19:40:54         eno1      5,50      1,00      0,40      0,11      0,00      0,00      1,50      0,00
19:40:54         eno2      0,00      0,00      0,00      0,00      0,00      0,00      0,00      0,00
19:40:54      docker0      0,00      0,00      0,00      0,00      0,00      0,00      0,00      0,00
19:40:54      ens2np0  31420,00  31744,00   7732,27   7812,00      0,00      0,00      0,00      0,64
19:40:54      ens2np1      0,00      0,00      0,00      0,00      0,00      0,00      0,00      0,00

19:40:54        CPU      %usr     %nice      %sys   %iowait    %steal      %irq     %soft    %guest    %gnice     %idle
19:40:56        all      0,00      0,00      0,03      0,00      0,00      0,00      6,25      0,00      0,00     93,72
19:40:56          0      0,00      0,00      0,00      0,00      0,00      0,00    100,00      0,00      0,00      0,00
19:40:56          1      0,00      0,00      0,00      0,00      0,00      0,00      0,00      0,00      0,00    100,00
19:40:56          2      0,00      0,00      0,00      0,00      0,00      0,00      0,00      0,00      0,00    100,00
19:40:56          3      0,00      0,00      0,00      0,00      0,00      0,00      0,00      0,00      0,00    100,00
19:40:56          4      0,00      0,00      0,00      0,00      0,00      0,00      0,00      0,00      0,00    100,00
19:40:56          5      0,00      0,00      0,00      0,00      0,00      0,00      0,00      0,00      0,00    100,00
19:40:56          6      0,00      0,00      0,00      0,00      0,00      0,00      0,00      0,00      0,00    100,00
19:40:56          7      0,00      0,00      0,00      0,00      0,00      0,00      0,00      0,00      0,00    100,00
19:40:56          8      0,00      0,00      0,00      0,00      0,00      0,00      0,00      0,00      0,00    100,00
19:40:56          9      0,00      0,00      0,00      0,00      0,00      0,00      0,00      0,00      0,00    100,00
19:40:56         10      0,00      0,00      0,00      0,00      0,00      0,00      0,00      0,00      0,00    100,00
19:40:56         11      0,00      0,00      0,00      0,00      0,00      0,00      0,00      0,00      0,00    100,00
19:40:56         12      0,00      0,00      0,00      0,00      0,00      0,00      0,00      0,00      0,00    100,00
19:40:56         13      0,00      0,00      0,00      0,00      0,00      0,00      0,00      0,00      0,00    100,00
19:40:56         14      0,00      0,00      0,00      0,00      0,00      0,00      0,00      0,00      0,00    100,00
19:40:56         15      0,00      0,00      0,50      0,00      0,00      0,00      0,00      0,00      0,00     99,50

19:40:54        IFACE   rxpck/s   txpck/s    rxkB/s    txkB/s   rxcmp/s   txcmp/s  rxmcst/s   %ifutil
19:40:56           lo      0,00      0,00      0,00      0,00      0,00      0,00      0,00      0,00
19:40:56         eno1      4,00      0,50      0,25      0,07      0,00      0,00      1,00      0,00
19:40:56         eno2      0,00      0,00      0,00      0,00      0,00      0,00      0,00      0,00
19:40:56      docker0      0,00      0,00      0,00      0,00      0,00      0,00      0,00      0,00
19:40:56      ens2np0  31529,00  30720,00   7759,09   7560,00      0,00      0,00      0,00      0,64
19:40:56      ens2np1      0,00      0,00      0,00      0,00      0,00      0,00      0,00      0,00

19:40:56        CPU      %usr     %nice      %sys   %iowait    %steal      %irq     %soft    %guest    %gnice     %idle
19:40:58        all      0,00      0,00      0,03      0,00      0,00      0,00      6,25      0,00      0,00     93,72
19:40:58          0      0,00      0,00      0,00      0,00      0,00      0,00    100,00      0,00      0,00      0,00
19:40:58          1      0,00      0,00      0,00      0,00      0,00      0,00      0,00      0,00      0,00    100,00
19:40:58          2      0,00      0,00      0,00      0,00      0,00      0,00      0,00      0,00      0,00    100,00
19:40:58          3      0,00      0,00      0,00      0,00      0,00      0,00      0,00      0,00      0,00    100,00
19:40:58          4      0,00      0,00      0,00      0,00      0,00      0,00      0,00      0,00      0,00    100,00
19:40:58          5      0,00      0,00      0,00      0,00      0,00      0,00      0,00      0,00      0,00    100,00
19:40:58          6      0,00      0,00      0,00      0,00      0,00      0,00      0,00      0,00      0,00    100,00
19:40:58          7      0,00      0,00      0,00      0,00      0,00      0,00      0,00      0,00      0,00    100,00
19:40:58          8      0,00      0,00      0,00      0,00      0,00      0,00      0,00      0,00      0,00    100,00
19:40:58          9      0,00      0,00      0,00      0,00      0,00      0,00      0,00      0,00      0,00    100,00
19:40:58         10      0,00      0,00      0,00      0,00      0,00      0,00      0,00      0,00      0,00    100,00
19:40:58         11      0,00      0,00      0,00      0,00      0,00      0,00      0,00      0,00      0,00    100,00
19:40:58         12      0,00      0,00      0,00      0,00      0,00      0,00      0,00      0,00      0,00    100,00
19:40:58         13      0,00      0,00      0,00      0,00      0,00      0,00      0,00      0,00      0,00    100,00
19:40:58         14      0,00      0,00      0,00      0,00      0,00      0,00      0,00      0,00      0,00    100,00
19:40:58         15      0,00      0,00      0,50      0,00      0,00      0,00      0,00      0,00      0,00     99,50

19:40:56        IFACE   rxpck/s   txpck/s    rxkB/s    txkB/s   rxcmp/s   txcmp/s  rxmcst/s   %ifutil
19:40:58           lo      0,00      0,00      0,00      0,00      0,00      0,00      0,00      0,00
19:40:58         eno1      4,50      0,50      0,33      0,03      0,00      0,00      1,00      0,00
19:40:58         eno2      0,00      0,00      0,00      0,00      0,00      0,00      0,00      0,00
19:40:58      docker0      0,00      0,00      0,00      0,00      0,00      0,00      0,00      0,00
19:40:58      ens2np0  30806,50  30720,00   7581,29   7560,00      0,00      0,00      0,00      0,62
19:40:58      ens2np1      0,00      0,00      0,00      0,00      0,00      0,00      0,00      0,00

19:40:58        CPU      %usr     %nice      %sys   %iowait    %steal      %irq     %soft    %guest    %gnice     %idle
19:41:00        all      0,06      0,00      0,00      0,00      0,00      0,00      6,26      0,00      0,00     93,68
19:41:00          0      0,00      0,00      0,00      0,00      0,00      0,00    100,00      0,00      0,00      0,00
19:41:00          1      0,00      0,00      0,00      0,00      0,00      0,00      0,00      0,00      0,00    100,00
19:41:00          2      0,00      0,00      0,00      0,00      0,00      0,00      0,00      0,00      0,00    100,00
19:41:00          3      0,00      0,00      0,00      0,00      0,00      0,00      0,00      0,00      0,00    100,00
19:41:00          4      0,00      0,00      0,00      0,00      0,00      0,00      0,00      0,00      0,00    100,00
19:41:00          5      0,00      0,00      0,00      0,00      0,00      0,00      0,00      0,00      0,00    100,00
19:41:00          6      0,00      0,00      0,00      0,00      0,00      0,00      0,00      0,00      0,00    100,00
19:41:00          7      0,00      0,00      0,00      0,00      0,00      0,00      0,00      0,00      0,00    100,00
19:41:00          8      0,00      0,00      0,00      0,00      0,00      0,00      0,00      0,00      0,00    100,00
19:41:00          9      0,00      0,00      0,00      0,00      0,00      0,00      0,00      0,00      0,00    100,00
19:41:00         10      0,50      0,00      0,00      0,00      0,00      0,00      0,00      0,00      0,00     99,50
19:41:00         11      0,00      0,00      0,00      0,00      0,00      0,00      0,00      0,00      0,00    100,00
19:41:00         12      0,50      0,00      0,00      0,00      0,00      0,00      0,00      0,00      0,00     99,50
19:41:00         13      0,00      0,00      0,00      0,00      0,00      0,00      0,00      0,00      0,00    100,00
19:41:00         14      0,00      0,00      0,00      0,00      0,00      0,00      0,00      0,00      0,00    100,00
19:41:00         15      0,00      0,00      0,00      0,00      0,00      0,00      0,00      0,00      0,00    100,00

19:40:58        IFACE   rxpck/s   txpck/s    rxkB/s    txkB/s   rxcmp/s   txcmp/s  rxmcst/s   %ifutil
19:41:00           lo      0,00      0,00      0,00      0,00      0,00      0,00      0,00      0,00
19:41:00         eno1      9,00      5,00      1,09      1,07      0,00      0,00      1,00      0,00
19:41:00         eno2      0,00      0,00      0,00      0,00      0,00      0,00      0,00      0,00
19:41:00      docker0      0,00      0,00      0,00      0,00      0,00      0,00      0,00      0,00
19:41:00      ens2np0  30581,50  30720,00   7525,92   7560,00      0,00      0,00      0,00      0,62
19:41:00      ens2np1      0,00      0,00      0,00      0,00      0,00      0,00      0,00      0,00

19:41:00        CPU      %usr     %nice      %sys   %iowait    %steal      %irq     %soft    %guest    %gnice     %idle
19:41:02        all      0,03      0,00      0,00      0,00      0,00      0,00      6,25      0,00      0,00     93,72
19:41:02          0      0,00      0,00      0,00      0,00      0,00      0,00    100,00      0,00      0,00      0,00
19:41:02          1      0,00      0,00      0,00      0,00      0,00      0,00      0,00      0,00      0,00    100,00
19:41:02          2      0,00      0,00      0,00      0,00      0,00      0,00      0,00      0,00      0,00    100,00
19:41:02          3      0,00      0,00      0,00      0,00      0,00      0,00      0,00      0,00      0,00    100,00
19:41:02          4      0,00      0,00      0,00      0,00      0,00      0,00      0,00      0,00      0,00    100,00
19:41:02          5      0,00      0,00      0,00      0,00      0,00      0,00      0,00      0,00      0,00    100,00
19:41:02          6      0,00      0,00      0,00      0,00      0,00      0,00      0,00      0,00      0,00    100,00
19:41:02          7      0,00      0,00      0,00      0,00      0,00      0,00      0,00      0,00      0,00    100,00
19:41:02          8      0,00      0,00      0,00      0,00      0,00      0,00      0,00      0,00      0,00    100,00
19:41:02          9      0,00      0,00      0,00      0,00      0,00      0,00      0,00      0,00      0,00    100,00
19:41:02         10      0,00      0,00      0,00      0,00      0,00      0,00      0,00      0,00      0,00    100,00
19:41:02         11      0,00      0,00      0,00      0,00      0,00      0,00      0,00      0,00      0,00    100,00
19:41:02         12      0,50      0,00      0,00      0,00      0,00      0,00      0,00      0,00      0,00     99,50
19:41:02         13      0,00      0,00      0,00      0,00      0,00      0,00      0,00      0,00      0,00    100,00
19:41:02         14      0,00      0,00      0,00      0,00      0,00      0,00      0,00      0,00      0,00    100,00
19:41:02         15      0,00      0,00      0,00      0,00      0,00      0,00      0,00      0,00      0,00    100,00

19:41:00        IFACE   rxpck/s   txpck/s    rxkB/s    txkB/s   rxcmp/s   txcmp/s  rxmcst/s   %ifutil
19:41:02           lo      0,00      0,00      0,00      0,00      0,00      0,00      0,00      0,00
19:41:02         eno1      6,50      3,00      0,54      0,28      0,00      0,00      1,00      0,00
19:41:02         eno2      0,00      0,00      0,00      0,00      0,00      0,00      0,00      0,00
19:41:02      docker0      0,00      0,00      0,00      0,00      0,00      0,00      0,00      0,00
19:41:02      ens2np0  30909,00  31744,00   7606,51   7812,00      0,00      0,00      0,00      0,64
19:41:02      ens2np1      0,00      0,00      0,00      0,00      0,00      0,00      0,00      0,00

19:41:02        CPU      %usr     %nice      %sys   %iowait    %steal      %irq     %soft    %guest    %gnice     %idle
19:41:04        all      0,65      0,00      0,19      0,00      0,00      0,00      6,27      0,00      0,00     92,89
19:41:04          0      0,00      0,00      0,00      0,00      0,00      0,00    100,00      0,00      0,00      0,00
19:41:04          1      0,50      0,00      0,00      0,00      0,00      0,00      0,50      0,00      0,00     99,00
19:41:04          2      0,50      0,00      0,00      0,00      0,00      0,00      0,00      0,00      0,00     99,50
19:41:04          3      0,50      0,00      0,00      0,00      0,00      0,00      0,00      0,00      0,00     99,50
19:41:04          4      0,50      0,00      0,00      0,00      0,00      0,00      0,00      0,00      0,00     99,50
19:41:04          5      0,99      0,00      0,50      0,00      0,00      0,00      0,00      0,00      0,00     98,51
19:41:04          6      0,50      0,00      0,00      0,00      0,00      0,00      0,00      0,00      0,00     99,50
19:41:04          7      1,49      0,00      0,50      0,00      0,00      0,00      0,00      0,00      0,00     98,01
19:41:04          8      0,50      0,00      0,00      0,00      0,00      0,00      0,00      0,00      0,00     99,50
19:41:04          9      0,50      0,00      0,00      0,00      0,00      0,00      0,00      0,00      0,00     99,50
19:41:04         10      0,50      0,00      0,00      0,00      0,00      0,00      0,00      0,00      0,00     99,50
19:41:04         11      0,99      0,00      0,50      0,00      0,00      0,00      0,00      0,00      0,00     98,51
19:41:04         12      1,50      0,00      1,00      0,00      0,00      0,00      0,00      0,00      0,00     97,50
19:41:04         13      0,50      0,00      0,00      0,00      0,00      0,00      0,00      0,00      0,00     99,50
19:41:04         14      0,50      0,00      0,50      0,00      0,00      0,00      0,00      0,00      0,00     99,00
19:41:04         15      0,50      0,00      0,00      0,00      0,00      0,00      0,00      0,00      0,00     99,50

19:41:02        IFACE   rxpck/s   txpck/s    rxkB/s    txkB/s   rxcmp/s   txcmp/s  rxmcst/s   %ifutil
19:41:04           lo      0,00      0,00      0,00      0,00      0,00      0,00      0,00      0,00
19:41:04         eno1      4,50      0,50      0,30      0,05      0,00      0,00      1,00      0,00
19:41:04         eno2      0,00      0,00      0,00      0,00      0,00      0,00      0,00      0,00
19:41:04      docker0      0,00      0,00      0,00      0,00      0,00      0,00      0,00      0,00
19:41:04      ens2np0  30931,50  30720,00   7612,05   7560,00      0,00      0,00      0,00      0,62
19:41:04      ens2np1      0,00      0,00      0,00      0,00      0,00      0,00      0,00      0,00

19:41:04        CPU      %usr     %nice      %sys   %iowait    %steal      %irq     %soft    %guest    %gnice     %idle
19:41:06        all      0,00      0,00      0,03      0,03      0,00      0,00      6,25      0,00      0,00     93,69
19:41:06          0      0,00      0,00      0,00      0,00      0,00      0,00    100,00      0,00      0,00      0,00
19:41:06          1      0,00      0,00      0,00      0,00      0,00      0,00      0,00      0,00      0,00    100,00
19:41:06          2      0,00      0,00      0,00      0,00      0,00      0,00      0,00      0,00      0,00    100,00
19:41:06          3      0,00      0,00      0,00      0,00      0,00      0,00      0,00      0,00      0,00    100,00
19:41:06          4      0,00      0,00      0,00      0,00      0,00      0,00      0,00      0,00      0,00    100,00
19:41:06          5      0,00      0,00      0,00      0,00      0,00      0,00      0,00      0,00      0,00    100,00
19:41:06          6      0,00      0,00      0,00      0,00      0,00      0,00      0,00      0,00      0,00    100,00
19:41:06          7      0,00      0,00      0,00      0,00      0,00      0,00      0,00      0,00      0,00    100,00
19:41:06          8      0,00      0,00      0,00      0,00      0,00      0,00      0,00      0,00      0,00    100,00
19:41:06          9      0,00      0,00      0,00      0,00      0,00      0,00      0,00      0,00      0,00    100,00
19:41:06         10      0,00      0,00      0,00      0,00      0,00      0,00      0,00      0,00      0,00    100,00
19:41:06         11      0,00      0,00      0,00      0,00      0,00      0,00      0,00      0,00      0,00    100,00
19:41:06         12      0,00      0,00      0,00      0,00      0,00      0,00      0,00      0,00      0,00    100,00
19:41:06         13      0,00      0,00      0,00      0,00      0,00      0,00      0,00      0,00      0,00    100,00
19:41:06         14      0,00      0,00      0,00      0,50      0,00      0,00      0,00      0,00      0,00     99,50
19:41:06         15      0,00      0,00      0,50      0,00      0,00      0,00      0,00      0,00      0,00     99,50

19:41:04        IFACE   rxpck/s   txpck/s    rxkB/s    txkB/s   rxcmp/s   txcmp/s  rxmcst/s   %ifutil
19:41:06           lo      0,00      0,00      0,00      0,00      0,00      0,00      0,00      0,00
19:41:06         eno1      4,00      1,00      0,30      0,11      0,00      0,00      1,00      0,00
19:41:06         eno2      0,00      0,00      0,00      0,00      0,00      0,00      0,00      0,00
19:41:06      docker0      0,00      0,00      0,00      0,00      0,00      0,00      0,00      0,00
19:41:06      ens2np0  30574,00  30720,00   7524,07   7560,00      0,00      0,00      0,00      0,62
19:41:06      ens2np1      0,00      0,00      0,00      0,00      0,00      0,00      0,00      0,00

19:41:06        CPU      %usr     %nice      %sys   %iowait    %steal      %irq     %soft    %guest    %gnice     %idle
19:41:08        all      0,00      0,00      0,00      0,00      0,00      0,00      6,25      0,00      0,00     93,75
19:41:08          0      0,00      0,00      0,00      0,00      0,00      0,00    100,00      0,00      0,00      0,00
19:41:08          1      0,00      0,00      0,00      0,00      0,00      0,00      0,00      0,00      0,00    100,00
19:41:08          2      0,00      0,00      0,00      0,00      0,00      0,00      0,00      0,00      0,00    100,00
19:41:08          3      0,00      0,00      0,00      0,00      0,00      0,00      0,00      0,00      0,00    100,00
19:41:08          4      0,00      0,00      0,00      0,00      0,00      0,00      0,00      0,00      0,00    100,00
19:41:08          5      0,00      0,00      0,00      0,00      0,00      0,00      0,00      0,00      0,00    100,00
19:41:08          6      0,00      0,00      0,00      0,00      0,00      0,00      0,00      0,00      0,00    100,00
19:41:08          7      0,00      0,00      0,00      0,00      0,00      0,00      0,00      0,00      0,00    100,00
19:41:08          8      0,00      0,00      0,00      0,00      0,00      0,00      0,00      0,00      0,00    100,00
19:41:08          9      0,00      0,00      0,00      0,00      0,00      0,00      0,00      0,00      0,00    100,00
19:41:08         10      0,00      0,00      0,00      0,00      0,00      0,00      0,00      0,00      0,00    100,00
19:41:08         11      0,00      0,00      0,00      0,00      0,00      0,00      0,00      0,00      0,00    100,00
19:41:08         12      0,00      0,00      0,00      0,00      0,00      0,00      0,00      0,00      0,00    100,00
19:41:08         13      0,00      0,00      0,00      0,00      0,00      0,00      0,00      0,00      0,00    100,00
19:41:08         14      0,00      0,00      0,00      0,00      0,00      0,00      0,00      0,00      0,00    100,00
19:41:08         15      0,00      0,00      0,00      0,00      0,00      0,00      0,00      0,00      0,00    100,00

19:41:06        IFACE   rxpck/s   txpck/s    rxkB/s    txkB/s   rxcmp/s   txcmp/s  rxmcst/s   %ifutil
19:41:08           lo      0,00      0,00      0,00      0,00      0,00      0,00      0,00      0,00
19:41:08         eno1      4,00      0,50      0,25      0,07      0,00      0,00      1,00      0,00
19:41:08         eno2      0,00      0,00      0,00      0,00      0,00      0,00      0,00      0,00
19:41:08      docker0      0,00      0,00      0,00      0,00      0,00      0,00      0,00      0,00
19:41:08      ens2np0  30916,00  30720,00   7608,23   7560,00      0,00      0,00      0,00      0,62
19:41:08      ens2np1      0,00      0,00      0,00      0,00      0,00      0,00      0,00      0,00

19:41:08        CPU      %usr     %nice      %sys   %iowait    %steal      %irq     %soft    %guest    %gnice     %idle
19:41:10        all      0,06      0,00      0,03      0,00      0,00      0,00      6,25      0,00      0,00     93,66
19:41:10          0      0,00      0,00      0,00      0,00      0,00      0,00    100,00      0,00      0,00      0,00
19:41:10          1      0,00      0,00      0,00      0,00      0,00      0,00      0,00      0,00      0,00    100,00
19:41:10          2      0,00      0,00      0,00      0,00      0,00      0,00      0,00      0,00      0,00    100,00
19:41:10          3      0,00      0,00      0,00      0,00      0,00      0,00      0,00      0,00      0,00    100,00
19:41:10          4      0,00      0,00      0,00      0,00      0,00      0,00      0,00      0,00      0,00    100,00
19:41:10          5      0,00      0,00      0,00      0,00      0,00      0,00      0,00      0,00      0,00    100,00
19:41:10          6      0,00      0,00      0,00      0,00      0,00      0,00      0,00      0,00      0,00    100,00
19:41:10          7      0,00      0,00      0,00      0,00      0,00      0,00      0,00      0,00      0,00    100,00
19:41:10          8      0,00      0,00      0,00      0,00      0,00      0,00      0,00      0,00      0,00    100,00
19:41:10          9      0,00      0,00      0,00      0,00      0,00      0,00      0,00      0,00      0,00    100,00
19:41:10         10      0,00      0,00      0,00      0,00      0,00      0,00      0,00      0,00      0,00    100,00
19:41:10         11      1,00      0,00      0,00      0,00      0,00      0,00      0,00      0,00      0,00     99,00
19:41:10         12      0,00      0,00      0,00      0,00      0,00      0,00      0,00      0,00      0,00    100,00
19:41:10         13      0,00      0,00      0,00      0,00      0,00      0,00      0,00      0,00      0,00    100,00
19:41:10         14      0,00      0,00      0,00      0,00      0,00      0,00      0,00      0,00      0,00    100,00
19:41:10         15      0,00      0,00      0,50      0,00      0,00      0,00      0,00      0,00      0,00     99,50

19:41:08        IFACE   rxpck/s   txpck/s    rxkB/s    txkB/s   rxcmp/s   txcmp/s  rxmcst/s   %ifutil
19:41:10           lo      0,00      0,00      0,00      0,00      0,00      0,00      0,00      0,00
19:41:10         eno1      5,50      1,00      0,45      0,07      0,00      0,00      1,50      0,00
19:41:10         eno2      0,00      0,00      0,00      0,00      0,00      0,00      0,00      0,00
19:41:10      docker0      0,00      0,00      0,00      0,00      0,00      0,00      0,00      0,00
19:41:10      ens2np0  30865,50  30720,00   7595,81   7560,00      0,00      0,00      0,00      0,62
19:41:10      ens2np1      0,00      0,00      0,00      0,00      0,00      0,00      0,00      0,00

19:41:10        CPU      %usr     %nice      %sys   %iowait    %steal      %irq     %soft    %guest    %gnice     %idle
19:41:12        all      0,03      0,00      0,06      0,00      0,00      0,00      6,25      0,00      0,00     93,66
19:41:12          0      0,00      0,00      0,00      0,00      0,00      0,00    100,00      0,00      0,00      0,00
19:41:12          1      0,00      0,00      0,00      0,00      0,00      0,00      0,00      0,00      0,00    100,00
19:41:12          2      0,00      0,00      0,00      0,00      0,00      0,00      0,00      0,00      0,00    100,00
19:41:12          3      0,00      0,00      0,00      0,00      0,00      0,00      0,00      0,00      0,00    100,00
19:41:12          4      0,00      0,00      0,00      0,00      0,00      0,00      0,00      0,00      0,00    100,00
19:41:12          5      0,00      0,00      0,00      0,00      0,00      0,00      0,00      0,00      0,00    100,00
19:41:12          6      0,00      0,00      0,00      0,00      0,00      0,00      0,00      0,00      0,00    100,00
19:41:12          7      0,00      0,00      0,00      0,00      0,00      0,00      0,00      0,00      0,00    100,00
19:41:12          8      0,00      0,00      0,00      0,00      0,00      0,00      0,00      0,00      0,00    100,00
19:41:12          9      0,00      0,00      0,00      0,00      0,00      0,00      0,00      0,00      0,00    100,00
19:41:12         10      0,00      0,00      0,00      0,00      0,00      0,00      0,00      0,00      0,00    100,00
19:41:12         11      0,00      0,00      0,00      0,00      0,00      0,00      0,00      0,00      0,00    100,00
19:41:12         12      0,50      0,00      0,50      0,00      0,00      0,00      0,00      0,00      0,00     99,00
19:41:12         13      0,00      0,00      0,50      0,00      0,00      0,00      0,00      0,00      0,00     99,50
19:41:12         14      0,00      0,00      0,00      0,00      0,00      0,00      0,00      0,00      0,00    100,00
19:41:12         15      0,00      0,00      0,00      0,00      0,00      0,00      0,00      0,00      0,00    100,00

19:41:10        IFACE   rxpck/s   txpck/s    rxkB/s    txkB/s   rxcmp/s   txcmp/s  rxmcst/s   %ifutil
19:41:12           lo      0,00      0,00      0,00      0,00      0,00      0,00      0,00      0,00
19:41:12         eno1      8,50      5,00      1,06      1,07      0,00      0,00      1,00      0,00
19:41:12         eno2      0,00      0,00      0,00      0,00      0,00      0,00      0,00      0,00
19:41:12      docker0      0,00      0,00      0,00      0,00      0,00      0,00      0,00      0,00
19:41:12      ens2np0  31656,00  31744,00   7790,34   7812,00      0,00      0,00      0,00      0,64
19:41:12      ens2np1      0,00      0,00      0,00      0,00      0,00      0,00      0,00      0,00

19:41:12        CPU      %usr     %nice      %sys   %iowait    %steal      %irq     %soft    %guest    %gnice     %idle
19:41:14        all      0,31      0,00      0,31      0,00      0,00      0,00      6,26      0,00      0,00     93,12
19:41:14          0      0,00      0,00      0,00      0,00      0,00      0,00    100,00      0,00      0,00      0,00
19:41:14          1      0,00      0,00      0,50      0,00      0,00      0,00      0,00      0,00      0,00     99,50
19:41:14          2      0,50      0,00      0,50      0,00      0,00      0,00      0,00      0,00      0,00     99,00
19:41:14          3      0,00      0,00      0,50      0,00      0,00      0,00      0,00      0,00      0,00     99,50
19:41:14          4      0,50      0,00      0,50      0,00      0,00      0,00      0,00      0,00      0,00     99,00
19:41:14          5      0,00      0,00      0,00      0,00      0,00      0,00      0,00      0,00      0,00    100,00
19:41:14          6      0,50      0,00      0,00      0,00      0,00      0,00      0,00      0,00      0,00     99,50
19:41:14          7      1,00      0,00      0,50      0,00      0,00      0,00      0,00      0,00      0,00     98,50
19:41:14          8      0,00      0,00      0,00      0,00      0,00      0,00      0,00      0,00      0,00    100,00
19:41:14          9      0,00      0,00      0,50      0,00      0,00      0,00      0,00      0,00      0,00     99,50
19:41:14         10      0,00      0,00      0,00      0,00      0,00      0,00      0,00      0,00      0,00    100,00
19:41:14         11      0,50      0,00      0,00      0,00      0,00      0,00      0,00      0,00      0,00     99,50
19:41:14         12      0,50      0,00      0,50      0,00      0,00      0,00      0,00      0,00      0,00     99,00
19:41:14         13      0,00      0,00      0,50      0,00      0,00      0,00      0,00      0,00      0,00     99,50
19:41:14         14      1,01      0,00      0,50      0,00      0,00      0,00      0,00      0,00      0,00     98,49
19:41:14         15      0,50      0,00      0,50      0,00      0,00      0,00      0,00      0,00      0,00     99,00

19:41:12        IFACE   rxpck/s   txpck/s    rxkB/s    txkB/s   rxcmp/s   txcmp/s  rxmcst/s   %ifutil
19:41:14           lo      0,00      0,00      0,00      0,00      0,00      0,00      0,00      0,00
19:41:14         eno1      6,50      3,50      0,54      0,31      0,00      0,00      1,00      0,00
19:41:14         eno2      0,00      0,00      0,00      0,00      0,00      0,00      0,00      0,00
19:41:14      docker0      0,00      0,00      0,00      0,00      0,00      0,00      0,00      0,00
19:41:14      ens2np0  30815,50  30720,00   7583,50   7560,00      0,00      0,00      0,00      0,62
19:41:14      ens2np1      0,00      0,00      0,00      0,00      0,00      0,00      0,00      0,00

19:41:14        CPU      %usr     %nice      %sys   %iowait    %steal      %irq     %soft    %guest    %gnice     %idle
19:41:16        all      0,00      0,00      0,00      0,00      0,00      0,00      6,25      0,00      0,00     93,75
19:41:16          0      0,00      0,00      0,00      0,00      0,00      0,00    100,00      0,00      0,00      0,00
19:41:16          1      0,00      0,00      0,00      0,00      0,00      0,00      0,00      0,00      0,00    100,00
19:41:16          2      0,00      0,00      0,00      0,00      0,00      0,00      0,00      0,00      0,00    100,00
19:41:16          3      0,00      0,00      0,00      0,00      0,00      0,00      0,00      0,00      0,00    100,00
19:41:16          4      0,00      0,00      0,00      0,00      0,00      0,00      0,00      0,00      0,00    100,00
19:41:16          5      0,00      0,00      0,00      0,00      0,00      0,00      0,00      0,00      0,00    100,00
19:41:16          6      0,00      0,00      0,00      0,00      0,00      0,00      0,00      0,00      0,00    100,00
19:41:16          7      0,00      0,00      0,00      0,00      0,00      0,00      0,00      0,00      0,00    100,00
19:41:16          8      0,00      0,00      0,00      0,00      0,00      0,00      0,00      0,00      0,00    100,00
19:41:16          9      0,00      0,00      0,00      0,00      0,00      0,00      0,00      0,00      0,00    100,00
19:41:16         10      0,00      0,00      0,00      0,00      0,00      0,00      0,00      0,00      0,00    100,00
19:41:16         11      0,00      0,00      0,00      0,00      0,00      0,00      0,00      0,00      0,00    100,00
19:41:16         12      0,00      0,00      0,00      0,00      0,00      0,00      0,00      0,00      0,00    100,00
19:41:16         13      0,00      0,00      0,00      0,00      0,00      0,00      0,00      0,00      0,00    100,00
19:41:16         14      0,00      0,00      0,00      0,00      0,00      0,00      0,00      0,00      0,00    100,00
19:41:16         15      0,00      0,00      0,00      0,00      0,00      0,00      0,00      0,00      0,00    100,00

19:41:14        IFACE   rxpck/s   txpck/s    rxkB/s    txkB/s   rxcmp/s   txcmp/s  rxmcst/s   %ifutil
19:41:16           lo      0,00      0,00      0,00      0,00      0,00      0,00      0,00      0,00
19:41:16         eno1      3,50      1,00      0,27      0,11      0,00      0,00      1,00      0,00
19:41:16         eno2      0,00      0,00      0,00      0,00      0,00      0,00      0,00      0,00
19:41:16      docker0      0,00      0,00      0,00      0,00      0,00      0,00      0,00      0,00
19:41:16      ens2np0  30361,00  30720,00   7471,65   7560,00      0,00      0,00      0,00      0,62
19:41:16      ens2np1      0,00      0,00      0,00      0,00      0,00      0,00      0,00      0,00

19:41:16        CPU      %usr     %nice      %sys   %iowait    %steal      %irq     %soft    %guest    %gnice     %idle
19:41:18        all      0,00      0,00      0,00      0,00      0,00      0,00      6,25      0,00      0,00     93,75
19:41:18          0      0,00      0,00      0,00      0,00      0,00      0,00    100,00      0,00      0,00      0,00
19:41:18          1      0,00      0,00      0,00      0,00      0,00      0,00      0,00      0,00      0,00    100,00
19:41:18          2      0,00      0,00      0,00      0,00      0,00      0,00      0,00      0,00      0,00    100,00
19:41:18          3      0,00      0,00      0,00      0,00      0,00      0,00      0,00      0,00      0,00    100,00
19:41:18          4      0,00      0,00      0,00      0,00      0,00      0,00      0,00      0,00      0,00    100,00
19:41:18          5      0,00      0,00      0,00      0,00      0,00      0,00      0,00      0,00      0,00    100,00
19:41:18          6      0,00      0,00      0,00      0,00      0,00      0,00      0,00      0,00      0,00    100,00
19:41:18          7      0,00      0,00      0,00      0,00      0,00      0,00      0,00      0,00      0,00    100,00
19:41:18          8      0,00      0,00      0,00      0,00      0,00      0,00      0,00      0,00      0,00    100,00
19:41:18          9      0,00      0,00      0,00      0,00      0,00      0,00      0,00      0,00      0,00    100,00
19:41:18         10      0,00      0,00      0,00      0,00      0,00      0,00      0,00      0,00      0,00    100,00
19:41:18         11      0,00      0,00      0,00      0,00      0,00      0,00      0,00      0,00      0,00    100,00
19:41:18         12      0,00      0,00      0,00      0,00      0,00      0,00      0,00      0,00      0,00    100,00
19:41:18         13      0,00      0,00      0,00      0,00      0,00      0,00      0,00      0,00      0,00    100,00
19:41:18         14      0,00      0,00      0,00      0,00      0,00      0,00      0,00      0,00      0,00    100,00
19:41:18         15      0,00      0,00      0,00      0,00      0,00      0,00      0,00      0,00      0,00    100,00

19:41:16        IFACE   rxpck/s   txpck/s    rxkB/s    txkB/s   rxcmp/s   txcmp/s  rxmcst/s   %ifutil
19:41:18           lo      0,00      0,00      0,00      0,00      0,00      0,00      0,00      0,00
19:41:18         eno1      5,50      0,50      0,35      0,07      0,00      0,00      1,00      0,00
19:41:18         eno2      0,00      0,00      0,00      0,00      0,00      0,00      0,00      0,00
19:41:18      docker0      0,00      0,00      0,00      0,00      0,00      0,00      0,00      0,00
19:41:18      ens2np0  30347,00  29696,00   7468,21   7308,00      0,00      0,00      0,00      0,61
19:41:18      ens2np1      0,00      0,00      0,00      0,00      0,00      0,00      0,00      0,00

19:41:18        CPU      %usr     %nice      %sys   %iowait    %steal      %irq     %soft    %guest    %gnice     %idle
19:41:20        all      0,00      0,00      0,03      0,00      0,00      0,00      6,25      0,00      0,00     93,72
19:41:20          0      0,00      0,00      0,00      0,00      0,00      0,00    100,00      0,00      0,00      0,00
19:41:20          1      0,00      0,00      0,00      0,00      0,00      0,00      0,00      0,00      0,00    100,00
19:41:20          2      0,00      0,00      0,00      0,00      0,00      0,00      0,00      0,00      0,00    100,00
19:41:20          3      0,00      0,00      0,00      0,00      0,00      0,00      0,00      0,00      0,00    100,00
19:41:20          4      0,00      0,00      0,00      0,00      0,00      0,00      0,00      0,00      0,00    100,00
19:41:20          5      0,00      0,00      0,00      0,00      0,00      0,00      0,00      0,00      0,00    100,00
19:41:20          6      0,00      0,00      0,00      0,00      0,00      0,00      0,00      0,00      0,00    100,00
19:41:20          7      0,00      0,00      0,00      0,00      0,00      0,00      0,00      0,00      0,00    100,00
19:41:20          8      0,00      0,00      0,00      0,00      0,00      0,00      0,00      0,00      0,00    100,00
19:41:20          9      0,00      0,00      0,00      0,00      0,00      0,00      0,00      0,00      0,00    100,00
19:41:20         10      0,00      0,00      0,00      0,00      0,00      0,00      0,00      0,00      0,00    100,00
19:41:20         11      0,00      0,00      0,00      0,00      0,00      0,00      0,00      0,00      0,00    100,00
19:41:20         12      0,00      0,00      0,00      0,00      0,00      0,00      0,00      0,00      0,00    100,00
19:41:20         13      0,00      0,00      0,00      0,00      0,00      0,00      0,00      0,00      0,00    100,00
19:41:20         14      0,00      0,00      0,00      0,00      0,00      0,00      0,00      0,00      0,00    100,00
19:41:20         15      0,00      0,00      0,50      0,00      0,00      0,00      0,00      0,00      0,00     99,50

19:41:18        IFACE   rxpck/s   txpck/s    rxkB/s    txkB/s   rxcmp/s   txcmp/s  rxmcst/s   %ifutil
19:41:20           lo      0,00      0,00      0,00      0,00      0,00      0,00      0,00      0,00
19:41:20         eno1      7,00      0,50      0,50      0,03      0,00      0,00      1,00      0,00
19:41:20         eno2      0,00      0,00      0,00      0,00      0,00      0,00      0,00      0,00
19:41:20      docker0      0,00      0,00      0,00      0,00      0,00      0,00      0,00      0,00
19:41:20      ens2np0  30939,00  30720,00   7613,89   7560,00      0,00      0,00      0,00      0,62
19:41:20      ens2np1      0,00      0,00      0,00      0,00      0,00      0,00      0,00      0,00

19:41:20        CPU      %usr     %nice      %sys   %iowait    %steal      %irq     %soft    %guest    %gnice     %idle
19:41:22        all      0,03      0,00      0,03      0,00      0,00      0,00      6,26      0,00      0,00     93,68
19:41:22          0      0,00      0,00      0,00      0,00      0,00      0,00    100,00      0,00      0,00      0,00
19:41:22          1      0,00      0,00      0,00      0,00      0,00      0,00      0,00      0,00      0,00    100,00
19:41:22          2      0,00      0,00      0,00      0,00      0,00      0,00      0,00      0,00      0,00    100,00
19:41:22          3      0,00      0,00      0,00      0,00      0,00      0,00      0,00      0,00      0,00    100,00
19:41:22          4      0,00      0,00      0,00      0,00      0,00      0,00      0,00      0,00      0,00    100,00
19:41:22          5      0,00      0,00      0,00      0,00      0,00      0,00      0,00      0,00      0,00    100,00
19:41:22          6      0,00      0,00      0,00      0,00      0,00      0,00      0,00      0,00      0,00    100,00
19:41:22          7      0,00      0,00      0,00      0,00      0,00      0,00      0,00      0,00      0,00    100,00
19:41:22          8      0,00      0,00      0,00      0,00      0,00      0,00      0,00      0,00      0,00    100,00
19:41:22          9      0,00      0,00      0,00      0,00      0,00      0,00      0,00      0,00      0,00    100,00
19:41:22         10      0,00      0,00      0,00      0,00      0,00      0,00      0,00      0,00      0,00    100,00
19:41:22         11      0,00      0,00      0,00      0,00      0,00      0,00      0,00      0,00      0,00    100,00
19:41:22         12      0,50      0,00      0,50      0,00      0,00      0,00      0,00      0,00      0,00     99,00
19:41:22         13      0,00      0,00      0,00      0,00      0,00      0,00      0,00      0,00      0,00    100,00
19:41:22         14      0,00      0,00      0,00      0,00      0,00      0,00      0,00      0,00      0,00    100,00
19:41:22         15      0,00      0,00      0,00      0,00      0,00      0,00      0,00      0,00      0,00    100,00

19:41:20        IFACE   rxpck/s   txpck/s    rxkB/s    txkB/s   rxcmp/s   txcmp/s  rxmcst/s   %ifutil
19:41:22           lo      0,00      0,00      0,00      0,00      0,00      0,00      0,00      0,00
19:41:22         eno1      3,50      2,00      0,26      0,18      0,00      0,00      0,50      0,00
19:41:22         eno2      0,00      0,00      0,00      0,00      0,00      0,00      0,00      0,00
19:41:22      docker0      0,00      0,00      0,00      0,00      0,00      0,00      0,00      0,00
19:41:22      ens2np0  30872,00  31744,00   7597,41   7812,00      0,00      0,00      0,00      0,64
19:41:22      ens2np1      0,00      0,00      0,00      0,00      0,00      0,00      0,00      0,00

19:41:22        CPU      %usr     %nice      %sys   %iowait    %steal      %irq     %soft    %guest    %gnice     %idle
19:41:24        all      0,41      0,00      0,09      0,00      0,00      0,00      6,32      0,00      0,00     93,18
19:41:24          0      0,00      0,00      0,00      0,00      0,00      0,00    100,00      0,00      0,00      0,00
19:41:24          1      0,49      0,00      0,49      0,00      0,00      0,00      0,99      0,00      0,00     98,03
19:41:24          2      0,00      0,00      0,00      0,00      0,00      0,00      0,00      0,00      0,00    100,00
19:41:24          3      0,00      0,00      0,00      0,00      0,00      0,00      0,00      0,00      0,00    100,00
19:41:24          4      1,51      0,00      0,00      0,00      0,00      0,00      0,00      0,00      0,00     98,49
19:41:24          5      0,00      0,00      0,00      0,00      0,00      0,00      0,00      0,00      0,00    100,00
19:41:24          6      0,50      0,00      0,00      0,00      0,00      0,00      0,00      0,00      0,00     99,50
19:41:24          7      0,50      0,00      0,00      0,00      0,00      0,00      0,00      0,00      0,00     99,50
19:41:24          8      0,00      0,00      0,00      0,00      0,00      0,00      0,00      0,00      0,00    100,00
19:41:24          9      0,00      0,00      0,00      0,00      0,00      0,00      0,00      0,00      0,00    100,00
19:41:24         10      0,00      0,00      0,00      0,00      0,00      0,00      0,00      0,00      0,00    100,00
19:41:24         11      0,50      0,00      0,00      0,00      0,00      0,00      0,00      0,00      0,00     99,50
19:41:24         12      1,00      0,00      0,50      0,00      0,00      0,00      0,00      0,00      0,00     98,50
19:41:24         13      0,50      0,00      0,00      0,00      0,00      0,00      0,00      0,00      0,00     99,50
19:41:24         14      0,50      0,00      0,00      0,00      0,00      0,00      0,00      0,00      0,00     99,50
19:41:24         15      1,00      0,00      0,50      0,00      0,00      0,00      0,00      0,00      0,00     98,51

19:41:22        IFACE   rxpck/s   txpck/s    rxkB/s    txkB/s   rxcmp/s   txcmp/s  rxmcst/s   %ifutil
19:41:24           lo      0,00      0,00      0,00      0,00      0,00      0,00      0,00      0,00
19:41:24         eno1      8,50      5,50      1,10      1,13      0,00      0,00      1,00      0,00
19:41:24         eno2      0,00      0,00      0,00      0,00      0,00      0,00      0,00      0,00
19:41:24      docker0      0,00      0,00      0,00      0,00      0,00      0,00      0,00      0,00
19:41:24      ens2np0  30337,00  29696,00   7465,75   7308,00      0,00      0,00      0,00      0,61
19:41:24      ens2np1      0,00      0,00      0,00      0,00      0,00      0,00      0,00      0,00

19:41:24        CPU      %usr     %nice      %sys   %iowait    %steal      %irq     %soft    %guest    %gnice     %idle
19:41:26        all      0,00      0,00      0,03      0,00      0,00      0,00      6,22      0,00      0,00     93,75
19:41:26          0      0,00      0,00      0,50      0,00      0,00      0,00     99,50      0,00      0,00      0,00
19:41:26          1      0,00      0,00      0,00      0,00      0,00      0,00      0,00      0,00      0,00    100,00
19:41:26          2      0,00      0,00      0,00      0,00      0,00      0,00      0,00      0,00      0,00    100,00
19:41:26          3      0,00      0,00      0,00      0,00      0,00      0,00      0,00      0,00      0,00    100,00
19:41:26          4      0,00      0,00      0,00      0,00      0,00      0,00      0,00      0,00      0,00    100,00
19:41:26          5      0,00      0,00      0,00      0,00      0,00      0,00      0,00      0,00      0,00    100,00
19:41:26          6      0,00      0,00      0,00      0,00      0,00      0,00      0,00      0,00      0,00    100,00
19:41:26          7      0,00      0,00      0,00      0,00      0,00      0,00      0,00      0,00      0,00    100,00
19:41:26          8      0,00      0,00      0,00      0,00      0,00      0,00      0,00      0,00      0,00    100,00
19:41:26          9      0,00      0,00      0,00      0,00      0,00      0,00      0,00      0,00      0,00    100,00
19:41:26         10      0,00      0,00      0,00      0,00      0,00      0,00      0,00      0,00      0,00    100,00
19:41:26         11      0,00      0,00      0,00      0,00      0,00      0,00      0,00      0,00      0,00    100,00
19:41:26         12      0,00      0,00      0,00      0,00      0,00      0,00      0,00      0,00      0,00    100,00
19:41:26         13      0,00      0,00      0,00      0,00      0,00      0,00      0,00      0,00      0,00    100,00
19:41:26         14      0,00      0,00      0,00      0,00      0,00      0,00      0,00      0,00      0,00    100,00
19:41:26         15      0,00      0,00      0,00      0,00      0,00      0,00      0,00      0,00      0,00    100,00

19:41:24        IFACE   rxpck/s   txpck/s    rxkB/s    txkB/s   rxcmp/s   txcmp/s  rxmcst/s   %ifutil
19:41:26           lo      0,00      0,00      0,00      0,00      0,00      0,00      0,00      0,00
19:41:26         eno1      6,50      0,50      0,47      0,03      0,00      0,00      1,50      0,00
19:41:26         eno2      0,00      0,00      0,00      0,00      0,00      0,00      0,00      0,00
19:41:26      docker0      0,00      0,00      0,00      0,00      0,00      0,00      0,00      0,00
19:41:26      ens2np0  30715,50  30720,00   7558,89   7560,00      0,00      0,00      0,00      0,62
19:41:26      ens2np1      0,00      0,00      0,00      0,00      0,00      0,00      0,00      0,00

19:41:26        CPU      %usr     %nice      %sys   %iowait    %steal      %irq     %soft    %guest    %gnice     %idle
19:41:28        all      0,03      0,00      0,03      0,00      0,00      0,00      6,25      0,00      0,00     93,69
19:41:28          0      0,00      0,00      0,00      0,00      0,00      0,00    100,00      0,00      0,00      0,00
19:41:28          1      0,00      0,00      0,00      0,00      0,00      0,00      0,00      0,00      0,00    100,00
19:41:28          2      0,00      0,00      0,00      0,00      0,00      0,00      0,00      0,00      0,00    100,00
19:41:28          3      0,00      0,00      0,00      0,00      0,00      0,00      0,00      0,00      0,00    100,00
19:41:28          4      0,00      0,00      0,00      0,00      0,00      0,00      0,00      0,00      0,00    100,00
19:41:28          5      0,00      0,00      0,00      0,00      0,00      0,00      0,00      0,00      0,00    100,00
19:41:28          6      0,00      0,00      0,00      0,00      0,00      0,00      0,00      0,00      0,00    100,00
19:41:28          7      0,00      0,00      0,00      0,00      0,00      0,00      0,00      0,00      0,00    100,00
19:41:28          8      0,00      0,00      0,00      0,00      0,00      0,00      0,00      0,00      0,00    100,00
19:41:28          9      0,00      0,00      0,00      0,00      0,00      0,00      0,00      0,00      0,00    100,00
19:41:28         10      0,00      0,00      0,00      0,00      0,00      0,00      0,00      0,00      0,00    100,00
19:41:28         11      0,00      0,00      0,00      0,00      0,00      0,00      0,00      0,00      0,00    100,00
19:41:28         12      0,00      0,00      0,00      0,00      0,00      0,00      0,00      0,00      0,00    100,00
19:41:28         13      0,00      0,00      0,00      0,00      0,00      0,00      0,00      0,00      0,00    100,00
19:41:28         14      0,00      0,00      0,00      0,00      0,00      0,00      0,00      0,00      0,00    100,00
19:41:28         15      0,50      0,00      0,50      0,00      0,00      0,00      0,00      0,00      0,00     99,00

19:41:26        IFACE   rxpck/s   txpck/s    rxkB/s    txkB/s   rxcmp/s   txcmp/s  rxmcst/s   %ifutil
19:41:28           lo      0,00      0,00      0,00      0,00      0,00      0,00      0,00      0,00
19:41:28         eno1      2,50      0,00      0,16      0,00      0,00      0,00      1,00      0,00
19:41:28         eno2      0,00      0,00      0,00      0,00      0,00      0,00      0,00      0,00
19:41:28      docker0      0,00      0,00      0,00      0,00      0,00      0,00      0,00      0,00
19:41:28      ens2np0  30877,00  30720,00   7598,64   7560,00      0,00      0,00      0,00      0,62
19:41:28      ens2np1      0,00      0,00      0,00      0,00      0,00      0,00      0,00      0,00

19:41:28        CPU      %usr     %nice      %sys   %iowait    %steal      %irq     %soft    %guest    %gnice     %idle
19:41:30        all      0,00      0,00      0,00      0,00      0,00      0,00      6,26      0,00      0,00     93,74
19:41:30          0      0,00      0,00      0,00      0,00      0,00      0,00    100,00      0,00      0,00      0,00
19:41:30          1      0,00      0,00      0,00      0,00      0,00      0,00      0,00      0,00      0,00    100,00
19:41:30          2      0,00      0,00      0,00      0,00      0,00      0,00      0,00      0,00      0,00    100,00
19:41:30          3      0,00      0,00      0,00      0,00      0,00      0,00      0,00      0,00      0,00    100,00
19:41:30          4      0,00      0,00      0,00      0,00      0,00      0,00      0,00      0,00      0,00    100,00
19:41:30          5      0,00      0,00      0,00      0,00      0,00      0,00      0,00      0,00      0,00    100,00
19:41:30          6      0,00      0,00      0,00      0,00      0,00      0,00      0,00      0,00      0,00    100,00
19:41:30          7      0,00      0,00      0,00      0,00      0,00      0,00      0,00      0,00      0,00    100,00
19:41:30          8      0,00      0,00      0,00      0,00      0,00      0,00      0,00      0,00      0,00    100,00
19:41:30          9      0,00      0,00      0,00      0,00      0,00      0,00      0,00      0,00      0,00    100,00
19:41:30         10      0,00      0,00      0,00      0,00      0,00      0,00      0,00      0,00      0,00    100,00
19:41:30         11      0,00      0,00      0,00      0,00      0,00      0,00      0,00      0,00      0,00    100,00
19:41:30         12      0,00      0,00      0,00      0,00      0,00      0,00      0,00      0,00      0,00    100,00
19:41:30         13      0,00      0,00      0,00      0,00      0,00      0,00      0,00      0,00      0,00    100,00
19:41:30         14      0,00      0,00      0,00      0,00      0,00      0,00      0,00      0,00      0,00    100,00
19:41:30         15      0,00      0,00      0,00      0,00      0,00      0,00      0,00      0,00      0,00    100,00

19:41:28        IFACE   rxpck/s   txpck/s    rxkB/s    txkB/s   rxcmp/s   txcmp/s  rxmcst/s   %ifutil
19:41:30           lo      0,00      0,00      0,00      0,00      0,00      0,00      0,00      0,00
19:41:30         eno1      5,00      1,00      0,36      0,11      0,00      0,00      1,00      0,00
19:41:30         eno2      0,00      0,00      0,00      0,00      0,00      0,00      0,00      0,00
19:41:30      docker0      0,00      0,00      0,00      0,00      0,00      0,00      0,00      0,00
19:41:30      ens2np0  30726,50  30720,00   7561,60   7560,00      0,00      0,00      0,00      0,62
19:41:30      ens2np1      0,00      0,00      0,00      0,00      0,00      0,00      0,00      0,00

19:41:30        CPU      %usr     %nice      %sys   %iowait    %steal      %irq     %soft    %guest    %gnice     %idle
19:41:32        all      0,03      0,00      0,00      0,00      0,00      0,00      6,25      0,00      0,00     93,72
19:41:32          0      0,00      0,00      0,00      0,00      0,00      0,00    100,00      0,00      0,00      0,00
19:41:32          1      0,00      0,00      0,00      0,00      0,00      0,00      0,00      0,00      0,00    100,00
19:41:32          2      0,00      0,00      0,00      0,00      0,00      0,00      0,00      0,00      0,00    100,00
19:41:32          3      0,00      0,00      0,00      0,00      0,00      0,00      0,00      0,00      0,00    100,00
19:41:32          4      0,00      0,00      0,00      0,00      0,00      0,00      0,00      0,00      0,00    100,00
19:41:32          5      0,00      0,00      0,00      0,00      0,00      0,00      0,00      0,00      0,00    100,00
19:41:32          6      0,00      0,00      0,00      0,00      0,00      0,00      0,00      0,00      0,00    100,00
19:41:32          7      0,00      0,00      0,00      0,00      0,00      0,00      0,00      0,00      0,00    100,00
19:41:32          8      0,00      0,00      0,00      0,00      0,00      0,00      0,00      0,00      0,00    100,00
19:41:32          9      0,00      0,00      0,00      0,00      0,00      0,00      0,00      0,00      0,00    100,00
19:41:32         10      0,00      0,00      0,00      0,00      0,00      0,00      0,00      0,00      0,00    100,00
19:41:32         11      0,00      0,00      0,00      0,00      0,00      0,00      0,00      0,00      0,00    100,00
19:41:32         12      0,00      0,00      0,00      0,00      0,00      0,00      0,00      0,00      0,00    100,00
19:41:32         13      0,00      0,00      0,00      0,00      0,00      0,00      0,00      0,00      0,00    100,00
19:41:32         14      0,00      0,00      0,00      0,00      0,00      0,00      0,00      0,00      0,00    100,00
19:41:32         15      0,50      0,00      0,00      0,00      0,00      0,00      0,00      0,00      0,00     99,50

19:41:30        IFACE   rxpck/s   txpck/s    rxkB/s    txkB/s   rxcmp/s   txcmp/s  rxmcst/s   %ifutil
19:41:32           lo      0,00      0,00      0,00      0,00      0,00      0,00      0,00      0,00
19:41:32         eno1      3,50      1,00      0,28      0,11      0,00      0,00      1,50      0,00
19:41:32         eno2      0,00      0,00      0,00      0,00      0,00      0,00      0,00      0,00
19:41:32      docker0      0,00      0,00      0,00      0,00      0,00      0,00      0,00      0,00
19:41:32      ens2np0  31650,00  31744,00   7788,87   7812,00      0,00      0,00      0,00      0,64
19:41:32      ens2np1      0,00      0,00      0,00      0,00      0,00      0,00      0,00      0,00

Average:        CPU      %usr     %nice      %sys   %iowait    %steal      %irq     %soft    %guest    %gnice     %idle
Average:        all      0,10      0,00      0,05      0,00      0,00      0,00      5,65      0,00      0,00     94,20
Average:          0      0,02      0,00      0,02      0,00      0,00      0,00     90,38      0,00      0,00      9,58
Average:          1      0,04      0,00      0,04      0,00      0,00      0,00      0,06      0,00      0,00     99,86
Average:          2      0,04      0,00      0,02      0,00      0,00      0,00      0,00      0,00      0,00     99,94
Average:          3      0,02      0,00      0,04      0,00      0,00      0,00      0,00      0,00      0,00     99,94
Average:          4      0,14      0,00      0,04      0,00      0,00      0,00      0,00      0,00      0,00     99,82
Average:          5      0,04      0,00      0,04      0,00      0,00      0,00      0,00      0,00      0,00     99,92
Average:          6      0,10      0,00      0,02      0,00      0,00      0,00      0,00      0,00      0,00     99,88
Average:          7      0,20      0,00      0,04      0,00      0,00      0,00      0,00      0,00      0,00     99,76
Average:          8      0,04      0,00      0,02      0,00      0,00      0,00      0,00      0,00      0,00     99,94
Average:          9      0,06      0,00      0,04      0,00      0,00      0,00      0,00      0,00      0,00     99,90
Average:         10      0,04      0,00      0,00      0,00      0,00      0,00      0,00      0,00      0,00     99,96
Average:         11      0,16      0,00      0,04      0,00      0,00      0,00      0,00      0,00      0,00     99,80
Average:         12      0,30      0,00      0,16      0,00      0,00      0,00      0,00      0,00      0,00     99,54
Average:         13      0,10      0,00      0,04      0,00      0,00      0,00      0,00      0,00      0,00     99,86
Average:         14      0,12      0,00      0,04      0,02      0,00      0,00      0,00      0,00      0,00     99,82
Average:         15      0,16      0,00      0,20      0,00      0,00      0,00      0,00      0,00      0,00     99,64

Average:        IFACE   rxpck/s   txpck/s    rxkB/s    txkB/s   rxcmp/s   txcmp/s  rxmcst/s   %ifutil
Average:           lo      0,00      0,00      0,00      0,00      0,00      0,00      0,00      0,00
Average:         eno1      6,08      2,42      0,61      0,39      0,00      0,00      1,08      0,00
Average:         eno2      0,00      0,00      0,00      0,00      0,00      0,00      0,00      0,00
Average:      docker0      0,00      0,00      0,00      0,00      0,00      0,00      0,00      0,00
Average:      ens2np0  27926,06  27852,80   6872,43   6854,40      0,00      0,00      0,00      0,56
Average:      ens2np1      0,00      0,00      0,00      0,00      0,00      0,00      0,00      0,00
