Linux 5.13.0-52-generic (w1) 	15/07/2022 	_x86_64_	(16 CPU)

23:44:58        CPU      %usr     %nice      %sys   %iowait    %steal      %irq     %soft    %guest    %gnice     %idle
23:45:00        all      0,09      0,00      0,06      0,00      0,00      0,00      0,00      0,00      0,00     99,84
23:45:00          0      0,00      0,00      0,00      0,00      0,00      0,00      0,00      0,00      0,00    100,00
23:45:00          1      0,00      0,00      0,00      0,00      0,00      0,00      0,00      0,00      0,00    100,00
23:45:00          2      0,00      0,00      0,00      0,00      0,00      0,00      0,00      0,00      0,00    100,00
23:45:00          3      0,00      0,00      0,00      0,00      0,00      0,00      0,00      0,00      0,00    100,00
23:45:00          4      0,50      0,00      0,00      0,00      0,00      0,00      0,00      0,00      0,00     99,50
23:45:00          5      0,00      0,00      0,00      0,00      0,00      0,00      0,00      0,00      0,00    100,00
23:45:00          6      0,00      0,00      0,00      0,00      0,00      0,00      0,00      0,00      0,00    100,00
23:45:00          7      0,00      0,00      0,00      0,00      0,00      0,00      0,00      0,00      0,00    100,00
23:45:00          8      0,00      0,00      0,00      0,00      0,00      0,00      0,00      0,00      0,00    100,00
23:45:00          9      0,00      0,00      0,00      0,00      0,00      0,00      0,00      0,00      0,00    100,00
23:45:00         10      0,50      0,00      0,00      0,00      0,00      0,00      0,00      0,00      0,00     99,50
23:45:00         11      0,00      0,00      0,00      0,00      0,00      0,00      0,00      0,00      0,00    100,00
23:45:00         12      0,00      0,00      0,50      0,00      0,00      0,00      0,00      0,00      0,00     99,50
23:45:00         13      0,00      0,00      0,50      0,00      0,00      0,00      0,00      0,00      0,00     99,50
23:45:00         14      0,00      0,00      0,00      0,00      0,00      0,00      0,00      0,00      0,00    100,00
23:45:00         15      0,50      0,00      0,00      0,00      0,00      0,00      0,00      0,00      0,00     99,50

23:44:58        IFACE   rxpck/s   txpck/s    rxkB/s    txkB/s   rxcmp/s   txcmp/s  rxmcst/s   %ifutil
23:45:00           lo      0,00      0,00      0,00      0,00      0,00      0,00      0,00      0,00
23:45:00         eno1     17,50     16,50      3,42      3,22      0,00      0,00      1,00      0,00
23:45:00         eno2      0,00      0,00      0,00      0,00      0,00      0,00      0,00      0,00
23:45:00      docker0      0,00      0,00      0,00      0,00      0,00      0,00      0,00      0,00
23:45:00      ens2np0      0,00      0,00      0,00      0,00      0,00      0,00      0,00      0,00
23:45:00      ens2np1      0,00      0,00      0,00      0,00      0,00      0,00      0,00      0,00

23:45:00        CPU      %usr     %nice      %sys   %iowait    %steal      %irq     %soft    %guest    %gnice     %idle
23:45:02        all      0,00      0,00      0,06      0,00      0,00      0,00      0,00      0,00      0,00     99,94
23:45:02          0      0,00      0,00      0,00      0,00      0,00      0,00      0,00      0,00      0,00    100,00
23:45:02          1      0,00      0,00      0,00      0,00      0,00      0,00      0,00      0,00      0,00    100,00
23:45:02          2      0,00      0,00      0,00      0,00      0,00      0,00      0,00      0,00      0,00    100,00
23:45:02          3      0,00      0,00      0,00      0,00      0,00      0,00      0,00      0,00      0,00    100,00
23:45:02          4      0,00      0,00      0,50      0,00      0,00      0,00      0,00      0,00      0,00     99,50
23:45:02          5      0,00      0,00      0,00      0,00      0,00      0,00      0,00      0,00      0,00    100,00
23:45:02          6      0,00      0,00      0,50      0,00      0,00      0,00      0,00      0,00      0,00     99,50
23:45:02          7      0,00      0,00      0,00      0,00      0,00      0,00      0,00      0,00      0,00    100,00
23:45:02          8      0,00      0,00      0,00      0,00      0,00      0,00      0,00      0,00      0,00    100,00
23:45:02          9      0,00      0,00      0,00      0,00      0,00      0,00      0,00      0,00      0,00    100,00
23:45:02         10      0,00      0,00      0,00      0,00      0,00      0,00      0,00      0,00      0,00    100,00
23:45:02         11      0,00      0,00      0,00      0,00      0,00      0,00      0,00      0,00      0,00    100,00
23:45:02         12      0,00      0,00      0,00      0,00      0,00      0,00      0,00      0,00      0,00    100,00
23:45:02         13      0,00      0,00      0,00      0,00      0,00      0,00      0,00      0,00      0,00    100,00
23:45:02         14      0,00      0,00      0,00      0,00      0,00      0,00      0,00      0,00      0,00    100,00
23:45:02         15      0,00      0,00      0,00      0,00      0,00      0,00      0,00      0,00      0,00    100,00

23:45:00        IFACE   rxpck/s   txpck/s    rxkB/s    txkB/s   rxcmp/s   txcmp/s  rxmcst/s   %ifutil
23:45:02           lo      0,00      0,00      0,00      0,00      0,00      0,00      0,00      0,00
23:45:02         eno1      5,00      0,00      0,31      0,00      0,00      0,00      1,00      0,00
23:45:02         eno2      0,00      0,00      0,00      0,00      0,00      0,00      0,00      0,00
23:45:02      docker0      0,00      0,00      0,00      0,00      0,00      0,00      0,00      0,00
23:45:02      ens2np0      0,00      0,00      0,00      0,00      0,00      0,00      0,00      0,00
23:45:02      ens2np1      0,00      0,00      0,00      0,00      0,00      0,00      0,00      0,00

23:45:02        CPU      %usr     %nice      %sys   %iowait    %steal      %irq     %soft    %guest    %gnice     %idle
23:45:04        all      0,00      0,00      0,00      0,00      0,00      0,00      0,00      0,00      0,00    100,00
23:45:04          0      0,00      0,00      0,00      0,00      0,00      0,00      0,00      0,00      0,00    100,00
23:45:04          1      0,00      0,00      0,00      0,00      0,00      0,00      0,00      0,00      0,00    100,00
23:45:04          2      0,00      0,00      0,00      0,00      0,00      0,00      0,00      0,00      0,00    100,00
23:45:04          3      0,00      0,00      0,00      0,00      0,00      0,00      0,00      0,00      0,00    100,00
23:45:04          4      0,00      0,00      0,00      0,00      0,00      0,00      0,00      0,00      0,00    100,00
23:45:04          5      0,00      0,00      0,00      0,00      0,00      0,00      0,00      0,00      0,00    100,00
23:45:04          6      0,00      0,00      0,00      0,00      0,00      0,00      0,00      0,00      0,00    100,00
23:45:04          7      0,00      0,00      0,00      0,00      0,00      0,00      0,00      0,00      0,00    100,00
23:45:04          8      0,00      0,00      0,00      0,00      0,00      0,00      0,00      0,00      0,00    100,00
23:45:04          9      0,00      0,00      0,00      0,00      0,00      0,00      0,00      0,00      0,00    100,00
23:45:04         10      0,00      0,00      0,00      0,00      0,00      0,00      0,00      0,00      0,00    100,00
23:45:04         11      0,00      0,00      0,00      0,00      0,00      0,00      0,00      0,00      0,00    100,00
23:45:04         12      0,00      0,00      0,00      0,00      0,00      0,00      0,00      0,00      0,00    100,00
23:45:04         13      0,00      0,00      0,00      0,00      0,00      0,00      0,00      0,00      0,00    100,00
23:45:04         14      0,00      0,00      0,00      0,00      0,00      0,00      0,00      0,00      0,00    100,00
23:45:04         15      0,00      0,00      0,00      0,00      0,00      0,00      0,00      0,00      0,00    100,00

23:45:02        IFACE   rxpck/s   txpck/s    rxkB/s    txkB/s   rxcmp/s   txcmp/s  rxmcst/s   %ifutil
23:45:04           lo      0,00      0,00      0,00      0,00      0,00      0,00      0,00      0,00
23:45:04         eno1      3,50      0,00      0,22      0,00      0,00      0,00      1,00      0,00
23:45:04         eno2      0,00      0,00      0,00      0,00      0,00      0,00      0,00      0,00
23:45:04      docker0      0,00      0,00      0,00      0,00      0,00      0,00      0,00      0,00
23:45:04      ens2np0      0,00      0,00      0,00      0,00      0,00      0,00      0,00      0,00
23:45:04      ens2np1      0,00      0,00      0,00      0,00      0,00      0,00      0,00      0,00

23:45:04        CPU      %usr     %nice      %sys   %iowait    %steal      %irq     %soft    %guest    %gnice     %idle
23:45:06        all      0,09      0,00      0,03      0,00      0,00      0,00      0,00      0,00      0,00     99,88
23:45:06          0      0,00      0,00      0,00      0,00      0,00      0,00      0,00      0,00      0,00    100,00
23:45:06          1      0,00      0,00      0,00      0,00      0,00      0,00      0,00      0,00      0,00    100,00
23:45:06          2      0,00      0,00      0,00      0,00      0,00      0,00      0,00      0,00      0,00    100,00
23:45:06          3      0,00      0,00      0,00      0,00      0,00      0,00      0,00      0,00      0,00    100,00
23:45:06          4      0,50      0,00      0,00      0,00      0,00      0,00      0,00      0,00      0,00     99,50
23:45:06          5      0,00      0,00      0,00      0,00      0,00      0,00      0,00      0,00      0,00    100,00
23:45:06          6      0,00      0,00      0,00      0,00      0,00      0,00      0,00      0,00      0,00    100,00
23:45:06          7      0,99      0,00      0,50      0,00      0,00      0,00      0,00      0,00      0,00     98,51
23:45:06          8      0,00      0,00      0,00      0,00      0,00      0,00      0,00      0,00      0,00    100,00
23:45:06          9      0,00      0,00      0,00      0,00      0,00      0,00      0,00      0,00      0,00    100,00
23:45:06         10      0,00      0,00      0,00      0,00      0,00      0,00      0,00      0,00      0,00    100,00
23:45:06         11      0,00      0,00      0,00      0,00      0,00      0,00      0,00      0,00      0,00    100,00
23:45:06         12      0,00      0,00      0,00      0,00      0,00      0,00      0,00      0,00      0,00    100,00
23:45:06         13      0,00      0,00      0,00      0,00      0,00      0,00      0,00      0,00      0,00    100,00
23:45:06         14      0,00      0,00      0,00      0,00      0,00      0,00      0,00      0,00      0,00    100,00
23:45:06         15      0,00      0,00      0,00      0,00      0,00      0,00      0,00      0,00      0,00    100,00

23:45:04        IFACE   rxpck/s   txpck/s    rxkB/s    txkB/s   rxcmp/s   txcmp/s  rxmcst/s   %ifutil
23:45:06           lo      0,00      0,00      0,00      0,00      0,00      0,00      0,00      0,00
23:45:06         eno1      9,50      1,50      0,61      0,12      0,00      0,00      1,00      0,00
23:45:06         eno2      0,00      0,00      0,00      0,00      0,00      0,00      0,00      0,00
23:45:06      docker0      0,00      0,00      0,00      0,00      0,00      0,00      0,00      0,00
23:45:06      ens2np0      0,00      0,00      0,00      0,00      0,00      0,00      0,00      0,00
23:45:06      ens2np1      0,00      0,00      0,00      0,00      0,00      0,00      0,00      0,00

23:45:06        CPU      %usr     %nice      %sys   %iowait    %steal      %irq     %soft    %guest    %gnice     %idle
23:45:08        all      0,53      0,00      0,19      0,00      0,00      0,00      0,00      0,00      0,00     99,28
23:45:08          0      0,50      0,00      0,50      0,00      0,00      0,00      0,00      0,00      0,00     98,99
23:45:08          1      0,50      0,00      0,00      0,00      0,00      0,00      0,00      0,00      0,00     99,50
23:45:08          2      0,50      0,00      0,00      0,00      0,00      0,00      0,00      0,00      0,00     99,50
23:45:08          3      0,99      0,00      0,50      0,00      0,00      0,00      0,00      0,00      0,00     98,51
23:45:08          4      0,50      0,00      0,50      0,00      0,00      0,00      0,00      0,00      0,00     99,00
23:45:08          5      0,50      0,00      0,00      0,00      0,00      0,00      0,00      0,00      0,00     99,50
23:45:08          6      0,00      0,00      0,00      0,00      0,00      0,00      0,00      0,00      0,00    100,00
23:45:08          7      0,50      0,00      0,00      0,00      0,00      0,00      0,00      0,00      0,00     99,50
23:45:08          8      1,00      0,00      0,50      0,00      0,00      0,00      0,00      0,00      0,00     98,51
23:45:08          9      0,50      0,00      0,50      0,00      0,00      0,00      0,00      0,00      0,00     99,00
23:45:08         10      0,50      0,00      0,00      0,00      0,00      0,00      0,00      0,00      0,00     99,50
23:45:08         11      0,50      0,00      0,00      0,00      0,00      0,00      0,00      0,00      0,00     99,50
23:45:08         12      0,50      0,00      0,00      0,00      0,00      0,00      0,00      0,00      0,00     99,50
23:45:08         13      0,00      0,00      0,00      0,00      0,00      0,00      0,00      0,00      0,00    100,00
23:45:08         14      0,50      0,00      0,00      0,00      0,00      0,00      0,00      0,00      0,00     99,50
23:45:08         15      1,00      0,00      0,50      0,00      0,00      0,00      0,00      0,00      0,00     98,51

23:45:06        IFACE   rxpck/s   txpck/s    rxkB/s    txkB/s   rxcmp/s   txcmp/s  rxmcst/s   %ifutil
23:45:08           lo      0,00      0,00      0,00      0,00      0,00      0,00      0,00      0,00
23:45:08         eno1     13,00      4,00      1,26      1,33      0,00      0,00      1,50      0,00
23:45:08         eno2      0,00      0,00      0,00      0,00      0,00      0,00      0,00      0,00
23:45:08      docker0      0,00      0,00      0,00      0,00      0,00      0,00      0,00      0,00
23:45:08      ens2np0      0,00      0,00      0,00      0,00      0,00      0,00      0,00      0,00
23:45:08      ens2np1      0,00      0,00      0,00      0,00      0,00      0,00      0,00      0,00

23:45:08        CPU      %usr     %nice      %sys   %iowait    %steal      %irq     %soft    %guest    %gnice     %idle
23:45:10        all      0,09      0,00      0,06      0,00      0,00      0,00     14,80      0,00      0,00     85,05
23:45:10          0      0,00      0,00      0,00      0,00      0,00      0,00     59,30      0,00      0,00     40,70
23:45:10          1      0,00      0,00      0,00      0,00      0,00      0,00     59,30      0,00      0,00     40,70
23:45:10          2      0,00      0,00      0,00      0,00      0,00      0,00     59,30      0,00      0,00     40,70
23:45:10          3      0,00      0,00      0,00      0,00      0,00      0,00     59,50      0,00      0,00     40,50
23:45:10          4      0,50      0,00      0,00      0,00      0,00      0,00      0,00      0,00      0,00     99,50
23:45:10          5      0,00      0,00      0,00      0,00      0,00      0,00      0,00      0,00      0,00    100,00
23:45:10          6      0,00      0,00      0,50      0,00      0,00      0,00      0,00      0,00      0,00     99,50
23:45:10          7      0,00      0,00      0,00      0,00      0,00      0,00      0,00      0,00      0,00    100,00
23:45:10          8      0,00      0,00      0,00      0,00      0,00      0,00      0,00      0,00      0,00    100,00
23:45:10          9      0,00      0,00      0,00      0,00      0,00      0,00      0,00      0,00      0,00    100,00
23:45:10         10      0,00      0,00      0,00      0,00      0,00      0,00      0,00      0,00      0,00    100,00
23:45:10         11      0,00      0,00      0,00      0,00      0,00      0,00      0,00      0,00      0,00    100,00
23:45:10         12      0,00      0,00      0,00      0,00      0,00      0,00      0,00      0,00      0,00    100,00
23:45:10         13      0,00      0,00      0,00      0,00      0,00      0,00      0,00      0,00      0,00    100,00
23:45:10         14      0,00      0,00      0,50      0,00      0,00      0,00      0,00      0,00      0,00     99,50
23:45:10         15      1,00      0,00      0,00      0,00      0,00      0,00      0,00      0,00      0,00     99,00

23:45:08        IFACE   rxpck/s   txpck/s    rxkB/s    txkB/s   rxcmp/s   txcmp/s  rxmcst/s   %ifutil
23:45:10           lo      0,00      0,00      0,00      0,00      0,00      0,00      0,00      0,00
23:45:10         eno1     10,00      1,50      0,76      0,13      0,00      0,00      1,50      0,00
23:45:10         eno2      0,00      0,00      0,00      0,00      0,00      0,00      0,00      0,00
23:45:10      docker0      0,00      0,00      0,00      0,00      0,00      0,00      0,00      0,00
23:45:10      ens2np0 671116,50 671059,50 668494,95 668438,17      0,00      0,00      0,00     54,76
23:45:10      ens2np1      0,00      0,00      0,00      0,00      0,00      0,00      0,00      0,00

23:45:10        CPU      %usr     %nice      %sys   %iowait    %steal      %irq     %soft    %guest    %gnice     %idle
23:45:12        all      0,00      0,00      0,00      0,00      0,00      0,00     25,00      0,00      0,00     75,00
23:45:12          0      0,00      0,00      0,00      0,00      0,00      0,00    100,00      0,00      0,00      0,00
23:45:12          1      0,00      0,00      0,00      0,00      0,00      0,00    100,00      0,00      0,00      0,00
23:45:12          2      0,00      0,00      0,00      0,00      0,00      0,00    100,00      0,00      0,00      0,00
23:45:12          3      0,00      0,00      0,00      0,00      0,00      0,00    100,00      0,00      0,00      0,00
23:45:12          4      0,00      0,00      0,00      0,00      0,00      0,00      0,00      0,00      0,00    100,00
23:45:12          5      0,00      0,00      0,00      0,00      0,00      0,00      0,00      0,00      0,00    100,00
23:45:12          6      0,00      0,00      0,00      0,00      0,00      0,00      0,00      0,00      0,00    100,00
23:45:12          7      0,00      0,00      0,00      0,00      0,00      0,00      0,00      0,00      0,00    100,00
23:45:12          8      0,00      0,00      0,00      0,00      0,00      0,00      0,00      0,00      0,00    100,00
23:45:12          9      0,00      0,00      0,00      0,00      0,00      0,00      0,00      0,00      0,00    100,00
23:45:12         10      0,00      0,00      0,00      0,00      0,00      0,00      0,00      0,00      0,00    100,00
23:45:12         11      0,00      0,00      0,00      0,00      0,00      0,00      0,00      0,00      0,00    100,00
23:45:12         12      0,00      0,00      0,00      0,00      0,00      0,00      0,00      0,00      0,00    100,00
23:45:12         13      0,00      0,00      0,00      0,00      0,00      0,00      0,00      0,00      0,00    100,00
23:45:12         14      0,00      0,00      0,00      0,00      0,00      0,00      0,00      0,00      0,00    100,00
23:45:12         15      0,00      0,00      0,00      0,00      0,00      0,00      0,00      0,00      0,00    100,00

23:45:10        IFACE   rxpck/s   txpck/s    rxkB/s    txkB/s   rxcmp/s   txcmp/s  rxmcst/s   %ifutil
23:45:12           lo      0,00      0,00      0,00      0,00      0,00      0,00      0,00      0,00
23:45:12         eno1      5,00      0,00      0,32      0,00      0,00      0,00      1,50      0,00
23:45:12         eno2      0,00      0,00      0,00      0,00      0,00      0,00      0,00      0,00
23:45:12      docker0      0,00      0,00      0,00      0,00      0,00      0,00      0,00      0,00
23:45:12      ens2np0 1145231,50 1145186,50 1140757,94 1140713,12      0,00      0,00      0,00     93,45
23:45:12      ens2np1      0,00      0,00      0,00      0,00      0,00      0,00      0,00      0,00

23:45:12        CPU      %usr     %nice      %sys   %iowait    %steal      %irq     %soft    %guest    %gnice     %idle
23:45:14        all      0,03      0,00      0,06      0,00      0,00      0,00     24,99      0,00      0,00     74,91
23:45:14          0      0,00      0,00      0,00      0,00      0,00      0,00    100,00      0,00      0,00      0,00
23:45:14          1      0,00      0,00      0,00      0,00      0,00      0,00    100,00      0,00      0,00      0,00
23:45:14          2      0,00      0,00      0,00      0,00      0,00      0,00    100,00      0,00      0,00      0,00
23:45:14          3      0,00      0,00      0,00      0,00      0,00      0,00    100,00      0,00      0,00      0,00
23:45:14          4      0,00      0,00      0,00      0,00      0,00      0,00      0,00      0,00      0,00    100,00
23:45:14          5      0,00      0,00      0,50      0,00      0,00      0,00      0,00      0,00      0,00     99,50
23:45:14          6      0,50      0,00      0,00      0,00      0,00      0,00      0,00      0,00      0,00     99,50
23:45:14          7      0,00      0,00      0,50      0,00      0,00      0,00      0,00      0,00      0,00     99,50
23:45:14          8      0,00      0,00      0,00      0,00      0,00      0,00      0,00      0,00      0,00    100,00
23:45:14          9      0,00      0,00      0,00      0,00      0,00      0,00      0,00      0,00      0,00    100,00
23:45:14         10      0,00      0,00      0,00      0,00      0,00      0,00      0,00      0,00      0,00    100,00
23:45:14         11      0,00      0,00      0,00      0,00      0,00      0,00      0,00      0,00      0,00    100,00
23:45:14         12      0,00      0,00      0,00      0,00      0,00      0,00      0,00      0,00      0,00    100,00
23:45:14         13      0,00      0,00      0,00      0,00      0,00      0,00      0,00      0,00      0,00    100,00
23:45:14         14      0,00      0,00      0,00      0,00      0,00      0,00      0,00      0,00      0,00    100,00
23:45:14         15      0,00      0,00      0,00      0,00      0,00      0,00      0,00      0,00      0,00    100,00

23:45:12        IFACE   rxpck/s   txpck/s    rxkB/s    txkB/s   rxcmp/s   txcmp/s  rxmcst/s   %ifutil
23:45:14           lo      0,00      0,00      0,00      0,00      0,00      0,00      0,00      0,00
23:45:14         eno1      9,50      1,00      0,60      0,10      0,00      0,00      1,00      0,00
23:45:14         eno2      0,00      0,00      0,00      0,00      0,00      0,00      0,00      0,00
23:45:14      docker0      0,00      0,00      0,00      0,00      0,00      0,00      0,00      0,00
23:45:14      ens2np0 1145180,00 1145184,00 1140706,64 1140710,62      0,00      0,00      0,00     93,45
23:45:14      ens2np1      0,00      0,00      0,00      0,00      0,00      0,00      0,00      0,00

23:45:14        CPU      %usr     %nice      %sys   %iowait    %steal      %irq     %soft    %guest    %gnice     %idle
23:45:16        all      0,00      0,00      0,00      0,00      0,00      0,00     25,02      0,00      0,00     74,98
23:45:16          0      0,00      0,00      0,00      0,00      0,00      0,00    100,00      0,00      0,00      0,00
23:45:16          1      0,00      0,00      0,00      0,00      0,00      0,00    100,00      0,00      0,00      0,00
23:45:16          2      0,00      0,00      0,00      0,00      0,00      0,00    100,00      0,00      0,00      0,00
23:45:16          3      0,00      0,00      0,00      0,00      0,00      0,00    100,00      0,00      0,00      0,00
23:45:16          4      0,00      0,00      0,00      0,00      0,00      0,00      0,00      0,00      0,00    100,00
23:45:16          5      0,00      0,00      0,00      0,00      0,00      0,00      0,00      0,00      0,00    100,00
23:45:16          6      0,00      0,00      0,00      0,00      0,00      0,00      0,00      0,00      0,00    100,00
23:45:16          7      0,00      0,00      0,00      0,00      0,00      0,00      0,00      0,00      0,00    100,00
23:45:16          8      0,00      0,00      0,00      0,00      0,00      0,00      0,00      0,00      0,00    100,00
23:45:16          9      0,00      0,00      0,00      0,00      0,00      0,00      0,00      0,00      0,00    100,00
23:45:16         10      0,00      0,00      0,00      0,00      0,00      0,00      0,00      0,00      0,00    100,00
23:45:16         11      0,00      0,00      0,00      0,00      0,00      0,00      0,00      0,00      0,00    100,00
23:45:16         12      0,00      0,00      0,00      0,00      0,00      0,00      0,00      0,00      0,00    100,00
23:45:16         13      0,00      0,00      0,00      0,00      0,00      0,00      0,00      0,00      0,00    100,00
23:45:16         14      0,00      0,00      0,00      0,00      0,00      0,00      0,00      0,00      0,00    100,00
23:45:16         15      0,00      0,00      0,00      0,00      0,00      0,00      0,00      0,00      0,00    100,00

23:45:14        IFACE   rxpck/s   txpck/s    rxkB/s    txkB/s   rxcmp/s   txcmp/s  rxmcst/s   %ifutil
23:45:16           lo      0,00      0,00      0,00      0,00      0,00      0,00      0,00      0,00
23:45:16         eno1      5,00      0,00      0,32      0,00      0,00      0,00      1,50      0,00
23:45:16         eno2      0,00      0,00      0,00      0,00      0,00      0,00      0,00      0,00
23:45:16      docker0      0,00      0,00      0,00      0,00      0,00      0,00      0,00      0,00
23:45:16      ens2np0 1144897,50 1144895,50 1140425,24 1140423,25      0,00      0,00      0,00     93,42
23:45:16      ens2np1      0,00      0,00      0,00      0,00      0,00      0,00      0,00      0,00

23:45:16        CPU      %usr     %nice      %sys   %iowait    %steal      %irq     %soft    %guest    %gnice     %idle
23:45:18        all      0,28      0,00      0,13      0,00      0,00      0,00     25,04      0,00      0,00     74,55
23:45:18          0      0,00      0,00      0,00      0,00      0,00      0,00    100,00      0,00      0,00      0,00
23:45:18          1      0,00      0,00      0,00      0,00      0,00      0,00    100,00      0,00      0,00      0,00
23:45:18          2      0,00      0,00      0,00      0,00      0,00      0,00    100,00      0,00      0,00      0,00
23:45:18          3      0,00      0,00      0,00      0,00      0,00      0,00    100,00      0,00      0,00      0,00
23:45:18          4      0,00      0,00      0,00      0,00      0,00      0,00      0,00      0,00      0,00    100,00
23:45:18          5      0,00      0,00      0,00      0,00      0,00      0,00      0,00      0,00      0,00    100,00
23:45:18          6      0,00      0,00      0,50      0,00      0,00      0,00      0,00      0,00      0,00     99,50
23:45:18          7      1,00      0,00      0,50      0,00      0,00      0,00      0,00      0,00      0,00     98,50
23:45:18          8      0,00      0,00      0,00      0,00      0,00      0,00      0,00      0,00      0,00    100,00
23:45:18          9      0,00      0,00      0,00      0,00      0,00      0,00      0,00      0,00      0,00    100,00
23:45:18         10      0,50      0,00      0,00      0,00      0,00      0,00      0,00      0,00      0,00     99,50
23:45:18         11      0,00      0,00      0,00      0,00      0,00      0,00      0,00      0,00      0,00    100,00
23:45:18         12      1,50      0,00      0,50      0,00      0,00      0,00      0,00      0,00      0,00     98,00
23:45:18         13      0,50      0,00      0,00      0,00      0,00      0,00      0,00      0,00      0,00     99,50
23:45:18         14      0,50      0,00      0,00      0,00      0,00      0,00      0,00      0,00      0,00     99,50
23:45:18         15      0,50      0,00      0,50      0,00      0,00      0,00      0,00      0,00      0,00     99,00

23:45:16        IFACE   rxpck/s   txpck/s    rxkB/s    txkB/s   rxcmp/s   txcmp/s  rxmcst/s   %ifutil
23:45:18           lo      0,00      0,00      0,00      0,00      0,00      0,00      0,00      0,00
23:45:18         eno1      7,50      0,00      0,47      0,00      0,00      0,00      1,00      0,00
23:45:18         eno2      0,00      0,00      0,00      0,00      0,00      0,00      0,00      0,00
23:45:18      docker0      0,00      0,00      0,00      0,00      0,00      0,00      0,00      0,00
23:45:18      ens2np0 1143123,50 1143134,50 1138658,17 1138669,13      0,00      0,00      0,00     93,28
23:45:18      ens2np1      0,00      0,00      0,00      0,00      0,00      0,00      0,00      0,00

23:45:18        CPU      %usr     %nice      %sys   %iowait    %steal      %irq     %soft    %guest    %gnice     %idle
23:45:20        all      0,00      0,00      0,00      0,00      0,00      0,00     25,01      0,00      0,00     74,99
23:45:20          0      0,00      0,00      0,00      0,00      0,00      0,00    100,00      0,00      0,00      0,00
23:45:20          1      0,00      0,00      0,00      0,00      0,00      0,00    100,00      0,00      0,00      0,00
23:45:20          2      0,00      0,00      0,00      0,00      0,00      0,00    100,00      0,00      0,00      0,00
23:45:20          3      0,00      0,00      0,00      0,00      0,00      0,00    100,00      0,00      0,00      0,00
23:45:20          4      0,00      0,00      0,00      0,00      0,00      0,00      0,00      0,00      0,00    100,00
23:45:20          5      0,00      0,00      0,00      0,00      0,00      0,00      0,00      0,00      0,00    100,00
23:45:20          6      0,00      0,00      0,00      0,00      0,00      0,00      0,00      0,00      0,00    100,00
23:45:20          7      0,00      0,00      0,00      0,00      0,00      0,00      0,00      0,00      0,00    100,00
23:45:20          8      0,00      0,00      0,00      0,00      0,00      0,00      0,00      0,00      0,00    100,00
23:45:20          9      0,00      0,00      0,00      0,00      0,00      0,00      0,00      0,00      0,00    100,00
23:45:20         10      0,00      0,00      0,00      0,00      0,00      0,00      0,00      0,00      0,00    100,00
23:45:20         11      0,00      0,00      0,00      0,00      0,00      0,00      0,00      0,00      0,00    100,00
23:45:20         12      0,00      0,00      0,00      0,00      0,00      0,00      0,00      0,00      0,00    100,00
23:45:20         13      0,00      0,00      0,00      0,00      0,00      0,00      0,00      0,00      0,00    100,00
23:45:20         14      0,00      0,00      0,00      0,00      0,00      0,00      0,00      0,00      0,00    100,00
23:45:20         15      0,00      0,00      0,00      0,00      0,00      0,00      0,00      0,00      0,00    100,00

23:45:18        IFACE   rxpck/s   txpck/s    rxkB/s    txkB/s   rxcmp/s   txcmp/s  rxmcst/s   %ifutil
23:45:20           lo      0,00      0,00      0,00      0,00      0,00      0,00      0,00      0,00
23:45:20         eno1      3,50      0,00      0,22      0,00      0,00      0,00      1,00      0,00
23:45:20         eno2      0,00      0,00      0,00      0,00      0,00      0,00      0,00      0,00
23:45:20      docker0      0,00      0,00      0,00      0,00      0,00      0,00      0,00      0,00
23:45:20      ens2np0 1144851,00 1144865,00 1140378,93 1140392,87      0,00      0,00      0,00     93,42
23:45:20      ens2np1      0,00      0,00      0,00      0,00      0,00      0,00      0,00      0,00

23:45:20        CPU      %usr     %nice      %sys   %iowait    %steal      %irq     %soft    %guest    %gnice     %idle
23:45:22        all      0,00      0,00      0,00      0,00      0,00      0,00     25,02      0,00      0,00     74,98
23:45:22          0      0,00      0,00      0,00      0,00      0,00      0,00    100,00      0,00      0,00      0,00
23:45:22          1      0,00      0,00      0,00      0,00      0,00      0,00    100,00      0,00      0,00      0,00
23:45:22          2      0,00      0,00      0,00      0,00      0,00      0,00    100,00      0,00      0,00      0,00
23:45:22          3      0,00      0,00      0,00      0,00      0,00      0,00    100,00      0,00      0,00      0,00
23:45:22          4      0,00      0,00      0,00      0,00      0,00      0,00      0,00      0,00      0,00    100,00
23:45:22          5      0,00      0,00      0,00      0,00      0,00      0,00      0,00      0,00      0,00    100,00
23:45:22          6      0,00      0,00      0,00      0,00      0,00      0,00      0,00      0,00      0,00    100,00
23:45:22          7      0,00      0,00      0,00      0,00      0,00      0,00      0,00      0,00      0,00    100,00
23:45:22          8      0,00      0,00      0,00      0,00      0,00      0,00      0,00      0,00      0,00    100,00
23:45:22          9      0,00      0,00      0,00      0,00      0,00      0,00      0,00      0,00      0,00    100,00
23:45:22         10      0,00      0,00      0,00      0,00      0,00      0,00      0,00      0,00      0,00    100,00
23:45:22         11      0,00      0,00      0,00      0,00      0,00      0,00      0,00      0,00      0,00    100,00
23:45:22         12      0,00      0,00      0,00      0,00      0,00      0,00      0,00      0,00      0,00    100,00
23:45:22         13      0,00      0,00      0,00      0,00      0,00      0,00      0,00      0,00      0,00    100,00
23:45:22         14      0,00      0,00      0,00      0,00      0,00      0,00      0,00      0,00      0,00    100,00
23:45:22         15      0,00      0,00      0,00      0,00      0,00      0,00      0,00      0,00      0,00    100,00

23:45:20        IFACE   rxpck/s   txpck/s    rxkB/s    txkB/s   rxcmp/s   txcmp/s  rxmcst/s   %ifutil
23:45:22           lo      0,00      0,00      0,00      0,00      0,00      0,00      0,00      0,00
23:45:22         eno1      7,50      0,00      0,47      0,00      0,00      0,00      1,00      0,00
23:45:22         eno2      0,00      0,00      0,00      0,00      0,00      0,00      0,00      0,00
23:45:22      docker0      0,00      0,00      0,00      0,00      0,00      0,00      0,00      0,00
23:45:22      ens2np0 1144092,00 1144063,00 1139622,89 1139594,00      0,00      0,00      0,00     93,36
23:45:22      ens2np1      0,00      0,00      0,00      0,00      0,00      0,00      0,00      0,00

23:45:22        CPU      %usr     %nice      %sys   %iowait    %steal      %irq     %soft    %guest    %gnice     %idle
23:45:24        all      0,00      0,00      0,00      0,00      0,00      0,00     25,01      0,00      0,00     74,99
23:45:24          0      0,00      0,00      0,00      0,00      0,00      0,00    100,00      0,00      0,00      0,00
23:45:24          1      0,00      0,00      0,00      0,00      0,00      0,00    100,00      0,00      0,00      0,00
23:45:24          2      0,00      0,00      0,00      0,00      0,00      0,00    100,00      0,00      0,00      0,00
23:45:24          3      0,00      0,00      0,00      0,00      0,00      0,00    100,00      0,00      0,00      0,00
23:45:24          4      0,00      0,00      0,00      0,00      0,00      0,00      0,00      0,00      0,00    100,00
23:45:24          5      0,00      0,00      0,00      0,00      0,00      0,00      0,00      0,00      0,00    100,00
23:45:24          6      0,00      0,00      0,00      0,00      0,00      0,00      0,00      0,00      0,00    100,00
23:45:24          7      0,00      0,00      0,00      0,00      0,00      0,00      0,00      0,00      0,00    100,00
23:45:24          8      0,00      0,00      0,00      0,00      0,00      0,00      0,00      0,00      0,00    100,00
23:45:24          9      0,00      0,00      0,00      0,00      0,00      0,00      0,00      0,00      0,00    100,00
23:45:24         10      0,00      0,00      0,00      0,00      0,00      0,00      0,00      0,00      0,00    100,00
23:45:24         11      0,00      0,00      0,00      0,00      0,00      0,00      0,00      0,00      0,00    100,00
23:45:24         12      0,00      0,00      0,00      0,00      0,00      0,00      0,00      0,00      0,00    100,00
23:45:24         13      0,00      0,00      0,00      0,00      0,00      0,00      0,00      0,00      0,00    100,00
23:45:24         14      0,00      0,00      0,00      0,00      0,00      0,00      0,00      0,00      0,00    100,00
23:45:24         15      0,00      0,00      0,00      0,00      0,00      0,00      0,00      0,00      0,00    100,00

23:45:22        IFACE   rxpck/s   txpck/s    rxkB/s    txkB/s   rxcmp/s   txcmp/s  rxmcst/s   %ifutil
23:45:24           lo      0,00      0,00      0,00      0,00      0,00      0,00      0,00      0,00
23:45:24         eno1      5,00      0,50      0,31      0,03      0,00      0,00      1,50      0,00
23:45:24         eno2      0,00      0,00      0,00      0,00      0,00      0,00      0,00      0,00
23:45:24      docker0      0,00      0,00      0,00      0,00      0,00      0,00      0,00      0,00
23:45:24      ens2np0 1144684,00 1144703,50 1140212,58 1140232,00      0,00      0,00      0,00     93,41
23:45:24      ens2np1      0,00      0,00      0,00      0,00      0,00      0,00      0,00      0,00

23:45:24        CPU      %usr     %nice      %sys   %iowait    %steal      %irq     %soft    %guest    %gnice     %idle
23:45:26        all      0,03      0,00      0,00      0,00      0,00      0,00     25,00      0,00      0,00     74,97
23:45:26          0      0,00      0,00      0,00      0,00      0,00      0,00    100,00      0,00      0,00      0,00
23:45:26          1      0,00      0,00      0,00      0,00      0,00      0,00    100,00      0,00      0,00      0,00
23:45:26          2      0,00      0,00      0,00      0,00      0,00      0,00    100,00      0,00      0,00      0,00
23:45:26          3      0,00      0,00      0,00      0,00      0,00      0,00    100,00      0,00      0,00      0,00
23:45:26          4      0,00      0,00      0,00      0,00      0,00      0,00      0,00      0,00      0,00    100,00
23:45:26          5      0,00      0,00      0,00      0,00      0,00      0,00      0,00      0,00      0,00    100,00
23:45:26          6      0,00      0,00      0,00      0,00      0,00      0,00      0,00      0,00      0,00    100,00
23:45:26          7      0,50      0,00      0,00      0,00      0,00      0,00      0,00      0,00      0,00     99,50
23:45:26          8      0,00      0,00      0,00      0,00      0,00      0,00      0,00      0,00      0,00    100,00
23:45:26          9      0,00      0,00      0,00      0,00      0,00      0,00      0,00      0,00      0,00    100,00
23:45:26         10      0,00      0,00      0,00      0,00      0,00      0,00      0,00      0,00      0,00    100,00
23:45:26         11      0,00      0,00      0,00      0,00      0,00      0,00      0,00      0,00      0,00    100,00
23:45:26         12      0,00      0,00      0,00      0,00      0,00      0,00      0,00      0,00      0,00    100,00
23:45:26         13      0,00      0,00      0,00      0,00      0,00      0,00      0,00      0,00      0,00    100,00
23:45:26         14      0,00      0,00      0,00      0,00      0,00      0,00      0,00      0,00      0,00    100,00
23:45:26         15      0,00      0,00      0,00      0,00      0,00      0,00      0,00      0,00      0,00    100,00

23:45:24        IFACE   rxpck/s   txpck/s    rxkB/s    txkB/s   rxcmp/s   txcmp/s  rxmcst/s   %ifutil
23:45:26           lo      0,00      0,00      0,00      0,00      0,00      0,00      0,00      0,00
23:45:26         eno1      4,00      0,00      0,25      0,00      0,00      0,00      1,00      0,00
23:45:26         eno2      0,00      0,00      0,00      0,00      0,00      0,00      0,00      0,00
23:45:26      docker0      0,00      0,00      0,00      0,00      0,00      0,00      0,00      0,00
23:45:26      ens2np0 1145098,50 1145088,00 1140625,46 1140615,00      0,00      0,00      0,00     93,44
23:45:26      ens2np1      0,00      0,00      0,00      0,00      0,00      0,00      0,00      0,00

23:45:26        CPU      %usr     %nice      %sys   %iowait    %steal      %irq     %soft    %guest    %gnice     %idle
23:45:28        all      0,25      0,00      0,13      0,00      0,00      0,00     25,05      0,00      0,00     74,58
23:45:28          0      0,00      0,00      0,00      0,00      0,00      0,00    100,00      0,00      0,00      0,00
23:45:28          1      0,00      0,00      0,00      0,00      0,00      0,00    100,00      0,00      0,00      0,00
23:45:28          2      0,00      0,00      0,00      0,00      0,00      0,00    100,00      0,00      0,00      0,00
23:45:28          3      0,00      0,00      0,00      0,00      0,00      0,00    100,00      0,00      0,00      0,00
23:45:28          4      0,00      0,00      1,01      0,00      0,00      0,00      0,00      0,00      0,00     98,99
23:45:28          5      0,50      0,00      0,00      0,00      0,00      0,00      0,00      0,00      0,00     99,50
23:45:28          6      0,00      0,00      0,00      0,00      0,00      0,00      0,00      0,00      0,00    100,00
23:45:28          7      1,51      0,00      0,50      0,00      0,00      0,00      0,00      0,00      0,00     97,99
23:45:28          8      0,00      0,00      0,00      0,00      0,00      0,00      0,00      0,00      0,00    100,00
23:45:28          9      0,50      0,00      0,00      0,00      0,00      0,00      0,00      0,00      0,00     99,50
23:45:28         10      0,00      0,00      0,00      0,00      0,00      0,00      0,00      0,00      0,00    100,00
23:45:28         11      0,00      0,00      0,00      0,00      0,00      0,00      0,00      0,00      0,00    100,00
23:45:28         12      0,50      0,00      0,00      0,00      0,00      0,00      0,00      0,00      0,00     99,50
23:45:28         13      0,00      0,00      0,00      0,00      0,00      0,00      0,00      0,00      0,00    100,00
23:45:28         14      0,00      0,00      0,50      0,00      0,00      0,00      0,00      0,00      0,00     99,50
23:45:28         15      1,01      0,00      0,00      0,00      0,00      0,00      0,00      0,00      0,00     98,99

23:45:26        IFACE   rxpck/s   txpck/s    rxkB/s    txkB/s   rxcmp/s   txcmp/s  rxmcst/s   %ifutil
23:45:28           lo      0,00      0,00      0,00      0,00      0,00      0,00      0,00      0,00
23:45:28         eno1      7,50      0,50      0,47      0,03      0,00      0,00      1,00      0,00
23:45:28         eno2      0,00      0,00      0,00      0,00      0,00      0,00      0,00      0,00
23:45:28      docker0      0,00      0,00      0,00      0,00      0,00      0,00      0,00      0,00
23:45:28      ens2np0 1142901,50 1142914,00 1138437,04 1138449,49      0,00      0,00      0,00     93,26
23:45:28      ens2np1      0,00      0,00      0,00      0,00      0,00      0,00      0,00      0,00

23:45:28        CPU      %usr     %nice      %sys   %iowait    %steal      %irq     %soft    %guest    %gnice     %idle
23:45:30        all      0,00      0,00      0,00      0,00      0,00      0,00     25,02      0,00      0,00     74,98
23:45:30          0      0,00      0,00      0,00      0,00      0,00      0,00    100,00      0,00      0,00      0,00
23:45:30          1      0,00      0,00      0,00      0,00      0,00      0,00    100,00      0,00      0,00      0,00
23:45:30          2      0,00      0,00      0,00      0,00      0,00      0,00    100,00      0,00      0,00      0,00
23:45:30          3      0,00      0,00      0,00      0,00      0,00      0,00    100,00      0,00      0,00      0,00
23:45:30          4      0,00      0,00      0,00      0,00      0,00      0,00      0,00      0,00      0,00    100,00
23:45:30          5      0,00      0,00      0,00      0,00      0,00      0,00      0,00      0,00      0,00    100,00
23:45:30          6      0,00      0,00      0,00      0,00      0,00      0,00      0,00      0,00      0,00    100,00
23:45:30          7      0,00      0,00      0,00      0,00      0,00      0,00      0,00      0,00      0,00    100,00
23:45:30          8      0,00      0,00      0,00      0,00      0,00      0,00      0,00      0,00      0,00    100,00
23:45:30          9      0,00      0,00      0,00      0,00      0,00      0,00      0,00      0,00      0,00    100,00
23:45:30         10      0,00      0,00      0,00      0,00      0,00      0,00      0,00      0,00      0,00    100,00
23:45:30         11      0,00      0,00      0,00      0,00      0,00      0,00      0,00      0,00      0,00    100,00
23:45:30         12      0,00      0,00      0,00      0,00      0,00      0,00      0,00      0,00      0,00    100,00
23:45:30         13      0,00      0,00      0,00      0,00      0,00      0,00      0,00      0,00      0,00    100,00
23:45:30         14      0,00      0,00      0,00      0,00      0,00      0,00      0,00      0,00      0,00    100,00
23:45:30         15      0,00      0,00      0,00      0,00      0,00      0,00      0,00      0,00      0,00    100,00

23:45:28        IFACE   rxpck/s   txpck/s    rxkB/s    txkB/s   rxcmp/s   txcmp/s  rxmcst/s   %ifutil
23:45:30           lo      0,00      0,00      0,00      0,00      0,00      0,00      0,00      0,00
23:45:30         eno1      1,50      0,00      0,09      0,00      0,00      0,00      0,50      0,00
23:45:30         eno2      0,00      0,00      0,00      0,00      0,00      0,00      0,00      0,00
23:45:30      docker0      0,00      0,00      0,00      0,00      0,00      0,00      0,00      0,00
23:45:30      ens2np0 1144944,50 1144926,00 1140472,06 1140453,63      0,00      0,00      0,00     93,43
23:45:30      ens2np1      0,00      0,00      0,00      0,00      0,00      0,00      0,00      0,00

23:45:30        CPU      %usr     %nice      %sys   %iowait    %steal      %irq     %soft    %guest    %gnice     %idle
23:45:32        all      0,19      0,00      0,00      0,00      0,00      0,00     24,98      0,00      0,00     74,84
23:45:32          0      0,00      0,00      0,00      0,00      0,00      0,00    100,00      0,00      0,00      0,00
23:45:32          1      0,00      0,00      0,00      0,00      0,00      0,00    100,00      0,00      0,00      0,00
23:45:32          2      0,00      0,00      0,00      0,00      0,00      0,00    100,00      0,00      0,00      0,00
23:45:32          3      0,00      0,00      0,00      0,00      0,00      0,00    100,00      0,00      0,00      0,00
23:45:32          4      0,50      0,00      0,00      0,00      0,00      0,00      0,00      0,00      0,00     99,50
23:45:32          5      0,50      0,00      0,00      0,00      0,00      0,00      0,00      0,00      0,00     99,50
23:45:32          6      0,00      0,00      0,00      0,00      0,00      0,00      0,00      0,00      0,00    100,00
23:45:32          7      0,50      0,00      0,00      0,00      0,00      0,00      0,00      0,00      0,00     99,50
23:45:32          8      0,50      0,00      0,00      0,00      0,00      0,00      0,00      0,00      0,00     99,50
23:45:32          9      0,00      0,00      0,00      0,00      0,00      0,00      0,00      0,00      0,00    100,00
23:45:32         10      0,00      0,00      0,00      0,00      0,00      0,00      0,00      0,00      0,00    100,00
23:45:32         11      0,50      0,00      0,00      0,00      0,00      0,00      0,00      0,00      0,00     99,50
23:45:32         12      0,00      0,00      0,00      0,00      0,00      0,00      0,00      0,00      0,00    100,00
23:45:32         13      0,50      0,00      0,00      0,00      0,00      0,00      0,00      0,00      0,00     99,50
23:45:32         14      0,00      0,00      0,00      0,00      0,00      0,00      0,00      0,00      0,00    100,00
23:45:32         15      0,00      0,00      0,00      0,00      0,00      0,00      0,00      0,00      0,00    100,00

23:45:30        IFACE   rxpck/s   txpck/s    rxkB/s    txkB/s   rxcmp/s   txcmp/s  rxmcst/s   %ifutil
23:45:32           lo      0,00      0,00      0,00      0,00      0,00      0,00      0,00      0,00
23:45:32         eno1      4,50      0,50      0,28      0,03      0,00      0,00      1,00      0,00
23:45:32         eno2      0,00      0,00      0,00      0,00      0,00      0,00      0,00      0,00
23:45:32      docker0      0,00      0,00      0,00      0,00      0,00      0,00      0,00      0,00
23:45:32      ens2np0 1144155,50 1144162,50 1139686,14 1139693,12      0,00      0,00      0,00     93,36
23:45:32      ens2np1      0,00      0,00      0,00      0,00      0,00      0,00      0,00      0,00

23:45:32        CPU      %usr     %nice      %sys   %iowait    %steal      %irq     %soft    %guest    %gnice     %idle
23:45:34        all      0,00      0,00      0,00      0,00      0,00      0,00     25,03      0,00      0,00     74,97
23:45:34          0      0,00      0,00      0,00      0,00      0,00      0,00    100,00      0,00      0,00      0,00
23:45:34          1      0,00      0,00      0,00      0,00      0,00      0,00    100,00      0,00      0,00      0,00
23:45:34          2      0,00      0,00      0,00      0,00      0,00      0,00    100,00      0,00      0,00      0,00
23:45:34          3      0,00      0,00      0,00      0,00      0,00      0,00    100,00      0,00      0,00      0,00
23:45:34          4      0,00      0,00      0,00      0,00      0,00      0,00      0,00      0,00      0,00    100,00
23:45:34          5      0,00      0,00      0,00      0,00      0,00      0,00      0,00      0,00      0,00    100,00
23:45:34          6      0,00      0,00      0,00      0,00      0,00      0,00      0,00      0,00      0,00    100,00
23:45:34          7      0,00      0,00      0,00      0,00      0,00      0,00      0,00      0,00      0,00    100,00
23:45:34          8      0,00      0,00      0,00      0,00      0,00      0,00      0,00      0,00      0,00    100,00
23:45:34          9      0,00      0,00      0,00      0,00      0,00      0,00      0,00      0,00      0,00    100,00
23:45:34         10      0,00      0,00      0,00      0,00      0,00      0,00      0,00      0,00      0,00    100,00
23:45:34         11      0,00      0,00      0,00      0,00      0,00      0,00      0,00      0,00      0,00    100,00
23:45:34         12      0,00      0,00      0,00      0,00      0,00      0,00      0,00      0,00      0,00    100,00
23:45:34         13      0,00      0,00      0,00      0,00      0,00      0,00      0,00      0,00      0,00    100,00
23:45:34         14      0,00      0,00      0,00      0,00      0,00      0,00      0,00      0,00      0,00    100,00
23:45:34         15      0,00      0,00      0,00      0,00      0,00      0,00      0,00      0,00      0,00    100,00

23:45:32        IFACE   rxpck/s   txpck/s    rxkB/s    txkB/s   rxcmp/s   txcmp/s  rxmcst/s   %ifutil
23:45:34           lo      0,00      0,00      0,00      0,00      0,00      0,00      0,00      0,00
23:45:34         eno1      7,00      0,00      0,44      0,00      0,00      0,00      1,00      0,00
23:45:34         eno2      0,00      0,00      0,00      0,00      0,00      0,00      0,00      0,00
23:45:34      docker0      0,00      0,00      0,00      0,00      0,00      0,00      0,00      0,00
23:45:34      ens2np0 1144380,00 1144351,00 1139909,77 1139880,88      0,00      0,00      0,00     93,38
23:45:34      ens2np1      0,00      0,00      0,00      0,00      0,00      0,00      0,00      0,00

23:45:34        CPU      %usr     %nice      %sys   %iowait    %steal      %irq     %soft    %guest    %gnice     %idle
23:45:36        all      0,00      0,00      0,00      0,00      0,00      0,00     25,01      0,00      0,00     74,99
23:45:36          0      0,00      0,00      0,00      0,00      0,00      0,00    100,00      0,00      0,00      0,00
23:45:36          1      0,00      0,00      0,00      0,00      0,00      0,00    100,00      0,00      0,00      0,00
23:45:36          2      0,00      0,00      0,00      0,00      0,00      0,00    100,00      0,00      0,00      0,00
23:45:36          3      0,00      0,00      0,00      0,00      0,00      0,00    100,00      0,00      0,00      0,00
23:45:36          4      0,00      0,00      0,00      0,00      0,00      0,00      0,00      0,00      0,00    100,00
23:45:36          5      0,00      0,00      0,00      0,00      0,00      0,00      0,00      0,00      0,00    100,00
23:45:36          6      0,00      0,00      0,00      0,00      0,00      0,00      0,00      0,00      0,00    100,00
23:45:36          7      0,00      0,00      0,00      0,00      0,00      0,00      0,00      0,00      0,00    100,00
23:45:36          8      0,00      0,00      0,00      0,00      0,00      0,00      0,00      0,00      0,00    100,00
23:45:36          9      0,00      0,00      0,00      0,00      0,00      0,00      0,00      0,00      0,00    100,00
23:45:36         10      0,00      0,00      0,00      0,00      0,00      0,00      0,00      0,00      0,00    100,00
23:45:36         11      0,00      0,00      0,00      0,00      0,00      0,00      0,00      0,00      0,00    100,00
23:45:36         12      0,00      0,00      0,00      0,00      0,00      0,00      0,00      0,00      0,00    100,00
23:45:36         13      0,00      0,00      0,00      0,00      0,00      0,00      0,00      0,00      0,00    100,00
23:45:36         14      0,00      0,00      0,00      0,00      0,00      0,00      0,00      0,00      0,00    100,00
23:45:36         15      0,00      0,00      0,00      0,00      0,00      0,00      0,00      0,00      0,00    100,00

23:45:34        IFACE   rxpck/s   txpck/s    rxkB/s    txkB/s   rxcmp/s   txcmp/s  rxmcst/s   %ifutil
23:45:36           lo      0,00      0,00      0,00      0,00      0,00      0,00      0,00      0,00
23:45:36         eno1      3,00      0,00      0,19      0,00      0,00      0,00      1,00      0,00
23:45:36         eno2      0,00      0,00      0,00      0,00      0,00      0,00      0,00      0,00
23:45:36      docker0      0,00      0,00      0,00      0,00      0,00      0,00      0,00      0,00
23:45:36      ens2np0 1144812,00 1144831,00 1140340,08 1140359,00      0,00      0,00      0,00     93,42
23:45:36      ens2np1      0,00      0,00      0,00      0,00      0,00      0,00      0,00      0,00

23:45:36        CPU      %usr     %nice      %sys   %iowait    %steal      %irq     %soft    %guest    %gnice     %idle
23:45:38        all      0,25      0,00      0,13      0,00      0,00      0,00     25,06      0,00      0,00     74,56
23:45:38          0      0,00      0,00      0,00      0,00      0,00      0,00    100,00      0,00      0,00      0,00
23:45:38          1      0,00      0,00      0,00      0,00      0,00      0,00    100,00      0,00      0,00      0,00
23:45:38          2      0,00      0,00      0,00      0,00      0,00      0,00    100,00      0,00      0,00      0,00
23:45:38          3      0,00      0,00      0,00      0,00      0,00      0,00    100,00      0,00      0,00      0,00
23:45:38          4      0,00      0,00      0,00      0,00      0,00      0,00      0,50      0,00      0,00     99,50
23:45:38          5      0,00      0,00      0,00      0,00      0,00      0,00      0,00      0,00      0,00    100,00
23:45:38          6      0,50      0,00      0,00      0,00      0,00      0,00      0,00      0,00      0,00     99,50
23:45:38          7      1,00      0,00      0,50      0,00      0,00      0,00      0,00      0,00      0,00     98,50
23:45:38          8      0,00      0,00      0,00      0,00      0,00      0,00      0,00      0,00      0,00    100,00
23:45:38          9      0,00      0,00      0,00      0,00      0,00      0,00      0,00      0,00      0,00    100,00
23:45:38         10      0,00      0,00      0,00      0,00      0,00      0,00      0,00      0,00      0,00    100,00
23:45:38         11      0,00      0,00      0,00      0,00      0,00      0,00      0,00      0,00      0,00    100,00
23:45:38         12      0,50      0,00      0,50      0,00      0,00      0,00      0,00      0,00      0,00     99,00
23:45:38         13      0,00      0,00      0,00      0,00      0,00      0,00      0,00      0,00      0,00    100,00
23:45:38         14      0,50      0,00      0,50      0,00      0,00      0,00      0,00      0,00      0,00     99,00
23:45:38         15      1,50      0,00      0,50      0,00      0,00      0,00      0,00      0,00      0,00     98,00

23:45:36        IFACE   rxpck/s   txpck/s    rxkB/s    txkB/s   rxcmp/s   txcmp/s  rxmcst/s   %ifutil
23:45:38           lo      0,00      0,00      0,00      0,00      0,00      0,00      0,00      0,00
23:45:38         eno1      8,00      0,50      0,50      0,03      0,00      0,00      1,00      0,00
23:45:38         eno2      0,00      0,00      0,00      0,00      0,00      0,00      0,00      0,00
23:45:38      docker0      0,00      0,00      0,00      0,00      0,00      0,00      0,00      0,00
23:45:38      ens2np0 1142892,00 1142880,50 1138427,58 1138416,12      0,00      0,00      0,00     93,26
23:45:38      ens2np1      0,00      0,00      0,00      0,00      0,00      0,00      0,00      0,00

23:45:38        CPU      %usr     %nice      %sys   %iowait    %steal      %irq     %soft    %guest    %gnice     %idle
23:45:40        all      0,00      0,00      0,03      0,00      0,00      0,00     25,00      0,00      0,00     74,97
23:45:40          0      0,00      0,00      0,00      0,00      0,00      0,00    100,00      0,00      0,00      0,00
23:45:40          1      0,00      0,00      0,00      0,00      0,00      0,00    100,00      0,00      0,00      0,00
23:45:40          2      0,00      0,00      0,00      0,00      0,00      0,00    100,00      0,00      0,00      0,00
23:45:40          3      0,00      0,00      0,00      0,00      0,00      0,00    100,00      0,00      0,00      0,00
23:45:40          4      0,00      0,00      0,50      0,00      0,00      0,00      0,00      0,00      0,00     99,50
23:45:40          5      0,00      0,00      0,00      0,00      0,00      0,00      0,00      0,00      0,00    100,00
23:45:40          6      0,00      0,00      0,00      0,00      0,00      0,00      0,00      0,00      0,00    100,00
23:45:40          7      0,00      0,00      0,00      0,00      0,00      0,00      0,00      0,00      0,00    100,00
23:45:40          8      0,00      0,00      0,00      0,00      0,00      0,00      0,00      0,00      0,00    100,00
23:45:40          9      0,00      0,00      0,00      0,00      0,00      0,00      0,00      0,00      0,00    100,00
23:45:40         10      0,00      0,00      0,00      0,00      0,00      0,00      0,00      0,00      0,00    100,00
23:45:40         11      0,00      0,00      0,00      0,00      0,00      0,00      0,00      0,00      0,00    100,00
23:45:40         12      0,00      0,00      0,00      0,00      0,00      0,00      0,00      0,00      0,00    100,00
23:45:40         13      0,00      0,00      0,00      0,00      0,00      0,00      0,00      0,00      0,00    100,00
23:45:40         14      0,00      0,00      0,00      0,00      0,00      0,00      0,00      0,00      0,00    100,00
23:45:40         15      0,00      0,00      0,00      0,00      0,00      0,00      0,00      0,00      0,00    100,00

23:45:38        IFACE   rxpck/s   txpck/s    rxkB/s    txkB/s   rxcmp/s   txcmp/s  rxmcst/s   %ifutil
23:45:40           lo      0,00      0,00      0,00      0,00      0,00      0,00      0,00      0,00
23:45:40         eno1      4,00      0,00      0,25      0,00      0,00      0,00      1,00      0,00
23:45:40         eno2      0,00      0,00      0,00      0,00      0,00      0,00      0,00      0,00
23:45:40      docker0      0,00      0,00      0,00      0,00      0,00      0,00      0,00      0,00
23:45:40      ens2np0 1144785,50 1144832,50 1140313,68 1140360,50      0,00      0,00      0,00     93,42
23:45:40      ens2np1      0,00      0,00      0,00      0,00      0,00      0,00      0,00      0,00

23:45:40        CPU      %usr     %nice      %sys   %iowait    %steal      %irq     %soft    %guest    %gnice     %idle
23:45:42        all      0,06      0,00      0,06      0,00      0,00      0,00     24,98      0,00      0,00     74,90
23:45:42          0      0,00      0,00      0,00      0,00      0,00      0,00    100,00      0,00      0,00      0,00
23:45:42          1      0,00      0,00      0,00      0,00      0,00      0,00    100,00      0,00      0,00      0,00
23:45:42          2      0,00      0,00      0,00      0,00      0,00      0,00    100,00      0,00      0,00      0,00
23:45:42          3      0,00      0,00      0,00      0,00      0,00      0,00    100,00      0,00      0,00      0,00
23:45:42          4      0,00      0,00      0,00      0,00      0,00      0,00      0,00      0,00      0,00    100,00
23:45:42          5      0,50      0,00      0,00      0,00      0,00      0,00      0,00      0,00      0,00     99,50
23:45:42          6      0,00      0,00      0,00      0,00      0,00      0,00      0,00      0,00      0,00    100,00
23:45:42          7      0,00      0,00      0,00      0,00      0,00      0,00      0,00      0,00      0,00    100,00
23:45:42          8      0,00      0,00      0,00      0,00      0,00      0,00      0,00      0,00      0,00    100,00
23:45:42          9      0,00      0,00      0,00      0,00      0,00      0,00      0,00      0,00      0,00    100,00
23:45:42         10      0,50      0,00      0,00      0,00      0,00      0,00      0,00      0,00      0,00     99,50
23:45:42         11      0,00      0,00      0,50      0,00      0,00      0,00      0,00      0,00      0,00     99,50
23:45:42         12      0,00      0,00      0,50      0,00      0,00      0,00      0,00      0,00      0,00     99,50
23:45:42         13      0,00      0,00      0,00      0,00      0,00      0,00      0,00      0,00      0,00    100,00
23:45:42         14      0,00      0,00      0,00      0,00      0,00      0,00      0,00      0,00      0,00    100,00
23:45:42         15      0,00      0,00      0,00      0,00      0,00      0,00      0,00      0,00      0,00    100,00

23:45:40        IFACE   rxpck/s   txpck/s    rxkB/s    txkB/s   rxcmp/s   txcmp/s  rxmcst/s   %ifutil
23:45:42           lo      0,00      0,00      0,00      0,00      0,00      0,00      0,00      0,00
23:45:42         eno1      4,50      0,00      0,28      0,00      0,00      0,00      1,00      0,00
23:45:42         eno2      0,00      0,00      0,00      0,00      0,00      0,00      0,00      0,00
23:45:42      docker0      0,00      0,00      0,00      0,00      0,00      0,00      0,00      0,00
23:45:42      ens2np0 1144786,50 1144766,00 1140314,68 1140294,26      0,00      0,00      0,00     93,41
23:45:42      ens2np1      0,00      0,00      0,00      0,00      0,00      0,00      0,00      0,00

23:45:42        CPU      %usr     %nice      %sys   %iowait    %steal      %irq     %soft    %guest    %gnice     %idle
23:45:44        all      0,00      0,00      0,00      0,00      0,00      0,00     25,01      0,00      0,00     74,99
23:45:44          0      0,00      0,00      0,00      0,00      0,00      0,00    100,00      0,00      0,00      0,00
23:45:44          1      0,00      0,00      0,00      0,00      0,00      0,00    100,00      0,00      0,00      0,00
23:45:44          2      0,00      0,00      0,00      0,00      0,00      0,00    100,00      0,00      0,00      0,00
23:45:44          3      0,00      0,00      0,00      0,00      0,00      0,00    100,00      0,00      0,00      0,00
23:45:44          4      0,00      0,00      0,00      0,00      0,00      0,00      0,00      0,00      0,00    100,00
23:45:44          5      0,00      0,00      0,00      0,00      0,00      0,00      0,00      0,00      0,00    100,00
23:45:44          6      0,00      0,00      0,00      0,00      0,00      0,00      0,00      0,00      0,00    100,00
23:45:44          7      0,00      0,00      0,00      0,00      0,00      0,00      0,00      0,00      0,00    100,00
23:45:44          8      0,00      0,00      0,00      0,00      0,00      0,00      0,00      0,00      0,00    100,00
23:45:44          9      0,00      0,00      0,00      0,00      0,00      0,00      0,00      0,00      0,00    100,00
23:45:44         10      0,00      0,00      0,00      0,00      0,00      0,00      0,00      0,00      0,00    100,00
23:45:44         11      0,00      0,00      0,00      0,00      0,00      0,00      0,00      0,00      0,00    100,00
23:45:44         12      0,00      0,00      0,00      0,00      0,00      0,00      0,00      0,00      0,00    100,00
23:45:44         13      0,00      0,00      0,00      0,00      0,00      0,00      0,00      0,00      0,00    100,00
23:45:44         14      0,00      0,00      0,00      0,00      0,00      0,00      0,00      0,00      0,00    100,00
23:45:44         15      0,00      0,00      0,00      0,00      0,00      0,00      0,00      0,00      0,00    100,00

23:45:42        IFACE   rxpck/s   txpck/s    rxkB/s    txkB/s   rxcmp/s   txcmp/s  rxmcst/s   %ifutil
23:45:44           lo      0,00      0,00      0,00      0,00      0,00      0,00      0,00      0,00
23:45:44         eno1      7,00      0,00      0,44      0,00      0,00      0,00      1,00      0,00
23:45:44         eno2      0,00      0,00      0,00      0,00      0,00      0,00      0,00      0,00
23:45:44      docker0      0,00      0,00      0,00      0,00      0,00      0,00      0,00      0,00
23:45:44      ens2np0 1145465,50 1145472,50 1140991,03 1140998,00      0,00      0,00      0,00     93,47
23:45:44      ens2np1      0,00      0,00      0,00      0,00      0,00      0,00      0,00      0,00

23:45:44        CPU      %usr     %nice      %sys   %iowait    %steal      %irq     %soft    %guest    %gnice     %idle
23:45:46        all      0,00      0,00      0,00      0,00      0,00      0,00     25,01      0,00      0,00     74,99
23:45:46          0      0,00      0,00      0,00      0,00      0,00      0,00    100,00      0,00      0,00      0,00
23:45:46          1      0,00      0,00      0,00      0,00      0,00      0,00    100,00      0,00      0,00      0,00
23:45:46          2      0,00      0,00      0,00      0,00      0,00      0,00    100,00      0,00      0,00      0,00
23:45:46          3      0,00      0,00      0,00      0,00      0,00      0,00    100,00      0,00      0,00      0,00
23:45:46          4      0,00      0,00      0,00      0,00      0,00      0,00      0,00      0,00      0,00    100,00
23:45:46          5      0,00      0,00      0,00      0,00      0,00      0,00      0,00      0,00      0,00    100,00
23:45:46          6      0,00      0,00      0,00      0,00      0,00      0,00      0,00      0,00      0,00    100,00
23:45:46          7      0,00      0,00      0,00      0,00      0,00      0,00      0,00      0,00      0,00    100,00
23:45:46          8      0,00      0,00      0,00      0,00      0,00      0,00      0,00      0,00      0,00    100,00
23:45:46          9      0,00      0,00      0,00      0,00      0,00      0,00      0,00      0,00      0,00    100,00
23:45:46         10      0,00      0,00      0,00      0,00      0,00      0,00      0,00      0,00      0,00    100,00
23:45:46         11      0,00      0,00      0,00      0,00      0,00      0,00      0,00      0,00      0,00    100,00
23:45:46         12      0,00      0,00      0,00      0,00      0,00      0,00      0,00      0,00      0,00    100,00
23:45:46         13      0,00      0,00      0,00      0,00      0,00      0,00      0,00      0,00      0,00    100,00
23:45:46         14      0,00      0,00      0,00      0,00      0,00      0,00      0,00      0,00      0,00    100,00
23:45:46         15      0,00      0,00      0,00      0,00      0,00      0,00      0,00      0,00      0,00    100,00

23:45:44        IFACE   rxpck/s   txpck/s    rxkB/s    txkB/s   rxcmp/s   txcmp/s  rxmcst/s   %ifutil
23:45:46           lo      0,00      0,00      0,00      0,00      0,00      0,00      0,00      0,00
23:45:46         eno1      3,00      0,00      0,19      0,00      0,00      0,00      1,00      0,00
23:45:46         eno2      0,00      0,00      0,00      0,00      0,00      0,00      0,00      0,00
23:45:46      docker0      0,00      0,00      0,00      0,00      0,00      0,00      0,00      0,00
23:45:46      ens2np0 1145229,00 1145215,50 1140755,45 1140742,00      0,00      0,00      0,00     93,45
23:45:46      ens2np1      0,00      0,00      0,00      0,00      0,00      0,00      0,00      0,00

23:45:46        CPU      %usr     %nice      %sys   %iowait    %steal      %irq     %soft    %guest    %gnice     %idle
23:45:48        all      0,50      0,00      0,16      0,00      0,00      0,00     24,98      0,00      0,00     74,37
23:45:48          0      0,00      0,00      0,00      0,00      0,00      0,00    100,00      0,00      0,00      0,00
23:45:48          1      0,00      0,00      0,00      0,00      0,00      0,00    100,00      0,00      0,00      0,00
23:45:48          2      0,00      0,00      0,00      0,00      0,00      0,00    100,00      0,00      0,00      0,00
23:45:48          3      0,00      0,00      0,00      0,00      0,00      0,00    100,00      0,00      0,00      0,00
23:45:48          4      0,50      0,00      0,00      0,00      0,00      0,00      0,00      0,00      0,00     99,50
23:45:48          5      1,00      0,00      0,50      0,00      0,00      0,00      0,00      0,00      0,00     98,50
23:45:48          6      0,50      0,00      0,50      0,00      0,00      0,00      0,00      0,00      0,00     99,01
23:45:48          7      0,50      0,00      0,00      0,00      0,00      0,00      0,00      0,00      0,00     99,50
23:45:48          8      0,50      0,00      0,00      0,00      0,00      0,00      0,00      0,00      0,00     99,50
23:45:48          9      0,50      0,00      0,00      0,00      0,00      0,00      0,00      0,00      0,00     99,50
23:45:48         10      0,50      0,00      0,00      0,00      0,00      0,00      0,00      0,00      0,00     99,50
23:45:48         11      0,50      0,00      0,00      0,00      0,00      0,00      0,00      0,00      0,00     99,50
23:45:48         12      0,50      0,00      0,00      0,00      0,00      0,00      0,00      0,00      0,00     99,50
23:45:48         13      0,50      0,00      1,01      0,00      0,00      0,00      0,00      0,00      0,00     98,49
23:45:48         14      1,50      0,00      0,00      0,00      0,00      0,00      0,00      0,00      0,00     98,50
23:45:48         15      1,00      0,00      0,50      0,00      0,00      0,00      0,00      0,00      0,00     98,51

23:45:46        IFACE   rxpck/s   txpck/s    rxkB/s    txkB/s   rxcmp/s   txcmp/s  rxmcst/s   %ifutil
23:45:48           lo      0,00      0,00      0,00      0,00      0,00      0,00      0,00      0,00
23:45:48         eno1      8,00      0,00      0,50      0,00      0,00      0,00      1,00      0,00
23:45:48         eno2      0,00      0,00      0,00      0,00      0,00      0,00      0,00      0,00
23:45:48      docker0      0,00      0,00      0,00      0,00      0,00      0,00      0,00      0,00
23:45:48      ens2np0 1143317,50 1143328,50 1138851,42 1138862,37      0,00      0,00      0,00     93,30
23:45:48      ens2np1      0,00      0,00      0,00      0,00      0,00      0,00      0,00      0,00

Average:        CPU      %usr     %nice      %sys   %iowait    %steal      %irq     %soft    %guest    %gnice     %idle
Average:        all      0,10      0,00      0,04      0,00      0,00      0,00     19,60      0,00      0,00     80,26
Average:          0      0,02      0,00      0,02      0,00      0,00      0,00     78,41      0,00      0,00     21,55
Average:          1      0,02      0,00      0,00      0,00      0,00      0,00     78,36      0,00      0,00     21,62
Average:          2      0,02      0,00      0,00      0,00      0,00      0,00     78,38      0,00      0,00     21,60
Average:          3      0,04      0,00      0,02      0,00      0,00      0,00     78,36      0,00      0,00     21,58
Average:          4      0,12      0,00      0,10      0,00      0,00      0,00      0,02      0,00      0,00     99,76
Average:          5      0,12      0,00      0,04      0,00      0,00      0,00      0,00      0,00      0,00     99,84
Average:          6      0,06      0,00      0,08      0,00      0,00      0,00      0,00      0,00      0,00     99,86
Average:          7      0,26      0,00      0,10      0,00      0,00      0,00      0,00      0,00      0,00     99,64
Average:          8      0,08      0,00      0,02      0,00      0,00      0,00      0,00      0,00      0,00     99,90
Average:          9      0,06      0,00      0,02      0,00      0,00      0,00      0,00      0,00      0,00     99,92
Average:         10      0,10      0,00      0,00      0,00      0,00      0,00      0,00      0,00      0,00     99,90
Average:         11      0,06      0,00      0,02      0,00      0,00      0,00      0,00      0,00      0,00     99,92
Average:         12      0,14      0,00      0,08      0,00      0,00      0,00      0,00      0,00      0,00     99,78
Average:         13      0,06      0,00      0,06      0,00      0,00      0,00      0,00      0,00      0,00     99,88
Average:         14      0,12      0,00      0,06      0,00      0,00      0,00      0,00      0,00      0,00     99,82
Average:         15      0,26      0,00      0,08      0,00      0,00      0,00      0,00      0,00      0,00     99,66

Average:        IFACE   rxpck/s   txpck/s    rxkB/s    txkB/s   rxcmp/s   txcmp/s  rxmcst/s   %ifutil
Average:           lo      0,00      0,00      0,00      0,00      0,00      0,00      0,00      0,00
Average:         eno1      6,54      1,06      0,53      0,20      0,00      0,00      1,08      0,00
Average:         eno2      0,00      0,00      0,00      0,00      0,00      0,00      0,00      0,00
Average:      docker0      0,00      0,00      0,00      0,00      0,00      0,00      0,00      0,00
Average:      ens2np0 896637,76 896634,38 893135,27 893131,90      0,00      0,00      0,00     73,17
Average:      ens2np1      0,00      0,00      0,00      0,00      0,00      0,00      0,00      0,00
