Linux 5.13.0-52-generic (w1) 	16/07/2022 	_x86_64_	(16 CPU)

02:25:16        CPU      %usr     %nice      %sys   %iowait    %steal      %irq     %soft    %guest    %gnice     %idle
02:25:18        all      0,06      0,00      0,00      0,00      0,00      0,00      0,00      0,00      0,00     99,94
02:25:18          0      0,50      0,00      0,00      0,00      0,00      0,00      0,00      0,00      0,00     99,50
02:25:18          1      0,00      0,00      0,00      0,00      0,00      0,00      0,00      0,00      0,00    100,00
02:25:18          2      0,00      0,00      0,00      0,00      0,00      0,00      0,00      0,00      0,00    100,00
02:25:18          3      0,00      0,00      0,00      0,00      0,00      0,00      0,00      0,00      0,00    100,00
02:25:18          4      0,00      0,00      0,00      0,00      0,00      0,00      0,00      0,00      0,00    100,00
02:25:18          5      0,00      0,00      0,00      0,00      0,00      0,00      0,00      0,00      0,00    100,00
02:25:18          6      0,00      0,00      0,00      0,00      0,00      0,00      0,00      0,00      0,00    100,00
02:25:18          7      0,50      0,00      0,00      0,00      0,00      0,00      0,00      0,00      0,00     99,50
02:25:18          8      0,00      0,00      0,00      0,00      0,00      0,00      0,00      0,00      0,00    100,00
02:25:18          9      0,00      0,00      0,00      0,00      0,00      0,00      0,00      0,00      0,00    100,00
02:25:18         10      0,00      0,00      0,00      0,00      0,00      0,00      0,00      0,00      0,00    100,00
02:25:18         11      0,00      0,00      0,00      0,00      0,00      0,00      0,00      0,00      0,00    100,00
02:25:18         12      0,00      0,00      0,00      0,00      0,00      0,00      0,00      0,00      0,00    100,00
02:25:18         13      0,00      0,00      0,00      0,00      0,00      0,00      0,00      0,00      0,00    100,00
02:25:18         14      0,00      0,00      0,00      0,00      0,00      0,00      0,00      0,00      0,00    100,00
02:25:18         15      0,00      0,00      0,00      0,00      0,00      0,00      0,00      0,00      0,00    100,00

02:25:16        IFACE   rxpck/s   txpck/s    rxkB/s    txkB/s   rxcmp/s   txcmp/s  rxmcst/s   %ifutil
02:25:18           lo      0,00      0,00      0,00      0,00      0,00      0,00      0,00      0,00
02:25:18         eno1     18,00     16,50      3,46      3,22      0,00      0,00      1,00      0,00
02:25:18         eno2      0,00      0,00      0,00      0,00      0,00      0,00      0,00      0,00
02:25:18      docker0      0,00      0,00      0,00      0,00      0,00      0,00      0,00      0,00
02:25:18      ens2np0      0,00      0,00      0,00      0,00      0,00      0,00      0,00      0,00
02:25:18      ens2np1      0,00      0,00      0,00      0,00      0,00      0,00      0,00      0,00

02:25:18        CPU      %usr     %nice      %sys   %iowait    %steal      %irq     %soft    %guest    %gnice     %idle
02:25:20        all      0,47      0,00      0,12      0,00      0,00      0,00      0,00      0,00      0,00     99,41
02:25:20          0      0,50      0,00      0,00      0,00      0,00      0,00      0,00      0,00      0,00     99,50
02:25:20          1      0,00      0,00      0,00      0,00      0,00      0,00      0,00      0,00      0,00    100,00
02:25:20          2      0,50      0,00      0,00      0,00      0,00      0,00      0,00      0,00      0,00     99,50
02:25:20          3      0,50      0,00      0,00      0,00      0,00      0,00      0,00      0,00      0,00     99,50
02:25:20          4      0,50      0,00      0,00      0,00      0,00      0,00      0,00      0,00      0,00     99,50
02:25:20          5      0,50      0,00      0,00      0,00      0,00      0,00      0,00      0,00      0,00     99,50
02:25:20          6      0,50      0,00      0,00      0,00      0,00      0,00      0,00      0,00      0,00     99,50
02:25:20          7      0,00      0,00      0,00      0,00      0,00      0,00      0,00      0,00      0,00    100,00
02:25:20          8      0,00      0,00      0,00      0,00      0,00      0,00      0,00      0,00      0,00    100,00
02:25:20          9      0,50      0,00      0,00      0,00      0,00      0,00      0,00      0,00      0,00     99,50
02:25:20         10      0,50      0,00      0,50      0,00      0,00      0,00      0,00      0,00      0,00     99,00
02:25:20         11      2,00      0,00      0,50      0,00      0,00      0,00      0,00      0,00      0,00     97,50
02:25:20         12      0,00      0,00      0,00      0,00      0,00      0,00      0,00      0,00      0,00    100,00
02:25:20         13      1,00      0,00      0,50      0,00      0,00      0,00      0,00      0,00      0,00     98,50
02:25:20         14      0,00      0,00      0,50      0,00      0,00      0,00      0,00      0,00      0,00     99,50
02:25:20         15      0,50      0,00      0,00      0,00      0,00      0,00      0,00      0,00      0,00     99,50

02:25:18        IFACE   rxpck/s   txpck/s    rxkB/s    txkB/s   rxcmp/s   txcmp/s  rxmcst/s   %ifutil
02:25:20           lo      0,00      0,00      0,00      0,00      0,00      0,00      0,00      0,00
02:25:20         eno1      3,00      0,00      0,19      0,00      0,00      0,00      1,00      0,00
02:25:20         eno2      0,00      0,00      0,00      0,00      0,00      0,00      0,00      0,00
02:25:20      docker0      0,00      0,00      0,00      0,00      0,00      0,00      0,00      0,00
02:25:20      ens2np0      0,00      0,00      0,00      0,00      0,00      0,00      0,00      0,00
02:25:20      ens2np1      0,00      0,00      0,00      0,00      0,00      0,00      0,00      0,00

02:25:20        CPU      %usr     %nice      %sys   %iowait    %steal      %irq     %soft    %guest    %gnice     %idle
02:25:22        all      0,03      0,00      0,00      0,00      0,00      0,00      0,00      0,00      0,00     99,97
02:25:22          0      0,00      0,00      0,00      0,00      0,00      0,00      0,00      0,00      0,00    100,00
02:25:22          1      0,00      0,00      0,00      0,00      0,00      0,00      0,00      0,00      0,00    100,00
02:25:22          2      0,00      0,00      0,00      0,00      0,00      0,00      0,00      0,00      0,00    100,00
02:25:22          3      0,00      0,00      0,00      0,00      0,00      0,00      0,00      0,00      0,00    100,00
02:25:22          4      0,00      0,00      0,00      0,00      0,00      0,00      0,00      0,00      0,00    100,00
02:25:22          5      0,00      0,00      0,00      0,00      0,00      0,00      0,00      0,00      0,00    100,00
02:25:22          6      0,00      0,00      0,00      0,00      0,00      0,00      0,00      0,00      0,00    100,00
02:25:22          7      0,00      0,00      0,00      0,00      0,00      0,00      0,00      0,00      0,00    100,00
02:25:22          8      0,50      0,00      0,00      0,00      0,00      0,00      0,00      0,00      0,00     99,50
02:25:22          9      0,00      0,00      0,00      0,00      0,00      0,00      0,00      0,00      0,00    100,00
02:25:22         10      0,00      0,00      0,00      0,00      0,00      0,00      0,00      0,00      0,00    100,00
02:25:22         11      0,00      0,00      0,00      0,00      0,00      0,00      0,00      0,00      0,00    100,00
02:25:22         12      0,00      0,00      0,00      0,00      0,00      0,00      0,00      0,00      0,00    100,00
02:25:22         13      0,00      0,00      0,00      0,00      0,00      0,00      0,00      0,00      0,00    100,00
02:25:22         14      0,00      0,00      0,00      0,00      0,00      0,00      0,00      0,00      0,00    100,00
02:25:22         15      0,00      0,00      0,00      0,00      0,00      0,00      0,00      0,00      0,00    100,00

02:25:20        IFACE   rxpck/s   txpck/s    rxkB/s    txkB/s   rxcmp/s   txcmp/s  rxmcst/s   %ifutil
02:25:22           lo      0,00      0,00      0,00      0,00      0,00      0,00      0,00      0,00
02:25:22         eno1      4,00      0,50      0,25      0,03      0,00      0,00      1,00      0,00
02:25:22         eno2      0,00      0,00      0,00      0,00      0,00      0,00      0,00      0,00
02:25:22      docker0      0,00      0,00      0,00      0,00      0,00      0,00      0,00      0,00
02:25:22      ens2np0      0,00      0,00      0,00      0,00      0,00      0,00      0,00      0,00
02:25:22      ens2np1      0,00      0,00      0,00      0,00      0,00      0,00      0,00      0,00

02:25:22        CPU      %usr     %nice      %sys   %iowait    %steal      %irq     %soft    %guest    %gnice     %idle
02:25:24        all      0,03      0,00      0,00      0,00      0,00      0,00      0,00      0,00      0,00     99,97
02:25:24          0      0,00      0,00      0,00      0,00      0,00      0,00      0,00      0,00      0,00    100,00
02:25:24          1      0,00      0,00      0,00      0,00      0,00      0,00      0,00      0,00      0,00    100,00
02:25:24          2      0,00      0,00      0,00      0,00      0,00      0,00      0,00      0,00      0,00    100,00
02:25:24          3      0,00      0,00      0,00      0,00      0,00      0,00      0,00      0,00      0,00    100,00
02:25:24          4      0,00      0,00      0,00      0,00      0,00      0,00      0,00      0,00      0,00    100,00
02:25:24          5      0,00      0,00      0,00      0,00      0,00      0,00      0,00      0,00      0,00    100,00
02:25:24          6      0,00      0,00      0,00      0,00      0,00      0,00      0,00      0,00      0,00    100,00
02:25:24          7      0,00      0,00      0,00      0,00      0,00      0,00      0,00      0,00      0,00    100,00
02:25:24          8      0,00      0,00      0,00      0,00      0,00      0,00      0,00      0,00      0,00    100,00
02:25:24          9      0,00      0,00      0,00      0,00      0,00      0,00      0,00      0,00      0,00    100,00
02:25:24         10      0,00      0,00      0,00      0,00      0,00      0,00      0,00      0,00      0,00    100,00
02:25:24         11      0,00      0,00      0,00      0,00      0,00      0,00      0,00      0,00      0,00    100,00
02:25:24         12      0,50      0,00      0,00      0,00      0,00      0,00      0,00      0,00      0,00     99,50
02:25:24         13      0,00      0,00      0,00      0,00      0,00      0,00      0,00      0,00      0,00    100,00
02:25:24         14      0,00      0,00      0,00      0,00      0,00      0,00      0,00      0,00      0,00    100,00
02:25:24         15      0,00      0,00      0,00      0,00      0,00      0,00      0,00      0,00      0,00    100,00

02:25:22        IFACE   rxpck/s   txpck/s    rxkB/s    txkB/s   rxcmp/s   txcmp/s  rxmcst/s   %ifutil
02:25:24           lo      0,00      0,00      0,00      0,00      0,00      0,00      0,00      0,00
02:25:24         eno1      4,50      0,50      0,38      0,03      0,00      0,00      1,50      0,00
02:25:24         eno2      0,00      0,00      0,00      0,00      0,00      0,00      0,00      0,00
02:25:24      docker0      0,00      0,00      0,00      0,00      0,00      0,00      0,00      0,00
02:25:24      ens2np0      0,00      0,00      0,00      0,00      0,00      0,00      0,00      0,00
02:25:24      ens2np1      0,00      0,00      0,00      0,00      0,00      0,00      0,00      0,00

02:25:24        CPU      %usr     %nice      %sys   %iowait    %steal      %irq     %soft    %guest    %gnice     %idle
02:25:26        all      0,00      0,00      0,00      0,00      0,00      0,00      0,00      0,00      0,00    100,00
02:25:26          0      0,00      0,00      0,00      0,00      0,00      0,00      0,00      0,00      0,00    100,00
02:25:26          1      0,00      0,00      0,00      0,00      0,00      0,00      0,00      0,00      0,00    100,00
02:25:26          2      0,00      0,00      0,00      0,00      0,00      0,00      0,00      0,00      0,00    100,00
02:25:26          3      0,00      0,00      0,00      0,00      0,00      0,00      0,00      0,00      0,00    100,00
02:25:26          4      0,00      0,00      0,00      0,00      0,00      0,00      0,00      0,00      0,00    100,00
02:25:26          5      0,00      0,00      0,00      0,00      0,00      0,00      0,00      0,00      0,00    100,00
02:25:26          6      0,00      0,00      0,00      0,00      0,00      0,00      0,00      0,00      0,00    100,00
02:25:26          7      0,00      0,00      0,00      0,00      0,00      0,00      0,00      0,00      0,00    100,00
02:25:26          8      0,00      0,00      0,00      0,00      0,00      0,00      0,00      0,00      0,00    100,00
02:25:26          9      0,00      0,00      0,00      0,00      0,00      0,00      0,00      0,00      0,00    100,00
02:25:26         10      0,00      0,00      0,00      0,00      0,00      0,00      0,00      0,00      0,00    100,00
02:25:26         11      0,00      0,00      0,00      0,00      0,00      0,00      0,00      0,00      0,00    100,00
02:25:26         12      0,00      0,00      0,00      0,00      0,00      0,00      0,00      0,00      0,00    100,00
02:25:26         13      0,00      0,00      0,00      0,00      0,00      0,00      0,00      0,00      0,00    100,00
02:25:26         14      0,00      0,00      0,00      0,00      0,00      0,00      0,00      0,00      0,00    100,00
02:25:26         15      0,00      0,00      0,00      0,00      0,00      0,00      0,00      0,00      0,00    100,00

02:25:24        IFACE   rxpck/s   txpck/s    rxkB/s    txkB/s   rxcmp/s   txcmp/s  rxmcst/s   %ifutil
02:25:26           lo      0,00      0,00      0,00      0,00      0,00      0,00      0,00      0,00
02:25:26         eno1      3,00      0,00      0,19      0,00      0,00      0,00      1,00      0,00
02:25:26         eno2      0,00      0,00      0,00      0,00      0,00      0,00      0,00      0,00
02:25:26      docker0      0,00      0,00      0,00      0,00      0,00      0,00      0,00      0,00
02:25:26      ens2np0      0,00      0,00      0,00      0,00      0,00      0,00      0,00      0,00
02:25:26      ens2np1      0,00      0,00      0,00      0,00      0,00      0,00      0,00      0,00

02:25:26        CPU      %usr     %nice      %sys   %iowait    %steal      %irq     %soft    %guest    %gnice     %idle
02:25:28        all      0,04      0,00      0,00      0,00      0,00      0,00      2,25      0,00      0,00     97,72
02:25:28          0      0,00      0,00      0,00      0,00      0,00      0,00     10,61      0,00      0,00     89,39
02:25:28          1      0,00      0,00      0,00      0,00      0,00      0,00      8,27      0,00      0,00     91,73
02:25:28          2      0,00      0,00      0,00      0,00      0,00      0,00      3,10      0,00      0,00     96,90
02:25:28          3      0,00      0,00      0,00      0,00      0,00      0,00      6,92      0,00      0,00     93,08
02:25:28          4      0,00      0,00      0,00      0,00      0,00      0,00      3,17      0,00      0,00     96,83
02:25:28          5      0,00      0,00      0,00      0,00      0,00      0,00      3,17      0,00      0,00     96,83
02:25:28          6      0,00      0,00      0,00      0,00      0,00      0,00      5,51      0,00      0,00     94,49
02:25:28          7      0,00      0,00      0,00      0,00      0,00      0,00      4,84      0,00      0,00     95,16
02:25:28          8      0,50      0,00      0,00      0,00      0,00      0,00      0,00      0,00      0,00     99,50
02:25:28          9      0,00      0,00      0,00      0,00      0,00      0,00      0,00      0,00      0,00    100,00
02:25:28         10      0,00      0,00      0,00      0,00      0,00      0,00      0,00      0,00      0,00    100,00
02:25:28         11      0,00      0,00      0,00      0,00      0,00      0,00      0,00      0,00      0,00    100,00
02:25:28         12      0,00      0,00      0,00      0,00      0,00      0,00      0,00      0,00      0,00    100,00
02:25:28         13      0,00      0,00      0,00      0,00      0,00      0,00      0,00      0,00      0,00    100,00
02:25:28         14      0,00      0,00      0,00      0,00      0,00      0,00      0,00      0,00      0,00    100,00
02:25:28         15      0,00      0,00      0,00      0,00      0,00      0,00      0,00      0,00      0,00    100,00

02:25:26        IFACE   rxpck/s   txpck/s    rxkB/s    txkB/s   rxcmp/s   txcmp/s  rxmcst/s   %ifutil
02:25:28           lo      0,00      0,00      0,00      0,00      0,00      0,00      0,00      0,00
02:25:28         eno1      2,00      0,00      0,13      0,00      0,00      0,00      1,00      0,00
02:25:28         eno2      0,00      0,00      0,00      0,00      0,00      0,00      0,00      0,00
02:25:28      docker0      0,00      0,00      0,00      0,00      0,00      0,00      0,00      0,00
02:25:28      ens2np0 738601,00 732515,50 735715,84 729654,11      0,00      0,00      0,00     60,27
02:25:28      ens2np1      0,00      0,00      0,00      0,00      0,00      0,00      0,00      0,00

02:25:28        CPU      %usr     %nice      %sys   %iowait    %steal      %irq     %soft    %guest    %gnice     %idle
02:25:30        all      0,22      0,00      0,13      0,00      0,00      0,00      3,20      0,00      0,00     96,45
02:25:30          0      0,00      0,00      0,00      0,00      0,00      0,00     18,39      0,00      0,00     81,61
02:25:30          1      0,00      0,00      1,01      0,00      0,00      0,00     23,23      0,00      0,00     75,76
02:25:30          2      0,00      0,00      0,00      0,00      0,00      0,00      4,76      0,00      0,00     95,24
02:25:30          3      0,00      0,00      0,00      0,00      0,00      0,00     14,29      0,00      0,00     85,71
02:25:30          4      0,00      0,00      0,00      0,00      0,00      0,00      8,97      0,00      0,00     91,03
02:25:30          5      0,00      0,00      0,00      0,00      0,00      0,00      5,26      0,00      0,00     94,74
02:25:30          6      0,00      0,00      1,30      0,00      0,00      0,00      5,19      0,00      0,00     93,51
02:25:30          7      0,00      0,00      0,00      0,00      0,00      0,00      2,82      0,00      0,00     97,18
02:25:30          8      0,00      0,00      0,00      0,00      0,00      0,00      0,00      0,00      0,00    100,00
02:25:30          9      0,00      0,00      0,00      0,00      0,00      0,00      0,00      0,00      0,00    100,00
02:25:30         10      0,00      0,00      0,00      0,00      0,00      0,00      0,00      0,00      0,00    100,00
02:25:30         11      1,50      0,00      0,50      0,00      0,00      0,00      0,00      0,00      0,00     98,00
02:25:30         12      0,00      0,00      0,00      0,00      0,00      0,00      0,00      0,00      0,00    100,00
02:25:30         13      0,50      0,00      0,00      0,00      0,00      0,00      0,00      0,00      0,00     99,50
02:25:30         14      0,50      0,00      0,00      0,00      0,00      0,00      0,00      0,00      0,00     99,50
02:25:30         15      0,00      0,00      0,00      0,00      0,00      0,00      0,00      0,00      0,00    100,00

02:25:28        IFACE   rxpck/s   txpck/s    rxkB/s    txkB/s   rxcmp/s   txcmp/s  rxmcst/s   %ifutil
02:25:30           lo      0,00      0,00      0,00      0,00      0,00      0,00      0,00      0,00
02:25:30         eno1      3,50      0,00      0,22      0,00      0,00      0,00      1,00      0,00
02:25:30         eno2      0,00      0,00      0,00      0,00      0,00      0,00      0,00      0,00
02:25:30      docker0      0,00      0,00      0,00      0,00      0,00      0,00      0,00      0,00
02:25:30      ens2np0 1197288,50 1197309,50 1192611,59 1192632,51      0,00      0,00      0,00     97,70
02:25:30      ens2np1      0,00      0,00      0,00      0,00      0,00      0,00      0,00      0,00

02:25:30        CPU      %usr     %nice      %sys   %iowait    %steal      %irq     %soft    %guest    %gnice     %idle
02:25:32        all      0,26      0,00      0,13      0,00      0,00      0,00      4,77      0,00      0,00     94,84
02:25:32          0      0,00      0,00      0,00      0,00      0,00      0,00     22,73      0,00      0,00     77,27
02:25:32          1      1,16      0,00      0,00      0,00      0,00      0,00     17,44      0,00      0,00     81,40
02:25:32          2      0,00      0,00      0,00      0,00      0,00      0,00     16,85      0,00      0,00     83,15
02:25:32          3      0,00      0,00      0,00      0,00      0,00      0,00     18,18      0,00      0,00     81,82
02:25:32          4      0,00      0,00      0,00      0,00      0,00      0,00     22,34      0,00      0,00     77,66
02:25:32          5      0,00      0,00      0,00      0,00      0,00      0,00     10,98      0,00      0,00     89,02
02:25:32          6      0,00      0,00      0,00      0,00      0,00      0,00      8,54      0,00      0,00     91,46
02:25:32          7      1,30      0,00      0,00      0,00      0,00      0,00      7,79      0,00      0,00     90,91
02:25:32          8      0,00      0,00      0,50      0,00      0,00      0,00      0,00      0,00      0,00     99,50
02:25:32          9      0,00      0,00      0,00      0,00      0,00      0,00      0,00      0,00      0,00    100,00
02:25:32         10      0,50      0,00      0,00      0,00      0,00      0,00      0,00      0,00      0,00     99,50
02:25:32         11      1,00      0,00      0,50      0,00      0,00      0,00      0,00      0,00      0,00     98,50
02:25:32         12      0,00      0,00      0,00      0,00      0,00      0,00      0,00      0,00      0,00    100,00
02:25:32         13      0,50      0,00      0,50      0,00      0,00      0,00      0,00      0,00      0,00     99,00
02:25:32         14      0,00      0,00      0,00      0,00      0,00      0,00      0,00      0,00      0,00    100,00
02:25:32         15      0,00      0,00      0,00      0,00      0,00      0,00      0,00      0,00      0,00    100,00

02:25:30        IFACE   rxpck/s   txpck/s    rxkB/s    txkB/s   rxcmp/s   txcmp/s  rxmcst/s   %ifutil
02:25:32           lo      0,00      0,00      0,00      0,00      0,00      0,00      0,00      0,00
02:25:32         eno1      3,50      0,00      0,22      0,00      0,00      0,00      1,50      0,00
02:25:32         eno2      0,00      0,00      0,00      0,00      0,00      0,00      0,00      0,00
02:25:32      docker0      0,00      0,00      0,00      0,00      0,00      0,00      0,00      0,00
02:25:32      ens2np0 1197329,50 1197355,00 1192652,43 1192677,83      0,00      0,00      0,00     97,70
02:25:32      ens2np1      0,00      0,00      0,00      0,00      0,00      0,00      0,00      0,00

02:25:32        CPU      %usr     %nice      %sys   %iowait    %steal      %irq     %soft    %guest    %gnice     %idle
02:25:34        all      0,00      0,00      0,00      0,00      0,00      0,00      3,70      0,00      0,00     96,30
02:25:34          0      0,00      0,00      0,00      0,00      0,00      0,00     18,60      0,00      0,00     81,40
02:25:34          1      0,00      0,00      0,00      0,00      0,00      0,00     30,19      0,00      0,00     69,81
02:25:34          2      0,00      0,00      0,00      0,00      0,00      0,00     14,77      0,00      0,00     85,23
02:25:34          3      0,00      0,00      0,00      0,00      0,00      0,00      8,75      0,00      0,00     91,25
02:25:34          4      0,00      0,00      0,00      0,00      0,00      0,00     10,00      0,00      0,00     90,00
02:25:34          5      0,00      0,00      0,00      0,00      0,00      0,00      5,33      0,00      0,00     94,67
02:25:34          6      0,00      0,00      0,00      0,00      0,00      0,00      0,00      0,00      0,00    100,00
02:25:34          7      0,00      0,00      0,00      0,00      0,00      0,00      5,13      0,00      0,00     94,87
02:25:34          8      0,00      0,00      0,00      0,00      0,00      0,00      0,00      0,00      0,00    100,00
02:25:34          9      0,00      0,00      0,00      0,00      0,00      0,00      0,00      0,00      0,00    100,00
02:25:34         10      0,00      0,00      0,00      0,00      0,00      0,00      0,00      0,00      0,00    100,00
02:25:34         11      0,00      0,00      0,00      0,00      0,00      0,00      0,00      0,00      0,00    100,00
02:25:34         12      0,00      0,00      0,00      0,00      0,00      0,00      0,00      0,00      0,00    100,00
02:25:34         13      0,00      0,00      0,00      0,00      0,00      0,00      0,00      0,00      0,00    100,00
02:25:34         14      0,00      0,00      0,00      0,00      0,00      0,00      0,00      0,00      0,00    100,00
02:25:34         15      0,00      0,00      0,00      0,00      0,00      0,00      0,00      0,00      0,00    100,00

02:25:32        IFACE   rxpck/s   txpck/s    rxkB/s    txkB/s   rxcmp/s   txcmp/s  rxmcst/s   %ifutil
02:25:34           lo      0,00      0,00      0,00      0,00      0,00      0,00      0,00      0,00
02:25:34         eno1      3,50      0,00      0,22      0,00      0,00      0,00      1,00      0,00
02:25:34         eno2      0,00      0,00      0,00      0,00      0,00      0,00      0,00      0,00
02:25:34      docker0      0,00      0,00      0,00      0,00      0,00      0,00      0,00      0,00
02:25:34      ens2np0 1197312,50 1197290,50 1192635,50 1192613,58      0,00      0,00      0,00     97,70
02:25:34      ens2np1      0,00      0,00      0,00      0,00      0,00      0,00      0,00      0,00

02:25:34        CPU      %usr     %nice      %sys   %iowait    %steal      %irq     %soft    %guest    %gnice     %idle
02:25:36        all      0,00      0,00      0,04      0,00      0,00      0,00      2,67      0,00      0,00     97,28
02:25:36          0      0,00      0,00      0,00      0,00      0,00      0,00     12,35      0,00      0,00     87,65
02:25:36          1      0,00      0,00      0,00      0,00      0,00      0,00     24,49      0,00      0,00     75,51
02:25:36          2      0,00      0,00      0,00      0,00      0,00      0,00      9,76      0,00      0,00     90,24
02:25:36          3      0,00      0,00      0,00      0,00      0,00      0,00      8,64      0,00      0,00     91,36
02:25:36          4      0,00      0,00      0,00      0,00      0,00      0,00      7,59      0,00      0,00     92,41
02:25:36          5      0,00      0,00      0,00      0,00      0,00      0,00      5,41      0,00      0,00     94,59
02:25:36          6      0,00      0,00      0,00      0,00      0,00      0,00      0,00      0,00      0,00    100,00
02:25:36          7      0,00      0,00      0,00      0,00      0,00      0,00      1,35      0,00      0,00     98,65
02:25:36          8      0,00      0,00      0,50      0,00      0,00      0,00      0,00      0,00      0,00     99,50
02:25:36          9      0,00      0,00      0,00      0,00      0,00      0,00      0,00      0,00      0,00    100,00
02:25:36         10      0,00      0,00      0,00      0,00      0,00      0,00      0,00      0,00      0,00    100,00
02:25:36         11      0,00      0,00      0,00      0,00      0,00      0,00      0,00      0,00      0,00    100,00
02:25:36         12      0,00      0,00      0,00      0,00      0,00      0,00      0,00      0,00      0,00    100,00
02:25:36         13      0,00      0,00      0,00      0,00      0,00      0,00      0,00      0,00      0,00    100,00
02:25:36         14      0,00      0,00      0,00      0,00      0,00      0,00      0,00      0,00      0,00    100,00
02:25:36         15      0,00      0,00      0,00      0,00      0,00      0,00      0,00      0,00      0,00    100,00

02:25:34        IFACE   rxpck/s   txpck/s    rxkB/s    txkB/s   rxcmp/s   txcmp/s  rxmcst/s   %ifutil
02:25:36           lo      0,00      0,00      0,00      0,00      0,00      0,00      0,00      0,00
02:25:36         eno1      3,50      0,00      0,22      0,00      0,00      0,00      1,00      0,00
02:25:36         eno2      0,00      0,00      0,00      0,00      0,00      0,00      0,00      0,00
02:25:36      docker0      0,00      0,00      0,00      0,00      0,00      0,00      0,00      0,00
02:25:36      ens2np0 1197312,00 1197305,00 1192635,00 1192628,03      0,00      0,00      0,00     97,70
02:25:36      ens2np1      0,00      0,00      0,00      0,00      0,00      0,00      0,00      0,00

02:25:36        CPU      %usr     %nice      %sys   %iowait    %steal      %irq     %soft    %guest    %gnice     %idle
02:25:38        all      0,00      0,00      0,00      0,00      0,00      0,00      3,16      0,00      0,00     96,84
02:25:38          0      0,00      0,00      0,00      0,00      0,00      0,00     13,75      0,00      0,00     86,25
02:25:38          1      0,00      0,00      0,00      0,00      0,00      0,00     23,47      0,00      0,00     76,53
02:25:38          2      0,00      0,00      0,00      0,00      0,00      0,00      7,59      0,00      0,00     92,41
02:25:38          3      0,00      0,00      0,00      0,00      0,00      0,00      9,88      0,00      0,00     90,12
02:25:38          4      0,00      0,00      0,00      0,00      0,00      0,00      5,26      0,00      0,00     94,74
02:25:38          5      0,00      0,00      0,00      0,00      0,00      0,00     13,92      0,00      0,00     86,08
02:25:38          6      0,00      0,00      0,00      0,00      0,00      0,00      6,49      0,00      0,00     93,51
02:25:38          7      0,00      0,00      0,00      0,00      0,00      0,00      4,00      0,00      0,00     96,00
02:25:38          8      0,00      0,00      0,00      0,00      0,00      0,00      0,00      0,00      0,00    100,00
02:25:38          9      0,00      0,00      0,00      0,00      0,00      0,00      0,00      0,00      0,00    100,00
02:25:38         10      0,00      0,00      0,00      0,00      0,00      0,00      0,00      0,00      0,00    100,00
02:25:38         11      0,00      0,00      0,00      0,00      0,00      0,00      0,00      0,00      0,00    100,00
02:25:38         12      0,00      0,00      0,00      0,00      0,00      0,00      0,00      0,00      0,00    100,00
02:25:38         13      0,00      0,00      0,00      0,00      0,00      0,00      0,00      0,00      0,00    100,00
02:25:38         14      0,00      0,00      0,00      0,00      0,00      0,00      0,00      0,00      0,00    100,00
02:25:38         15      0,00      0,00      0,00      0,00      0,00      0,00      0,00      0,00      0,00    100,00

02:25:36        IFACE   rxpck/s   txpck/s    rxkB/s    txkB/s   rxcmp/s   txcmp/s  rxmcst/s   %ifutil
02:25:38           lo      0,00      0,00      0,00      0,00      0,00      0,00      0,00      0,00
02:25:38         eno1      5,50      0,00      0,35      0,00      0,00      0,00      1,00      0,00
02:25:38         eno2      0,00      0,00      0,00      0,00      0,00      0,00      0,00      0,00
02:25:38      docker0      0,00      0,00      0,00      0,00      0,00      0,00      0,00      0,00
02:25:38      ens2np0 1197312,50 1197304,50 1192635,50 1192627,53      0,00      0,00      0,00     97,70
02:25:38      ens2np1      0,00      0,00      0,00      0,00      0,00      0,00      0,00      0,00

02:25:38        CPU      %usr     %nice      %sys   %iowait    %steal      %irq     %soft    %guest    %gnice     %idle
02:25:40        all      0,00      0,00      0,00      0,00      0,00      0,00      3,29      0,00      0,00     96,71
02:25:40          0      0,00      0,00      0,00      0,00      0,00      0,00     11,11      0,00      0,00     88,89
02:25:40          1      0,00      0,00      0,00      0,00      0,00      0,00     16,09      0,00      0,00     83,91
02:25:40          2      0,00      0,00      0,00      0,00      0,00      0,00     14,94      0,00      0,00     85,06
02:25:40          3      0,00      0,00      0,00      0,00      0,00      0,00     10,98      0,00      0,00     89,02
02:25:40          4      0,00      0,00      0,00      0,00      0,00      0,00      4,00      0,00      0,00     96,00
02:25:40          5      0,00      0,00      0,00      0,00      0,00      0,00     25,53      0,00      0,00     74,47
02:25:40          6      0,00      0,00      0,00      0,00      0,00      0,00      1,35      0,00      0,00     98,65
02:25:40          7      0,00      0,00      0,00      0,00      0,00      0,00      1,37      0,00      0,00     98,63
02:25:40          8      0,00      0,00      0,00      0,00      0,00      0,00      0,00      0,00      0,00    100,00
02:25:40          9      0,00      0,00      0,00      0,00      0,00      0,00      0,00      0,00      0,00    100,00
02:25:40         10      0,00      0,00      0,00      0,00      0,00      0,00      0,00      0,00      0,00    100,00
02:25:40         11      0,00      0,00      0,00      0,00      0,00      0,00      0,00      0,00      0,00    100,00
02:25:40         12      0,00      0,00      0,00      0,00      0,00      0,00      0,00      0,00      0,00    100,00
02:25:40         13      0,00      0,00      0,00      0,00      0,00      0,00      0,00      0,00      0,00    100,00
02:25:40         14      0,00      0,00      0,00      0,00      0,00      0,00      0,00      0,00      0,00    100,00
02:25:40         15      0,00      0,00      0,00      0,00      0,00      0,00      0,00      0,00      0,00    100,00

02:25:38        IFACE   rxpck/s   txpck/s    rxkB/s    txkB/s   rxcmp/s   txcmp/s  rxmcst/s   %ifutil
02:25:40           lo      0,00      0,00      0,00      0,00      0,00      0,00      0,00      0,00
02:25:40         eno1      4,00      0,50      0,27      0,05      0,00      0,00      1,00      0,00
02:25:40         eno2      0,00      0,00      0,00      0,00      0,00      0,00      0,00      0,00
02:25:40      docker0      0,00      0,00      0,00      0,00      0,00      0,00      0,00      0,00
02:25:40      ens2np0 1197318,00 1197340,50 1192640,98 1192663,39      0,00      0,00      0,00     97,70
02:25:40      ens2np1      0,00      0,00      0,00      0,00      0,00      0,00      0,00      0,00

02:25:40        CPU      %usr     %nice      %sys   %iowait    %steal      %irq     %soft    %guest    %gnice     %idle
02:25:42        all      0,51      0,00      0,09      0,04      0,00      0,00      6,67      0,00      0,00     92,69
02:25:42          0      0,00      0,00      0,00      0,00      0,00      0,00     25,77      0,00      0,00     74,23
02:25:42          1      0,00      0,00      0,00      0,00      0,00      0,00     30,84      0,00      0,00     69,16
02:25:42          2      0,00      0,00      0,00      0,00      0,00      0,00     15,12      0,00      0,00     84,88
02:25:42          3      0,00      0,00      0,00      0,00      0,00      0,00     20,62      0,00      0,00     79,38
02:25:42          4      0,00      0,00      0,00      0,00      0,00      0,00     16,85      0,00      0,00     83,15
02:25:42          5      0,00      0,00      0,00      1,12      0,00      0,00     22,47      0,00      0,00     76,40
02:25:42          6      0,00      0,00      0,00      0,00      0,00      0,00     14,12      0,00      0,00     85,88
02:25:42          7      0,00      0,00      0,00      0,00      0,00      0,00     19,78      0,00      0,00     80,22
02:25:42          8      0,00      0,00      0,50      0,00      0,00      0,00      0,00      0,00      0,00     99,50
02:25:42          9      0,50      0,00      0,50      0,00      0,00      0,00      0,00      0,00      0,00     99,00
02:25:42         10      1,01      0,00      0,00      0,00      0,00      0,00      0,00      0,00      0,00     98,99
02:25:42         11      0,50      0,00      0,00      0,00      0,00      0,00      0,00      0,00      0,00     99,50
02:25:42         12      2,00      0,00      0,00      0,00      0,00      0,00      0,00      0,00      0,00     98,00
02:25:42         13      1,01      0,00      0,00      0,00      0,00      0,00      0,00      0,00      0,00     98,99
02:25:42         14      0,50      0,00      0,00      0,00      0,00      0,00      0,00      0,00      0,00     99,50
02:25:42         15      0,50      0,00      0,00      0,00      0,00      0,00      0,00      0,00      0,00     99,50

02:25:40        IFACE   rxpck/s   txpck/s    rxkB/s    txkB/s   rxcmp/s   txcmp/s  rxmcst/s   %ifutil
02:25:42           lo      0,00      0,00      0,00      0,00      0,00      0,00      0,00      0,00
02:25:42         eno1      5,00      0,00      0,31      0,00      0,00      0,00      1,00      0,00
02:25:42         eno2      0,00      0,00      0,00      0,00      0,00      0,00      0,00      0,00
02:25:42      docker0      0,00      0,00      0,00      0,00      0,00      0,00      0,00      0,00
02:25:42      ens2np0 1197300,00 1197260,50 1192623,05 1192583,70      0,00      0,00      0,00     97,70
02:25:42      ens2np1      0,00      0,00      0,00      0,00      0,00      0,00      0,00      0,00

02:25:42        CPU      %usr     %nice      %sys   %iowait    %steal      %irq     %soft    %guest    %gnice     %idle
02:25:44        all      0,00      0,00      0,00      0,00      0,00      0,00      2,82      0,00      0,00     97,18
02:25:44          0      0,00      0,00      0,00      0,00      0,00      0,00      9,21      0,00      0,00     90,79
02:25:44          1      0,00      0,00      0,00      0,00      0,00      0,00     24,74      0,00      0,00     75,26
02:25:44          2      0,00      0,00      0,00      0,00      0,00      0,00     12,66      0,00      0,00     87,34
02:25:44          3      0,00      0,00      0,00      0,00      0,00      0,00      3,95      0,00      0,00     96,05
02:25:44          4      0,00      0,00      0,00      0,00      0,00      0,00      2,63      0,00      0,00     97,37
02:25:44          5      0,00      0,00      0,00      0,00      0,00      0,00     13,25      0,00      0,00     86,75
02:25:44          6      0,00      0,00      0,00      0,00      0,00      0,00      2,70      0,00      0,00     97,30
02:25:44          7      0,00      0,00      0,00      0,00      0,00      0,00      5,26      0,00      0,00     94,74
02:25:44          8      0,00      0,00      0,00      0,00      0,00      0,00      0,00      0,00      0,00    100,00
02:25:44          9      0,00      0,00      0,00      0,00      0,00      0,00      0,00      0,00      0,00    100,00
02:25:44         10      0,00      0,00      0,00      0,00      0,00      0,00      0,00      0,00      0,00    100,00
02:25:44         11      0,00      0,00      0,00      0,00      0,00      0,00      0,00      0,00      0,00    100,00
02:25:44         12      0,00      0,00      0,00      0,00      0,00      0,00      0,00      0,00      0,00    100,00
02:25:44         13      0,00      0,00      0,00      0,00      0,00      0,00      0,00      0,00      0,00    100,00
02:25:44         14      0,00      0,00      0,00      0,00      0,00      0,00      0,00      0,00      0,00    100,00
02:25:44         15      0,00      0,00      0,00      0,00      0,00      0,00      0,00      0,00      0,00    100,00

02:25:42        IFACE   rxpck/s   txpck/s    rxkB/s    txkB/s   rxcmp/s   txcmp/s  rxmcst/s   %ifutil
02:25:44           lo      0,00      0,00      0,00      0,00      0,00      0,00      0,00      0,00
02:25:44         eno1      4,00      0,00      0,25      0,00      0,00      0,00      1,00      0,00
02:25:44         eno2      0,00      0,00      0,00      0,00      0,00      0,00      0,00      0,00
02:25:44      docker0      0,00      0,00      0,00      0,00      0,00      0,00      0,00      0,00
02:25:44      ens2np0 1197322,00 1197363,00 1192644,96 1192685,80      0,00      0,00      0,00     97,70
02:25:44      ens2np1      0,00      0,00      0,00      0,00      0,00      0,00      0,00      0,00

02:25:44        CPU      %usr     %nice      %sys   %iowait    %steal      %irq     %soft    %guest    %gnice     %idle
02:25:46        all      0,00      0,00      0,04      0,00      0,00      0,00      4,05      0,00      0,00     95,91
02:25:46          0      0,00      0,00      0,00      0,00      0,00      0,00      7,89      0,00      0,00     92,11
02:25:46          1      0,00      0,00      0,00      0,00      0,00      0,00     29,52      0,00      0,00     70,48
02:25:46          2      0,00      0,00      0,00      0,00      0,00      0,00     14,12      0,00      0,00     85,88
02:25:46          3      0,00      0,00      0,00      0,00      0,00      0,00     11,76      0,00      0,00     88,24
02:25:46          4      0,00      0,00      0,00      0,00      0,00      0,00      5,13      0,00      0,00     94,87
02:25:46          5      0,00      0,00      0,00      0,00      0,00      0,00     23,08      0,00      0,00     76,92
02:25:46          6      0,00      0,00      0,00      0,00      0,00      0,00      2,60      0,00      0,00     97,40
02:25:46          7      0,00      0,00      0,00      0,00      0,00      0,00      7,89      0,00      0,00     92,11
02:25:46          8      0,00      0,00      0,50      0,00      0,00      0,00      0,00      0,00      0,00     99,50
02:25:46          9      0,00      0,00      0,00      0,00      0,00      0,00      0,00      0,00      0,00    100,00
02:25:46         10      0,00      0,00      0,00      0,00      0,00      0,00      0,00      0,00      0,00    100,00
02:25:46         11      0,00      0,00      0,00      0,00      0,00      0,00      0,00      0,00      0,00    100,00
02:25:46         12      0,00      0,00      0,00      0,00      0,00      0,00      0,00      0,00      0,00    100,00
02:25:46         13      0,00      0,00      0,00      0,00      0,00      0,00      0,00      0,00      0,00    100,00
02:25:46         14      0,00      0,00      0,00      0,00      0,00      0,00      0,00      0,00      0,00    100,00
02:25:46         15      0,00      0,00      0,00      0,00      0,00      0,00      0,00      0,00      0,00    100,00

02:25:44        IFACE   rxpck/s   txpck/s    rxkB/s    txkB/s   rxcmp/s   txcmp/s  rxmcst/s   %ifutil
02:25:46           lo      0,00      0,00      0,00      0,00      0,00      0,00      0,00      0,00
02:25:46         eno1      2,50      0,00      0,16      0,00      0,00      0,00      1,00      0,00
02:25:46         eno2      0,00      0,00      0,00      0,00      0,00      0,00      0,00      0,00
02:25:46      docker0      0,00      0,00      0,00      0,00      0,00      0,00      0,00      0,00
02:25:46      ens2np0 1197306,50 1197289,00 1192629,52 1192612,09      0,00      0,00      0,00     97,70
02:25:46      ens2np1      0,00      0,00      0,00      0,00      0,00      0,00      0,00      0,00

02:25:46        CPU      %usr     %nice      %sys   %iowait    %steal      %irq     %soft    %guest    %gnice     %idle
02:25:48        all      0,04      0,00      0,04      0,00      0,00      0,00      3,36      0,00      0,00     96,55
02:25:48          0      0,00      0,00      0,00      0,00      0,00      0,00     16,47      0,00      0,00     83,53
02:25:48          1      0,00      0,00      0,00      0,00      0,00      0,00     25,00      0,00      0,00     75,00
02:25:48          2      0,00      0,00      0,00      0,00      0,00      0,00      5,19      0,00      0,00     94,81
02:25:48          3      0,00      0,00      0,00      0,00      0,00      0,00      6,33      0,00      0,00     93,67
02:25:48          4      0,00      0,00      0,00      0,00      0,00      0,00      7,50      0,00      0,00     92,50
02:25:48          5      0,00      0,00      0,00      0,00      0,00      0,00     21,35      0,00      0,00     78,65
02:25:48          6      0,00      0,00      0,00      0,00      0,00      0,00      0,00      0,00      0,00    100,00
02:25:48          7      0,00      0,00      0,00      0,00      0,00      0,00      4,00      0,00      0,00     96,00
02:25:48          8      0,50      0,00      0,00      0,00      0,00      0,00      0,00      0,00      0,00     99,50
02:25:48          9      0,00      0,00      0,00      0,00      0,00      0,00      0,00      0,00      0,00    100,00
02:25:48         10      0,00      0,00      0,00      0,00      0,00      0,00      0,00      0,00      0,00    100,00
02:25:48         11      0,00      0,00      0,00      0,00      0,00      0,00      0,00      0,00      0,00    100,00
02:25:48         12      0,00      0,00      0,50      0,00      0,00      0,00      0,00      0,00      0,00     99,50
02:25:48         13      0,00      0,00      0,00      0,00      0,00      0,00      0,00      0,00      0,00    100,00
02:25:48         14      0,00      0,00      0,00      0,00      0,00      0,00      0,00      0,00      0,00    100,00
02:25:48         15      0,00      0,00      0,00      0,00      0,00      0,00      0,00      0,00      0,00    100,00

02:25:46        IFACE   rxpck/s   txpck/s    rxkB/s    txkB/s   rxcmp/s   txcmp/s  rxmcst/s   %ifutil
02:25:48           lo      0,00      0,00      0,00      0,00      0,00      0,00      0,00      0,00
02:25:48         eno1      4,50      0,00      0,28      0,00      0,00      0,00      1,00      0,00
02:25:48         eno2      0,00      0,00      0,00      0,00      0,00      0,00      0,00      0,00
02:25:48      docker0      0,00      0,00      0,00      0,00      0,00      0,00      0,00      0,00
02:25:48      ens2np0 1197312,00 1197326,50 1192635,00 1192649,44      0,00      0,00      0,00     97,70
02:25:48      ens2np1      0,00      0,00      0,00      0,00      0,00      0,00      0,00      0,00

02:25:48        CPU      %usr     %nice      %sys   %iowait    %steal      %irq     %soft    %guest    %gnice     %idle
02:25:50        all      0,00      0,00      0,00      0,00      0,00      0,00      3,87      0,00      0,00     96,13
02:25:50          0      0,00      0,00      0,00      0,00      0,00      0,00     10,26      0,00      0,00     89,74
02:25:50          1      0,00      0,00      0,00      0,00      0,00      0,00     37,29      0,00      0,00     62,71
02:25:50          2      0,00      0,00      0,00      0,00      0,00      0,00      7,41      0,00      0,00     92,59
02:25:50          3      0,00      0,00      0,00      0,00      0,00      0,00      8,75      0,00      0,00     91,25
02:25:50          4      0,00      0,00      0,00      0,00      0,00      0,00     11,11      0,00      0,00     88,89
02:25:50          5      0,00      0,00      0,00      0,00      0,00      0,00     16,47      0,00      0,00     83,53
02:25:50          6      0,00      0,00      0,00      0,00      0,00      0,00      0,00      0,00      0,00    100,00
02:25:50          7      0,00      0,00      0,00      0,00      0,00      0,00      0,00      0,00      0,00    100,00
02:25:50          8      0,00      0,00      0,00      0,00      0,00      0,00      0,00      0,00      0,00    100,00
02:25:50          9      0,00      0,00      0,00      0,00      0,00      0,00      0,00      0,00      0,00    100,00
02:25:50         10      0,00      0,00      0,00      0,00      0,00      0,00      0,00      0,00      0,00    100,00
02:25:50         11      0,00      0,00      0,00      0,00      0,00      0,00      0,00      0,00      0,00    100,00
02:25:50         12      0,00      0,00      0,00      0,00      0,00      0,00      0,00      0,00      0,00    100,00
02:25:50         13      0,00      0,00      0,00      0,00      0,00      0,00      0,00      0,00      0,00    100,00
02:25:50         14      0,00      0,00      0,00      0,00      0,00      0,00      0,00      0,00      0,00    100,00
02:25:50         15      0,00      0,00      0,00      0,00      0,00      0,00      0,00      0,00      0,00    100,00

02:25:48        IFACE   rxpck/s   txpck/s    rxkB/s    txkB/s   rxcmp/s   txcmp/s  rxmcst/s   %ifutil
02:25:50           lo      0,00      0,00      0,00      0,00      0,00      0,00      0,00      0,00
02:25:50         eno1      3,50      0,00      0,22      0,00      0,00      0,00      1,00      0,00
02:25:50         eno2      0,00      0,00      0,00      0,00      0,00      0,00      0,00      0,00
02:25:50      docker0      0,00      0,00      0,00      0,00      0,00      0,00      0,00      0,00
02:25:50      ens2np0 1197330,50 1197323,50 1192653,43 1192646,46      0,00      0,00      0,00     97,70
02:25:50      ens2np1      0,00      0,00      0,00      0,00      0,00      0,00      0,00      0,00

02:25:50        CPU      %usr     %nice      %sys   %iowait    %steal      %irq     %soft    %guest    %gnice     %idle
02:25:52        all      0,34      0,00      0,17      0,00      0,00      0,00      6,79      0,00      0,00     92,70
02:25:52          0      0,00      0,00      0,00      0,00      0,00      0,00     16,47      0,00      0,00     83,53
02:25:52          1      0,00      0,00      0,00      0,00      0,00      0,00     34,51      0,00      0,00     65,49
02:25:52          2      1,14      0,00      0,00      0,00      0,00      0,00     17,05      0,00      0,00     81,82
02:25:52          3      0,00      0,00      0,00      0,00      0,00      0,00     23,40      0,00      0,00     76,60
02:25:52          4      0,00      0,00      0,00      0,00      0,00      0,00     14,94      0,00      0,00     85,06
02:25:52          5      0,00      0,00      0,00      0,00      0,00      0,00     26,80      0,00      0,00     73,20
02:25:52          6      1,06      0,00      0,00      0,00      0,00      0,00     19,15      0,00      0,00     79,79
02:25:52          7      1,16      0,00      1,16      0,00      0,00      0,00     13,95      0,00      0,00     83,72
02:25:52          8      0,00      0,00      0,50      0,00      0,00      0,00      0,00      0,00      0,00     99,50
02:25:52          9      0,50      0,00      0,00      0,00      0,00      0,00      0,00      0,00      0,00     99,50
02:25:52         10      0,00      0,00      0,00      0,00      0,00      0,00      0,00      0,00      0,00    100,00
02:25:52         11      1,00      0,00      0,50      0,00      0,00      0,00      0,00      0,00      0,00     98,50
02:25:52         12      0,00      0,00      0,00      0,00      0,00      0,00      0,00      0,00      0,00    100,00
02:25:52         13      1,00      0,00      0,00      0,00      0,00      0,00      0,00      0,00      0,00     99,00
02:25:52         14      0,00      0,00      0,00      0,00      0,00      0,00      0,00      0,00      0,00    100,00
02:25:52         15      0,00      0,00      0,50      0,00      0,00      0,00      0,00      0,00      0,00     99,50

02:25:50        IFACE   rxpck/s   txpck/s    rxkB/s    txkB/s   rxcmp/s   txcmp/s  rxmcst/s   %ifutil
02:25:52           lo      0,00      0,00      0,00      0,00      0,00      0,00      0,00      0,00
02:25:52         eno1      4,50      0,50      0,29      0,03      0,00      0,00      1,00      0,00
02:25:52         eno2      0,00      0,00      0,00      0,00      0,00      0,00      0,00      0,00
02:25:52      docker0      0,00      0,00      0,00      0,00      0,00      0,00      0,00      0,00
02:25:52      ens2np0 1197292,50 1197293,00 1192615,58 1192616,07      0,00      0,00      0,00     97,70
02:25:52      ens2np1      0,00      0,00      0,00      0,00      0,00      0,00      0,00      0,00

02:25:52        CPU      %usr     %nice      %sys   %iowait    %steal      %irq     %soft    %guest    %gnice     %idle
02:25:54        all      0,00      0,00      0,00      0,00      0,00      0,00      3,91      0,00      0,00     96,09
02:25:54          0      0,00      0,00      0,00      0,00      0,00      0,00     16,28      0,00      0,00     83,72
02:25:54          1      0,00      0,00      0,00      0,00      0,00      0,00     33,93      0,00      0,00     66,07
02:25:54          2      0,00      0,00      0,00      0,00      0,00      0,00      3,75      0,00      0,00     96,25
02:25:54          3      0,00      0,00      0,00      0,00      0,00      0,00     16,09      0,00      0,00     83,91
02:25:54          4      0,00      0,00      0,00      0,00      0,00      0,00      3,90      0,00      0,00     96,10
02:25:54          5      0,00      0,00      0,00      0,00      0,00      0,00     13,41      0,00      0,00     86,59
02:25:54          6      0,00      0,00      0,00      0,00      0,00      0,00      5,19      0,00      0,00     94,81
02:25:54          7      0,00      0,00      0,00      0,00      0,00      0,00      2,70      0,00      0,00     97,30
02:25:54          8      0,00      0,00      0,00      0,00      0,00      0,00      0,00      0,00      0,00    100,00
02:25:54          9      0,00      0,00      0,00      0,00      0,00      0,00      0,00      0,00      0,00    100,00
02:25:54         10      0,00      0,00      0,00      0,00      0,00      0,00      0,00      0,00      0,00    100,00
02:25:54         11      0,00      0,00      0,00      0,00      0,00      0,00      0,00      0,00      0,00    100,00
02:25:54         12      0,00      0,00      0,00      0,00      0,00      0,00      0,00      0,00      0,00    100,00
02:25:54         13      0,00      0,00      0,00      0,00      0,00      0,00      0,00      0,00      0,00    100,00
02:25:54         14      0,00      0,00      0,00      0,00      0,00      0,00      0,00      0,00      0,00    100,00
02:25:54         15      0,00      0,00      0,00      0,00      0,00      0,00      0,00      0,00      0,00    100,00

02:25:52        IFACE   rxpck/s   txpck/s    rxkB/s    txkB/s   rxcmp/s   txcmp/s  rxmcst/s   %ifutil
02:25:54           lo      0,00      0,00      0,00      0,00      0,00      0,00      0,00      0,00
02:25:54         eno1      5,00      0,00      0,31      0,00      0,00      0,00      1,50      0,00
02:25:54         eno2      0,00      0,00      0,00      0,00      0,00      0,00      0,00      0,00
02:25:54      docker0      0,00      0,00      0,00      0,00      0,00      0,00      0,00      0,00
02:25:54      ens2np0 1197327,50 1197334,50 1192650,44 1192657,41      0,00      0,00      0,00     97,70
02:25:54      ens2np1      0,00      0,00      0,00      0,00      0,00      0,00      0,00      0,00

02:25:54        CPU      %usr     %nice      %sys   %iowait    %steal      %irq     %soft    %guest    %gnice     %idle
02:25:56        all      0,00      0,00      0,00      0,00      0,00      0,00      3,27      0,00      0,00     96,73
02:25:56          0      0,00      0,00      0,00      0,00      0,00      0,00     12,05      0,00      0,00     87,95
02:25:56          1      0,00      0,00      0,00      0,00      0,00      0,00     34,21      0,00      0,00     65,79
02:25:56          2      0,00      0,00      0,00      0,00      0,00      0,00      2,82      0,00      0,00     97,18
02:25:56          3      0,00      0,00      0,00      0,00      0,00      0,00     10,00      0,00      0,00     90,00
02:25:56          4      0,00      0,00      0,00      0,00      0,00      0,00      1,25      0,00      0,00     98,75
02:25:56          5      0,00      0,00      0,00      0,00      0,00      0,00      6,49      0,00      0,00     93,51
02:25:56          6      0,00      0,00      0,00      0,00      0,00      0,00      6,33      0,00      0,00     93,67
02:25:56          7      0,00      0,00      0,00      0,00      0,00      0,00      5,19      0,00      0,00     94,81
02:25:56          8      0,00      0,00      0,00      0,00      0,00      0,00      0,00      0,00      0,00    100,00
02:25:56          9      0,00      0,00      0,00      0,00      0,00      0,00      0,00      0,00      0,00    100,00
02:25:56         10      0,00      0,00      0,00      0,00      0,00      0,00      0,00      0,00      0,00    100,00
02:25:56         11      0,00      0,00      0,00      0,00      0,00      0,00      0,00      0,00      0,00    100,00
02:25:56         12      0,00      0,00      0,00      0,00      0,00      0,00      0,00      0,00      0,00    100,00
02:25:56         13      0,00      0,00      0,00      0,00      0,00      0,00      0,00      0,00      0,00    100,00
02:25:56         14      0,00      0,00      0,00      0,00      0,00      0,00      0,00      0,00      0,00    100,00
02:25:56         15      0,00      0,00      0,00      0,00      0,00      0,00      0,00      0,00      0,00    100,00

02:25:54        IFACE   rxpck/s   txpck/s    rxkB/s    txkB/s   rxcmp/s   txcmp/s  rxmcst/s   %ifutil
02:25:56           lo      0,00      0,00      0,00      0,00      0,00      0,00      0,00      0,00
02:25:56         eno1      4,50      0,50      0,28      0,03      0,00      0,00      1,00      0,00
02:25:56         eno2      0,00      0,00      0,00      0,00      0,00      0,00      0,00      0,00
02:25:56      docker0      0,00      0,00      0,00      0,00      0,00      0,00      0,00      0,00
02:25:56      ens2np0 1197319,00 1197308,50 1192641,97 1192631,51      0,00      0,00      0,00     97,70
02:25:56      ens2np1      0,00      0,00      0,00      0,00      0,00      0,00      0,00      0,00

02:25:56        CPU      %usr     %nice      %sys   %iowait    %steal      %irq     %soft    %guest    %gnice     %idle
02:25:58        all      0,00      0,00      0,00      0,00      0,00      0,00      2,97      0,00      0,00     97,03
02:25:58          0      0,00      0,00      0,00      0,00      0,00      0,00      9,88      0,00      0,00     90,12
02:25:58          1      0,00      0,00      0,00      0,00      0,00      0,00     28,85      0,00      0,00     71,15
02:25:58          2      0,00      0,00      0,00      0,00      0,00      0,00      1,28      0,00      0,00     98,72
02:25:58          3      0,00      0,00      0,00      0,00      0,00      0,00      9,76      0,00      0,00     90,24
02:25:58          4      0,00      0,00      0,00      0,00      0,00      0,00      6,02      0,00      0,00     93,98
02:25:58          5      0,00      0,00      0,00      0,00      0,00      0,00     15,00      0,00      0,00     85,00
02:25:58          6      0,00      0,00      0,00      0,00      0,00      0,00      2,70      0,00      0,00     97,30
02:25:58          7      0,00      0,00      0,00      0,00      0,00      0,00      1,32      0,00      0,00     98,68
02:25:58          8      0,00      0,00      0,00      0,00      0,00      0,00      0,00      0,00      0,00    100,00
02:25:58          9      0,00      0,00      0,00      0,00      0,00      0,00      0,00      0,00      0,00    100,00
02:25:58         10      0,00      0,00      0,00      0,00      0,00      0,00      0,00      0,00      0,00    100,00
02:25:58         11      0,00      0,00      0,00      0,00      0,00      0,00      0,00      0,00      0,00    100,00
02:25:58         12      0,00      0,00      0,00      0,00      0,00      0,00      0,00      0,00      0,00    100,00
02:25:58         13      0,00      0,00      0,00      0,00      0,00      0,00      0,00      0,00      0,00    100,00
02:25:58         14      0,00      0,00      0,00      0,00      0,00      0,00      0,00      0,00      0,00    100,00
02:25:58         15      0,00      0,00      0,00      0,00      0,00      0,00      0,00      0,00      0,00    100,00

02:25:56        IFACE   rxpck/s   txpck/s    rxkB/s    txkB/s   rxcmp/s   txcmp/s  rxmcst/s   %ifutil
02:25:58           lo      0,00      0,00      0,00      0,00      0,00      0,00      0,00      0,00
02:25:58         eno1      4,50      0,00      0,28      0,00      0,00      0,00      1,00      0,00
02:25:58         eno2      0,00      0,00      0,00      0,00      0,00      0,00      0,00      0,00
02:25:58      docker0      0,00      0,00      0,00      0,00      0,00      0,00      0,00      0,00
02:25:58      ens2np0 1197315,00 1197313,50 1192637,99 1192636,49      0,00      0,00      0,00     97,70
02:25:58      ens2np1      0,00      0,00      0,00      0,00      0,00      0,00      0,00      0,00

02:25:58        CPU      %usr     %nice      %sys   %iowait    %steal      %irq     %soft    %guest    %gnice     %idle
02:26:00        all      0,04      0,00      0,09      0,00      0,00      0,00      4,34      0,00      0,00     95,53
02:26:00          0      0,00      0,00      0,00      0,00      0,00      0,00     18,39      0,00      0,00     81,61
02:26:00          1      0,00      0,00      0,00      0,00      0,00      0,00     34,78      0,00      0,00     65,22
02:26:00          2      0,00      0,00      0,00      0,00      0,00      0,00      9,76      0,00      0,00     90,24
02:26:00          3      0,00      0,00      0,00      0,00      0,00      0,00     13,10      0,00      0,00     86,90
02:26:00          4      0,00      0,00      0,00      0,00      0,00      0,00      5,06      0,00      0,00     94,94
02:26:00          5      0,00      0,00      0,00      0,00      0,00      0,00      9,21      0,00      0,00     90,79
02:26:00          6      0,00      0,00      0,00      0,00      0,00      0,00     11,90      0,00      0,00     88,10
02:26:00          7      0,00      0,00      0,00      0,00      0,00      0,00      3,95      0,00      0,00     96,05
02:26:00          8      0,00      0,00      0,00      0,00      0,00      0,00      0,00      0,00      0,00    100,00
02:26:00          9      0,00      0,00      0,00      0,00      0,00      0,00      0,00      0,00      0,00    100,00
02:26:00         10      0,50      0,00      0,00      0,00      0,00      0,00      0,00      0,00      0,00     99,50
02:26:00         11      0,00      0,00      0,00      0,00      0,00      0,00      0,00      0,00      0,00    100,00
02:26:00         12      0,00      0,00      0,00      0,00      0,00      0,00      0,00      0,00      0,00    100,00
02:26:00         13      0,00      0,00      0,50      0,00      0,00      0,00      0,00      0,00      0,00     99,50
02:26:00         14      0,00      0,00      0,00      0,00      0,00      0,00      0,00      0,00      0,00    100,00
02:26:00         15      0,00      0,00      0,50      0,00      0,00      0,00      0,00      0,00      0,00     99,50

02:25:58        IFACE   rxpck/s   txpck/s    rxkB/s    txkB/s   rxcmp/s   txcmp/s  rxmcst/s   %ifutil
02:26:00           lo      0,00      0,00      0,00      0,00      0,00      0,00      0,00      0,00
02:26:00         eno1      4,50      0,50      0,28      0,03      0,00      0,00      1,00      0,00
02:26:00         eno2      0,00      0,00      0,00      0,00      0,00      0,00      0,00      0,00
02:26:00      docker0      0,00      0,00      0,00      0,00      0,00      0,00      0,00      0,00
02:26:00      ens2np0 1197313,00 1197297,00 1192636,00 1192620,06      0,00      0,00      0,00     97,70
02:26:00      ens2np1      0,00      0,00      0,00      0,00      0,00      0,00      0,00      0,00

02:26:00        CPU      %usr     %nice      %sys   %iowait    %steal      %irq     %soft    %guest    %gnice     %idle
02:26:02        all      0,43      0,00      0,26      0,00      0,00      0,00      5,82      0,00      0,00     93,49
02:26:02          0      1,02      0,00      0,00      0,00      0,00      0,00     25,51      0,00      0,00     73,47
02:26:02          1      0,99      0,00      0,00      0,00      0,00      0,00     23,76      0,00      0,00     75,25
02:26:02          2      1,20      0,00      0,00      0,00      0,00      0,00     12,05      0,00      0,00     86,75
02:26:02          3      0,00      0,00      0,00      0,00      0,00      0,00     19,57      0,00      0,00     80,43
02:26:02          4      1,18      0,00      1,18      0,00      0,00      0,00     12,94      0,00      0,00     84,71
02:26:02          5      0,00      0,00      1,16      0,00      0,00      0,00     19,77      0,00      0,00     79,07
02:26:02          6      0,00      0,00      0,00      0,00      0,00      0,00     12,20      0,00      0,00     87,80
02:26:02          7      0,00      0,00      0,00      0,00      0,00      0,00     21,74      0,00      0,00     78,26
02:26:02          8      0,50      0,00      0,00      0,00      0,00      0,00      0,00      0,00      0,00     99,50
02:26:02          9      0,00      0,00      0,00      0,00      0,00      0,00      0,00      0,00      0,00    100,00
02:26:02         10      0,50      0,00      1,00      0,00      0,00      0,00      0,00      0,00      0,00     98,50
02:26:02         11      0,50      0,00      0,00      0,00      0,00      0,00      0,00      0,00      0,00     99,50
02:26:02         12      1,00      0,00      0,00      0,00      0,00      0,00      0,00      0,00      0,00     99,00
02:26:02         13      0,50      0,00      0,50      0,00      0,00      0,00      0,00      0,00      0,00     99,00
02:26:02         14      0,00      0,00      0,50      0,00      0,00      0,00      0,00      0,00      0,00     99,50
02:26:02         15      0,00      0,00      0,00      0,00      0,00      0,00      0,00      0,00      0,00    100,00

02:26:00        IFACE   rxpck/s   txpck/s    rxkB/s    txkB/s   rxcmp/s   txcmp/s  rxmcst/s   %ifutil
02:26:02           lo      0,00      0,00      0,00      0,00      0,00      0,00      0,00      0,00
02:26:02         eno1      6,00      0,00      0,38      0,00      0,00      0,00      1,00      0,00
02:26:02         eno2      0,00      0,00      0,00      0,00      0,00      0,00      0,00      0,00
02:26:02      docker0      0,00      0,00      0,00      0,00      0,00      0,00      0,00      0,00
02:26:02      ens2np0 1197303,00 1197334,50 1192626,04 1192657,41      0,00      0,00      0,00     97,70
02:26:02      ens2np1      0,00      0,00      0,00      0,00      0,00      0,00      0,00      0,00

02:26:02        CPU      %usr     %nice      %sys   %iowait    %steal      %irq     %soft    %guest    %gnice     %idle
02:26:04        all      0,00      0,00      0,00      0,00      0,00      0,00      1,93      0,00      0,00     98,07
02:26:04          0      0,00      0,00      0,00      0,00      0,00      0,00     14,12      0,00      0,00     85,88
02:26:04          1      0,00      0,00      0,00      0,00      0,00      0,00      5,00      0,00      0,00     95,00
02:26:04          2      0,00      0,00      0,00      0,00      0,00      0,00      1,35      0,00      0,00     98,65
02:26:04          3      0,00      0,00      0,00      0,00      0,00      0,00     10,00      0,00      0,00     90,00
02:26:04          4      0,00      0,00      0,00      0,00      0,00      0,00      1,33      0,00      0,00     98,67
02:26:04          5      0,00      0,00      0,00      0,00      0,00      0,00     12,35      0,00      0,00     87,65
02:26:04          6      0,00      0,00      0,00      0,00      0,00      0,00      1,35      0,00      0,00     98,65
02:26:04          7      0,00      0,00      0,00      0,00      0,00      0,00      7,59      0,00      0,00     92,41
02:26:04          8      0,00      0,00      0,00      0,00      0,00      0,00      0,00      0,00      0,00    100,00
02:26:04          9      0,00      0,00      0,00      0,00      0,00      0,00      0,00      0,00      0,00    100,00
02:26:04         10      0,00      0,00      0,00      0,00      0,00      0,00      0,00      0,00      0,00    100,00
02:26:04         11      0,00      0,00      0,00      0,00      0,00      0,00      0,00      0,00      0,00    100,00
02:26:04         12      0,00      0,00      0,00      0,00      0,00      0,00      0,00      0,00      0,00    100,00
02:26:04         13      0,00      0,00      0,00      0,00      0,00      0,00      0,00      0,00      0,00    100,00
02:26:04         14      0,00      0,00      0,00      0,00      0,00      0,00      0,00      0,00      0,00    100,00
02:26:04         15      0,00      0,00      0,00      0,00      0,00      0,00      0,00      0,00      0,00    100,00

02:26:02        IFACE   rxpck/s   txpck/s    rxkB/s    txkB/s   rxcmp/s   txcmp/s  rxmcst/s   %ifutil
02:26:04           lo      0,00      0,00      0,00      0,00      0,00      0,00      0,00      0,00
02:26:04         eno1      5,50      0,00      0,35      0,00      0,00      0,00      1,00      0,00
02:26:04         eno2      0,00      0,00      0,00      0,00      0,00      0,00      0,00      0,00
02:26:04      docker0      0,00      0,00      0,00      0,00      0,00      0,00      0,00      0,00
02:26:04      ens2np0 1197322,00 1197295,50 1192644,96 1192618,56      0,00      0,00      0,00     97,70
02:26:04      ens2np1      0,00      0,00      0,00      0,00      0,00      0,00      0,00      0,00

02:26:04        CPU      %usr     %nice      %sys   %iowait    %steal      %irq     %soft    %guest    %gnice     %idle
02:26:06        all      0,00      0,00      0,00      0,00      0,00      0,00      2,11      0,00      0,00     97,89
02:26:06          0      0,00      0,00      0,00      0,00      0,00      0,00      9,21      0,00      0,00     90,79
02:26:06          1      0,00      0,00      0,00      0,00      0,00      0,00      1,33      0,00      0,00     98,67
02:26:06          2      0,00      0,00      0,00      0,00      0,00      0,00      5,00      0,00      0,00     95,00
02:26:06          3      0,00      0,00      0,00      0,00      0,00      0,00     13,25      0,00      0,00     86,75
02:26:06          4      0,00      0,00      0,00      0,00      0,00      0,00      6,33      0,00      0,00     93,67
02:26:06          5      0,00      0,00      0,00      0,00      0,00      0,00     15,48      0,00      0,00     84,52
02:26:06          6      0,00      0,00      0,00      0,00      0,00      0,00      1,35      0,00      0,00     98,65
02:26:06          7      0,00      0,00      0,00      0,00      0,00      0,00      6,25      0,00      0,00     93,75
02:26:06          8      0,00      0,00      0,00      0,00      0,00      0,00      0,00      0,00      0,00    100,00
02:26:06          9      0,00      0,00      0,00      0,00      0,00      0,00      0,00      0,00      0,00    100,00
02:26:06         10      0,00      0,00      0,00      0,00      0,00      0,00      0,00      0,00      0,00    100,00
02:26:06         11      0,00      0,00      0,00      0,00      0,00      0,00      0,00      0,00      0,00    100,00
02:26:06         12      0,00      0,00      0,00      0,00      0,00      0,00      0,00      0,00      0,00    100,00
02:26:06         13      0,00      0,00      0,00      0,00      0,00      0,00      0,00      0,00      0,00    100,00
02:26:06         14      0,00      0,00      0,00      0,00      0,00      0,00      0,00      0,00      0,00    100,00
02:26:06         15      0,00      0,00      0,00      0,00      0,00      0,00      0,00      0,00      0,00    100,00

02:26:04        IFACE   rxpck/s   txpck/s    rxkB/s    txkB/s   rxcmp/s   txcmp/s  rxmcst/s   %ifutil
02:26:06           lo      0,00      0,00      0,00      0,00      0,00      0,00      0,00      0,00
02:26:06         eno1      7,00      0,00      0,44      0,00      0,00      0,00      1,00      0,00
02:26:06         eno2      0,00      0,00      0,00      0,00      0,00      0,00      0,00      0,00
02:26:06      docker0      0,00      0,00      0,00      0,00      0,00      0,00      0,00      0,00
02:26:06      ens2np0 1197316,50 1197276,00 1192639,48 1192599,14      0,00      0,00      0,00     97,70
02:26:06      ens2np1      0,00      0,00      0,00      0,00      0,00      0,00      0,00      0,00

Average:        CPU      %usr     %nice      %sys   %iowait    %steal      %irq     %soft    %guest    %gnice     %idle
Average:        all      0,10      0,00      0,04      0,00      0,00      0,00      2,78      0,00      0,00     97,07
Average:          0      0,11      0,00      0,00      0,00      0,00      0,00      9,60      0,00      0,00     90,29
Average:          1      0,07      0,00      0,03      0,00      0,00      0,00     16,86      0,00      0,00     83,04
Average:          2      0,11      0,00      0,00      0,00      0,00      0,00      5,67      0,00      0,00     94,22
Average:          3      0,04      0,00      0,00      0,00      0,00      0,00      7,81      0,00      0,00     92,15
Average:          4      0,08      0,00      0,04      0,00      0,00      0,00      4,97      0,00      0,00     94,92
Average:          5      0,04      0,00      0,04      0,04      0,00      0,00      9,09      0,00      0,00     90,80
Average:          6      0,08      0,00      0,04      0,00      0,00      0,00      3,48      0,00      0,00     96,41
Average:          7      0,12      0,00      0,04      0,00      0,00      0,00      4,11      0,00      0,00     95,73
Average:          8      0,08      0,00      0,10      0,00      0,00      0,00      0,00      0,00      0,00     99,82
Average:          9      0,06      0,00      0,02      0,00      0,00      0,00      0,00      0,00      0,00     99,92
Average:         10      0,12      0,00      0,06      0,00      0,00      0,00      0,00      0,00      0,00     99,82
Average:         11      0,26      0,00      0,08      0,00      0,00      0,00      0,00      0,00      0,00     99,66
Average:         12      0,14      0,00      0,02      0,00      0,00      0,00      0,00      0,00      0,00     99,84
Average:         13      0,18      0,00      0,08      0,00      0,00      0,00      0,00      0,00      0,00     99,74
Average:         14      0,04      0,00      0,04      0,00      0,00      0,00      0,00      0,00      0,00     99,92
Average:         15      0,04      0,00      0,04      0,00      0,00      0,00      0,00      0,00      0,00     99,92

Average:        IFACE   rxpck/s   txpck/s    rxkB/s    txkB/s   rxcmp/s   txcmp/s  rxmcst/s   %ifutil
Average:           lo      0,00      0,00      0,00      0,00      0,00      0,00      0,00      0,00
Average:         eno1      4,76      0,78      0,40      0,14      0,00      0,00      1,06      0,00
Average:         eno2      0,00      0,00      0,00      0,00      0,00      0,00      0,00      0,00
Average:      docker0      0,00      0,00      0,00      0,00      0,00      0,00      0,00      0,00
Average:      ens2np0 939502,14 939257,42 935832,21 935588,45      0,00      0,00      0,00     76,66
Average:      ens2np1      0,00      0,00      0,00      0,00      0,00      0,00      0,00      0,00
