Linux 5.13.0-52-generic (w1) 	16/07/2022 	_x86_64_	(16 CPU)

01:05:26        CPU      %usr     %nice      %sys   %iowait    %steal      %irq     %soft    %guest    %gnice     %idle
01:05:28        all      0,06      0,00      0,03      0,00      0,00      0,00      0,00      0,00      0,00     99,91
01:05:28          0      0,00      0,00      0,50      0,00      0,00      0,00      0,00      0,00      0,00     99,50
01:05:28          1      0,00      0,00      0,00      0,00      0,00      0,00      0,00      0,00      0,00    100,00
01:05:28          2      0,00      0,00      0,00      0,00      0,00      0,00      0,00      0,00      0,00    100,00
01:05:28          3      0,00      0,00      0,00      0,00      0,00      0,00      0,00      0,00      0,00    100,00
01:05:28          4      0,00      0,00      0,00      0,00      0,00      0,00      0,00      0,00      0,00    100,00
01:05:28          5      0,00      0,00      0,00      0,00      0,00      0,00      0,00      0,00      0,00    100,00
01:05:28          6      0,00      0,00      0,00      0,00      0,00      0,00      0,00      0,00      0,00    100,00
01:05:28          7      0,50      0,00      0,00      0,00      0,00      0,00      0,00      0,00      0,00     99,50
01:05:28          8      0,00      0,00      0,00      0,00      0,00      0,00      0,00      0,00      0,00    100,00
01:05:28          9      0,00      0,00      0,00      0,00      0,00      0,00      0,00      0,00      0,00    100,00
01:05:28         10      0,50      0,00      0,00      0,00      0,00      0,00      0,00      0,00      0,00     99,50
01:05:28         11      0,00      0,00      0,00      0,00      0,00      0,00      0,00      0,00      0,00    100,00
01:05:28         12      0,00      0,00      0,00      0,00      0,00      0,00      0,00      0,00      0,00    100,00
01:05:28         13      0,00      0,00      0,00      0,00      0,00      0,00      0,00      0,00      0,00    100,00
01:05:28         14      0,00      0,00      0,00      0,00      0,00      0,00      0,00      0,00      0,00    100,00
01:05:28         15      0,00      0,00      0,00      0,00      0,00      0,00      0,00      0,00      0,00    100,00

01:05:26        IFACE   rxpck/s   txpck/s    rxkB/s    txkB/s   rxcmp/s   txcmp/s  rxmcst/s   %ifutil
01:05:28           lo      0,00      0,00      0,00      0,00      0,00      0,00      0,00      0,00
01:05:28         eno1     21,00     17,00      3,64      3,25      0,00      0,00      1,50      0,00
01:05:28         eno2      0,00      0,00      0,00      0,00      0,00      0,00      0,00      0,00
01:05:28      docker0      0,00      0,00      0,00      0,00      0,00      0,00      0,00      0,00
01:05:28      ens2np0      0,00      0,00      0,00      0,00      0,00      0,00      0,00      0,00
01:05:28      ens2np1      0,00      0,00      0,00      0,00      0,00      0,00      0,00      0,00

01:05:28        CPU      %usr     %nice      %sys   %iowait    %steal      %irq     %soft    %guest    %gnice     %idle
01:05:30        all      0,03      0,00      0,03      0,00      0,00      0,00      0,00      0,00      0,00     99,94
01:05:30          0      0,00      0,00      0,00      0,00      0,00      0,00      0,00      0,00      0,00    100,00
01:05:30          1      0,00      0,00      0,00      0,00      0,00      0,00      0,00      0,00      0,00    100,00
01:05:30          2      0,00      0,00      0,00      0,00      0,00      0,00      0,00      0,00      0,00    100,00
01:05:30          3      0,00      0,00      0,00      0,00      0,00      0,00      0,00      0,00      0,00    100,00
01:05:30          4      0,00      0,00      0,00      0,00      0,00      0,00      0,00      0,00      0,00    100,00
01:05:30          5      0,00      0,00      0,00      0,00      0,00      0,00      0,00      0,00      0,00    100,00
01:05:30          6      0,00      0,00      0,00      0,00      0,00      0,00      0,00      0,00      0,00    100,00
01:05:30          7      0,00      0,00      0,00      0,00      0,00      0,00      0,00      0,00      0,00    100,00
01:05:30          8      0,00      0,00      0,00      0,00      0,00      0,00      0,00      0,00      0,00    100,00
01:05:30          9      0,00      0,00      0,00      0,00      0,00      0,00      0,00      0,00      0,00    100,00
01:05:30         10      0,00      0,00      0,00      0,00      0,00      0,00      0,00      0,00      0,00    100,00
01:05:30         11      0,00      0,00      0,00      0,00      0,00      0,00      0,00      0,00      0,00    100,00
01:05:30         12      0,00      0,00      0,00      0,00      0,00      0,00      0,00      0,00      0,00    100,00
01:05:30         13      0,00      0,00      0,00      0,00      0,00      0,00      0,00      0,00      0,00    100,00
01:05:30         14      0,00      0,00      0,50      0,00      0,00      0,00      0,00      0,00      0,00     99,50
01:05:30         15      0,50      0,00      0,00      0,00      0,00      0,00      0,00      0,00      0,00     99,50

01:05:28        IFACE   rxpck/s   txpck/s    rxkB/s    txkB/s   rxcmp/s   txcmp/s  rxmcst/s   %ifutil
01:05:30           lo      0,00      0,00      0,00      0,00      0,00      0,00      0,00      0,00
01:05:30         eno1      3,50      0,00      0,22      0,00      0,00      0,00      1,00      0,00
01:05:30         eno2      0,00      0,00      0,00      0,00      0,00      0,00      0,00      0,00
01:05:30      docker0      0,00      0,00      0,00      0,00      0,00      0,00      0,00      0,00
01:05:30      ens2np0      0,00      0,00      0,00      0,00      0,00      0,00      0,00      0,00
01:05:30      ens2np1      0,00      0,00      0,00      0,00      0,00      0,00      0,00      0,00

01:05:30        CPU      %usr     %nice      %sys   %iowait    %steal      %irq     %soft    %guest    %gnice     %idle
01:05:32        all      0,25      0,00      0,00      0,00      0,00      0,00      0,00      0,00      0,00     99,75
01:05:32          0      0,50      0,00      0,00      0,00      0,00      0,00      0,00      0,00      0,00     99,50
01:05:32          1      0,50      0,00      0,00      0,00      0,00      0,00      0,00      0,00      0,00     99,50
01:05:32          2      0,50      0,00      0,00      0,00      0,00      0,00      0,00      0,00      0,00     99,50
01:05:32          3      0,00      0,00      0,00      0,00      0,00      0,00      0,00      0,00      0,00    100,00
01:05:32          4      0,00      0,00      0,00      0,00      0,00      0,00      0,00      0,00      0,00    100,00
01:05:32          5      0,50      0,00      0,00      0,00      0,00      0,00      0,00      0,00      0,00     99,50
01:05:32          6      0,50      0,00      0,00      0,00      0,00      0,00      0,00      0,00      0,00     99,50
01:05:32          7      0,00      0,00      0,00      0,00      0,00      0,00      0,00      0,00      0,00    100,00
01:05:32          8      0,50      0,00      0,00      0,00      0,00      0,00      0,00      0,00      0,00     99,50
01:05:32          9      0,50      0,00      0,00      0,00      0,00      0,00      0,00      0,00      0,00     99,50
01:05:32         10      0,00      0,00      0,00      0,00      0,00      0,00      0,00      0,00      0,00    100,00
01:05:32         11      0,00      0,00      0,00      0,00      0,00      0,00      0,00      0,00      0,00    100,00
01:05:32         12      0,00      0,00      0,00      0,00      0,00      0,00      0,00      0,00      0,00    100,00
01:05:32         13      0,50      0,00      0,00      0,00      0,00      0,00      0,00      0,00      0,00     99,50
01:05:32         14      0,00      0,00      0,00      0,00      0,00      0,00      0,00      0,00      0,00    100,00
01:05:32         15      0,00      0,00      0,00      0,00      0,00      0,00      0,00      0,00      0,00    100,00

01:05:30        IFACE   rxpck/s   txpck/s    rxkB/s    txkB/s   rxcmp/s   txcmp/s  rxmcst/s   %ifutil
01:05:32           lo      0,00      0,00      0,00      0,00      0,00      0,00      0,00      0,00
01:05:32         eno1      3,50      0,00      0,23      0,00      0,00      0,00      1,50      0,00
01:05:32         eno2      0,00      0,00      0,00      0,00      0,00      0,00      0,00      0,00
01:05:32      docker0      0,00      0,00      0,00      0,00      0,00      0,00      0,00      0,00
01:05:32      ens2np0      0,00      0,00      0,00      0,00      0,00      0,00      0,00      0,00
01:05:32      ens2np1      0,00      0,00      0,00      0,00      0,00      0,00      0,00      0,00

01:05:32        CPU      %usr     %nice      %sys   %iowait    %steal      %irq     %soft    %guest    %gnice     %idle
01:05:34        all      0,28      0,00      0,06      0,03      0,00      0,00      0,00      0,00      0,00     99,62
01:05:34          0      0,00      0,00      0,00      0,00      0,00      0,00      0,00      0,00      0,00    100,00
01:05:34          1      1,51      0,00      0,00      0,00      0,00      0,00      0,00      0,00      0,00     98,49
01:05:34          2      0,00      0,00      0,00      0,00      0,00      0,00      0,00      0,00      0,00    100,00
01:05:34          3      0,00      0,00      0,00      0,00      0,00      0,00      0,00      0,00      0,00    100,00
01:05:34          4      1,00      0,00      0,50      0,00      0,00      0,00      0,00      0,00      0,00     98,51
01:05:34          5      0,00      0,00      0,00      0,00      0,00      0,00      0,00      0,00      0,00    100,00
01:05:34          6      0,00      0,00      0,00      0,00      0,00      0,00      0,00      0,00      0,00    100,00
01:05:34          7      0,00      0,00      0,00      0,00      0,00      0,00      0,00      0,00      0,00    100,00
01:05:34          8      0,00      0,00      0,50      0,00      0,00      0,00      0,00      0,00      0,00     99,50
01:05:34          9      0,00      0,00      0,00      0,00      0,00      0,00      0,00      0,00      0,00    100,00
01:05:34         10      1,00      0,00      0,00      0,00      0,00      0,00      0,00      0,00      0,00     99,00
01:05:34         11      0,50      0,00      0,00      0,00      0,00      0,00      0,00      0,00      0,00     99,50
01:05:34         12      0,50      0,00      0,00      0,00      0,00      0,00      0,00      0,00      0,00     99,50
01:05:34         13      0,00      0,00      0,00      0,00      0,00      0,00      0,00      0,00      0,00    100,00
01:05:34         14      0,00      0,00      0,00      0,50      0,00      0,00      0,00      0,00      0,00     99,50
01:05:34         15      0,00      0,00      0,00      0,00      0,00      0,00      0,00      0,00      0,00    100,00

01:05:32        IFACE   rxpck/s   txpck/s    rxkB/s    txkB/s   rxcmp/s   txcmp/s  rxmcst/s   %ifutil
01:05:34           lo      0,00      0,00      0,00      0,00      0,00      0,00      0,00      0,00
01:05:34         eno1      7,00      0,00      0,44      0,00      0,00      0,00      1,00      0,00
01:05:34         eno2      0,00      0,00      0,00      0,00      0,00      0,00      0,00      0,00
01:05:34      docker0      0,00      0,00      0,00      0,00      0,00      0,00      0,00      0,00
01:05:34      ens2np0      0,00      0,00      0,00      0,00      0,00      0,00      0,00      0,00
01:05:34      ens2np1      0,00      0,00      0,00      0,00      0,00      0,00      0,00      0,00

01:05:34        CPU      %usr     %nice      %sys   %iowait    %steal      %irq     %soft    %guest    %gnice     %idle
01:05:36        all      0,16      0,00      0,00      0,00      0,00      0,00      0,00      0,00      0,00     99,84
01:05:36          0      0,00      0,00      0,00      0,00      0,00      0,00      0,00      0,00      0,00    100,00
01:05:36          1      0,00      0,00      0,00      0,00      0,00      0,00      0,00      0,00      0,00    100,00
01:05:36          2      0,50      0,00      0,00      0,00      0,00      0,00      0,00      0,00      0,00     99,50
01:05:36          3      0,50      0,00      0,00      0,00      0,00      0,00      0,00      0,00      0,00     99,50
01:05:36          4      0,00      0,00      0,00      0,00      0,00      0,00      0,00      0,00      0,00    100,00
01:05:36          5      0,00      0,00      0,00      0,00      0,00      0,00      0,00      0,00      0,00    100,00
01:05:36          6      0,00      0,00      0,00      0,00      0,00      0,00      0,00      0,00      0,00    100,00
01:05:36          7      0,50      0,00      0,00      0,00      0,00      0,00      0,00      0,00      0,00     99,50
01:05:36          8      0,00      0,00      0,00      0,00      0,00      0,00      0,00      0,00      0,00    100,00
01:05:36          9      0,00      0,00      0,00      0,00      0,00      0,00      0,00      0,00      0,00    100,00
01:05:36         10      0,00      0,00      0,00      0,00      0,00      0,00      0,00      0,00      0,00    100,00
01:05:36         11      0,00      0,00      0,00      0,00      0,00      0,00      0,00      0,00      0,00    100,00
01:05:36         12      0,00      0,00      0,00      0,00      0,00      0,00      0,00      0,00      0,00    100,00
01:05:36         13      0,00      0,00      0,00      0,00      0,00      0,00      0,00      0,00      0,00    100,00
01:05:36         14      0,50      0,00      0,00      0,00      0,00      0,00      0,00      0,00      0,00     99,50
01:05:36         15      0,50      0,00      0,00      0,00      0,00      0,00      0,00      0,00      0,00     99,50

01:05:34        IFACE   rxpck/s   txpck/s    rxkB/s    txkB/s   rxcmp/s   txcmp/s  rxmcst/s   %ifutil
01:05:36           lo      0,00      0,00      0,00      0,00      0,00      0,00      0,00      0,00
01:05:36         eno1      6,00      1,00      0,50      0,07      0,00      0,00      1,00      0,00
01:05:36         eno2      0,00      0,00      0,00      0,00      0,00      0,00      0,00      0,00
01:05:36      docker0      0,00      0,00      0,00      0,00      0,00      0,00      0,00      0,00
01:05:36      ens2np0      0,00      0,00      0,00      0,00      0,00      0,00      0,00      0,00
01:05:36      ens2np1      0,00      0,00      0,00      0,00      0,00      0,00      0,00      0,00

01:05:36        CPU      %usr     %nice      %sys   %iowait    %steal      %irq     %soft    %guest    %gnice     %idle
01:05:38        all      0,06      0,00      0,00      0,00      0,00      0,00     14,48      0,00      0,00     85,45
01:05:38          0      0,00      0,00      0,00      0,00      0,00      0,00     57,73      0,00      0,00     42,27
01:05:38          1      0,00      0,00      0,00      0,00      0,00      0,00     57,81      0,00      0,00     42,19
01:05:38          2      0,00      0,00      0,00      0,00      0,00      0,00     57,51      0,00      0,00     42,49
01:05:38          3      0,00      0,00      0,00      0,00      0,00      0,00     57,51      0,00      0,00     42,49
01:05:38          4      0,00      0,00      0,00      0,00      0,00      0,00      7,83      0,00      0,00     92,17
01:05:38          5      0,50      0,00      0,00      0,00      0,00      0,00      0,00      0,00      0,00     99,50
01:05:38          6      0,00      0,00      0,00      0,00      0,00      0,00      0,00      0,00      0,00    100,00
01:05:38          7      0,00      0,00      0,00      0,00      0,00      0,00      0,00      0,00      0,00    100,00
01:05:38          8      0,00      0,00      0,00      0,00      0,00      0,00      0,00      0,00      0,00    100,00
01:05:38          9      0,00      0,00      0,00      0,00      0,00      0,00      0,00      0,00      0,00    100,00
01:05:38         10      0,00      0,00      0,00      0,00      0,00      0,00      0,00      0,00      0,00    100,00
01:05:38         11      0,00      0,00      0,00      0,00      0,00      0,00      0,00      0,00      0,00    100,00
01:05:38         12      0,50      0,00      0,00      0,00      0,00      0,00      0,00      0,00      0,00     99,50
01:05:38         13      0,00      0,00      0,00      0,00      0,00      0,00      0,00      0,00      0,00    100,00
01:05:38         14      0,00      0,00      0,00      0,00      0,00      0,00      0,00      0,00      0,00    100,00
01:05:38         15      0,00      0,00      0,00      0,00      0,00      0,00      0,00      0,00      0,00    100,00

01:05:36        IFACE   rxpck/s   txpck/s    rxkB/s    txkB/s   rxcmp/s   txcmp/s  rxmcst/s   %ifutil
01:05:38           lo      0,00      0,00      0,00      0,00      0,00      0,00      0,00      0,00
01:05:38         eno1      7,50      0,00      0,47      0,00      0,00      0,00      1,00      0,00
01:05:38         eno2      0,00      0,00      0,00      0,00      0,00      0,00      0,00      0,00
01:05:38      docker0      0,00      0,00      0,00      0,00      0,00      0,00      0,00      0,00
01:05:38      ens2np0  61985,00  57344,00  90556,21  83776,00      0,00      0,00      0,00      7,42
01:05:38      ens2np1      0,00      0,00      0,00      0,00      0,00      0,00      0,00      0,00

01:05:38        CPU      %usr     %nice      %sys   %iowait    %steal      %irq     %soft    %guest    %gnice     %idle
01:05:40        all      0,00      0,00      0,03      0,00      0,00      0,00     25,57      0,00      0,00     74,40
01:05:40          0      0,00      0,00      0,00      0,00      0,00      0,00    100,00      0,00      0,00      0,00
01:05:40          1      0,00      0,00      0,00      0,00      0,00      0,00    100,00      0,00      0,00      0,00
01:05:40          2      0,00      0,00      0,00      0,00      0,00      0,00    100,00      0,00      0,00      0,00
01:05:40          3      0,00      0,00      0,00      0,00      0,00      0,00    100,00      0,00      0,00      0,00
01:05:40          4      0,00      0,00      0,45      0,00      0,00      0,00     10,71      0,00      0,00     88,84
01:05:40          5      0,00      0,00      0,00      0,00      0,00      0,00      0,00      0,00      0,00    100,00
01:05:40          6      0,00      0,00      0,00      0,00      0,00      0,00      0,00      0,00      0,00    100,00
01:05:40          7      0,00      0,00      0,00      0,00      0,00      0,00      0,00      0,00      0,00    100,00
01:05:40          8      0,00      0,00      0,00      0,00      0,00      0,00      0,00      0,00      0,00    100,00
01:05:40          9      0,00      0,00      0,00      0,00      0,00      0,00      0,00      0,00      0,00    100,00
01:05:40         10      0,00      0,00      0,00      0,00      0,00      0,00      0,00      0,00      0,00    100,00
01:05:40         11      0,00      0,00      0,00      0,00      0,00      0,00      0,00      0,00      0,00    100,00
01:05:40         12      0,00      0,00      0,00      0,00      0,00      0,00      0,00      0,00      0,00    100,00
01:05:40         13      0,00      0,00      0,00      0,00      0,00      0,00      0,00      0,00      0,00    100,00
01:05:40         14      0,00      0,00      0,00      0,00      0,00      0,00      0,00      0,00      0,00    100,00
01:05:40         15      0,00      0,00      0,00      0,00      0,00      0,00      0,00      0,00      0,00    100,00

01:05:38        IFACE   rxpck/s   txpck/s    rxkB/s    txkB/s   rxcmp/s   txcmp/s  rxmcst/s   %ifutil
01:05:40           lo      0,00      0,00      0,00      0,00      0,00      0,00      0,00      0,00
01:05:40         eno1      3,50      0,00      0,22      0,00      0,00      0,00      1,00      0,00
01:05:40         eno2      0,00      0,00      0,00      0,00      0,00      0,00      0,00      0,00
01:05:40      docker0      0,00      0,00      0,00      0,00      0,00      0,00      0,00      0,00
01:05:40      ens2np0 110526,00 110592,00 161471,58 161568,00      0,00      0,00      0,00     13,24
01:05:40      ens2np1      0,00      0,00      0,00      0,00      0,00      0,00      0,00      0,00

01:05:40        CPU      %usr     %nice      %sys   %iowait    %steal      %irq     %soft    %guest    %gnice     %idle
01:05:42        all      0,00      0,00      0,00      0,00      0,00      0,00     25,64      0,00      0,00     74,36
01:05:42          0      0,00      0,00      0,00      0,00      0,00      0,00    100,00      0,00      0,00      0,00
01:05:42          1      0,00      0,00      0,00      0,00      0,00      0,00    100,00      0,00      0,00      0,00
01:05:42          2      0,00      0,00      0,00      0,00      0,00      0,00    100,00      0,00      0,00      0,00
01:05:42          3      0,00      0,00      0,00      0,00      0,00      0,00    100,00      0,00      0,00      0,00
01:05:42          4      0,00      0,00      0,00      0,00      0,00      0,00     11,95      0,00      0,00     88,05
01:05:42          5      0,00      0,00      0,00      0,00      0,00      0,00      0,00      0,00      0,00    100,00
01:05:42          6      0,00      0,00      0,00      0,00      0,00      0,00      0,00      0,00      0,00    100,00
01:05:42          7      0,00      0,00      0,00      0,00      0,00      0,00      0,00      0,00      0,00    100,00
01:05:42          8      0,00      0,00      0,00      0,00      0,00      0,00      0,00      0,00      0,00    100,00
01:05:42          9      0,00      0,00      0,00      0,00      0,00      0,00      0,00      0,00      0,00    100,00
01:05:42         10      0,00      0,00      0,00      0,00      0,00      0,00      0,00      0,00      0,00    100,00
01:05:42         11      0,00      0,00      0,00      0,00      0,00      0,00      0,00      0,00      0,00    100,00
01:05:42         12      0,00      0,00      0,00      0,00      0,00      0,00      0,00      0,00      0,00    100,00
01:05:42         13      0,00      0,00      0,00      0,00      0,00      0,00      0,00      0,00      0,00    100,00
01:05:42         14      0,00      0,00      0,00      0,00      0,00      0,00      0,00      0,00      0,00    100,00
01:05:42         15      0,00      0,00      0,00      0,00      0,00      0,00      0,00      0,00      0,00    100,00

01:05:40        IFACE   rxpck/s   txpck/s    rxkB/s    txkB/s   rxcmp/s   txcmp/s  rxmcst/s   %ifutil
01:05:42           lo      0,00      0,00      0,00      0,00      0,00      0,00      0,00      0,00
01:05:42         eno1      7,50      0,00      0,48      0,00      0,00      0,00      1,50      0,00
01:05:42         eno2      0,00      0,00      0,00      0,00      0,00      0,00      0,00      0,00
01:05:42      docker0      0,00      0,00      0,00      0,00      0,00      0,00      0,00      0,00
01:05:42      ens2np0 110531,50 110592,00 161479,61 161568,00      0,00      0,00      0,00     13,24
01:05:42      ens2np1      0,00      0,00      0,00      0,00      0,00      0,00      0,00      0,00

01:05:42        CPU      %usr     %nice      %sys   %iowait    %steal      %irq     %soft    %guest    %gnice     %idle
01:05:44        all      0,43      0,00      0,12      0,00      0,00      0,00     25,59      0,00      0,00     73,85
01:05:44          0      0,00      0,00      0,00      0,00      0,00      0,00    100,00      0,00      0,00      0,00
01:05:44          1      0,00      0,00      0,00      0,00      0,00      0,00    100,00      0,00      0,00      0,00
01:05:44          2      0,00      0,00      0,00      0,00      0,00      0,00    100,00      0,00      0,00      0,00
01:05:44          3      0,00      0,00      0,00      0,00      0,00      0,00    100,00      0,00      0,00      0,00
01:05:44          4      0,00      0,00      0,00      0,00      0,00      0,00     11,56      0,00      0,00     88,44
01:05:44          5      1,50      0,00      0,00      0,00      0,00      0,00      0,00      0,00      0,00     98,50
01:05:44          6      0,50      0,00      0,50      0,00      0,00      0,00      0,00      0,00      0,00     99,00
01:05:44          7      0,50      0,00      0,50      0,00      0,00      0,00      0,00      0,00      0,00     99,00
01:05:44          8      0,50      0,00      0,00      0,00      0,00      0,00      0,00      0,00      0,00     99,50
01:05:44          9      0,50      0,00      0,00      0,00      0,00      0,00      0,00      0,00      0,00     99,50
01:05:44         10      1,00      0,00      0,00      0,00      0,00      0,00      0,00      0,00      0,00     99,00
01:05:44         11      0,50      0,00      0,00      0,00      0,00      0,00      0,00      0,00      0,00     99,50
01:05:44         12      0,50      0,00      0,00      0,00      0,00      0,00      0,00      0,00      0,00     99,50
01:05:44         13      1,00      0,00      0,50      0,00      0,00      0,00      0,00      0,00      0,00     98,50
01:05:44         14      0,50      0,00      0,50      0,00      0,00      0,00      0,00      0,00      0,00     99,00
01:05:44         15      0,00      0,00      0,00      0,00      0,00      0,00      0,00      0,00      0,00    100,00

01:05:42        IFACE   rxpck/s   txpck/s    rxkB/s    txkB/s   rxcmp/s   txcmp/s  rxmcst/s   %ifutil
01:05:44           lo      0,00      0,00      0,00      0,00      0,00      0,00      0,00      0,00
01:05:44         eno1      3,50      0,00      0,22      0,00      0,00      0,00      1,00      0,00
01:05:44         eno2      0,00      0,00      0,00      0,00      0,00      0,00      0,00      0,00
01:05:44      docker0      0,00      0,00      0,00      0,00      0,00      0,00      0,00      0,00
01:05:44      ens2np0 110253,50 109568,00 161073,47 160072,00      0,00      0,00      0,00     13,20
01:05:44      ens2np1      0,00      0,00      0,00      0,00      0,00      0,00      0,00      0,00

01:05:44        CPU      %usr     %nice      %sys   %iowait    %steal      %irq     %soft    %guest    %gnice     %idle
01:05:46        all      0,00      0,00      0,00      0,00      0,00      0,00     25,24      0,00      0,00     74,76
01:05:46          0      0,00      0,00      0,00      0,00      0,00      0,00    100,00      0,00      0,00      0,00
01:05:46          1      0,00      0,00      0,00      0,00      0,00      0,00    100,00      0,00      0,00      0,00
01:05:46          2      0,00      0,00      0,00      0,00      0,00      0,00    100,00      0,00      0,00      0,00
01:05:46          3      0,00      0,00      0,00      0,00      0,00      0,00    100,00      0,00      0,00      0,00
01:05:46          4      0,00      0,00      0,00      0,00      0,00      0,00      4,78      0,00      0,00     95,22
01:05:46          5      0,00      0,00      0,00      0,00      0,00      0,00      0,00      0,00      0,00    100,00
01:05:46          6      0,00      0,00      0,00      0,00      0,00      0,00      0,00      0,00      0,00    100,00
01:05:46          7      0,00      0,00      0,00      0,00      0,00      0,00      0,00      0,00      0,00    100,00
01:05:46          8      0,00      0,00      0,00      0,00      0,00      0,00      0,00      0,00      0,00    100,00
01:05:46          9      0,00      0,00      0,00      0,00      0,00      0,00      0,00      0,00      0,00    100,00
01:05:46         10      0,00      0,00      0,00      0,00      0,00      0,00      0,00      0,00      0,00    100,00
01:05:46         11      0,00      0,00      0,00      0,00      0,00      0,00      0,00      0,00      0,00    100,00
01:05:46         12      0,00      0,00      0,00      0,00      0,00      0,00      0,00      0,00      0,00    100,00
01:05:46         13      0,00      0,00      0,00      0,00      0,00      0,00      0,00      0,00      0,00    100,00
01:05:46         14      0,00      0,00      0,00      0,00      0,00      0,00      0,00      0,00      0,00    100,00
01:05:46         15      0,00      0,00      0,00      0,00      0,00      0,00      0,00      0,00      0,00    100,00

01:05:44        IFACE   rxpck/s   txpck/s    rxkB/s    txkB/s   rxcmp/s   txcmp/s  rxmcst/s   %ifutil
01:05:46           lo      0,00      0,00      0,00      0,00      0,00      0,00      0,00      0,00
01:05:46         eno1      3,50      0,00      0,22      0,00      0,00      0,00      1,00      0,00
01:05:46         eno2      0,00      0,00      0,00      0,00      0,00      0,00      0,00      0,00
01:05:46      docker0      0,00      0,00      0,00      0,00      0,00      0,00      0,00      0,00
01:05:46      ens2np0 110525,00 110592,00 161470,12 161568,00      0,00      0,00      0,00     13,24
01:05:46      ens2np1      0,00      0,00      0,00      0,00      0,00      0,00      0,00      0,00

01:05:46        CPU      %usr     %nice      %sys   %iowait    %steal      %irq     %soft    %guest    %gnice     %idle
01:05:48        all      0,00      0,00      0,00      0,00      0,00      0,00     25,20      0,00      0,00     74,80
01:05:48          0      0,00      0,00      0,00      0,00      0,00      0,00    100,00      0,00      0,00      0,00
01:05:48          1      0,00      0,00      0,00      0,00      0,00      0,00    100,00      0,00      0,00      0,00
01:05:48          2      0,00      0,00      0,00      0,00      0,00      0,00    100,00      0,00      0,00      0,00
01:05:48          3      0,00      0,00      0,00      0,00      0,00      0,00    100,00      0,00      0,00      0,00
01:05:48          4      0,00      0,00      0,00      0,00      0,00      0,00      3,86      0,00      0,00     96,14
01:05:48          5      0,00      0,00      0,00      0,00      0,00      0,00      0,00      0,00      0,00    100,00
01:05:48          6      0,00      0,00      0,00      0,00      0,00      0,00      0,00      0,00      0,00    100,00
01:05:48          7      0,00      0,00      0,00      0,00      0,00      0,00      0,00      0,00      0,00    100,00
01:05:48          8      0,00      0,00      0,00      0,00      0,00      0,00      0,00      0,00      0,00    100,00
01:05:48          9      0,00      0,00      0,00      0,00      0,00      0,00      0,00      0,00      0,00    100,00
01:05:48         10      0,00      0,00      0,00      0,00      0,00      0,00      0,00      0,00      0,00    100,00
01:05:48         11      0,00      0,00      0,00      0,00      0,00      0,00      0,00      0,00      0,00    100,00
01:05:48         12      0,00      0,00      0,00      0,00      0,00      0,00      0,00      0,00      0,00    100,00
01:05:48         13      0,00      0,00      0,00      0,00      0,00      0,00      0,00      0,00      0,00    100,00
01:05:48         14      0,00      0,00      0,00      0,00      0,00      0,00      0,00      0,00      0,00    100,00
01:05:48         15      0,00      0,00      0,00      0,00      0,00      0,00      0,00      0,00      0,00    100,00

01:05:46        IFACE   rxpck/s   txpck/s    rxkB/s    txkB/s   rxcmp/s   txcmp/s  rxmcst/s   %ifutil
01:05:48           lo      0,00      0,00      0,00      0,00      0,00      0,00      0,00      0,00
01:05:48         eno1      7,00      0,00      0,44      0,00      0,00      0,00      1,00      0,00
01:05:48         eno2      0,00      0,00      0,00      0,00      0,00      0,00      0,00      0,00
01:05:48      docker0      0,00      0,00      0,00      0,00      0,00      0,00      0,00      0,00
01:05:48      ens2np0 110532,50 110592,00 161481,07 161568,00      0,00      0,00      0,00     13,24
01:05:48      ens2np1      0,00      0,00      0,00      0,00      0,00      0,00      0,00      0,00

01:05:48        CPU      %usr     %nice      %sys   %iowait    %steal      %irq     %soft    %guest    %gnice     %idle
01:05:50        all      0,00      0,00      0,03      0,00      0,00      0,00     25,33      0,00      0,00     74,63
01:05:50          0      0,00      0,00      0,00      0,00      0,00      0,00    100,00      0,00      0,00      0,00
01:05:50          1      0,00      0,00      0,00      0,00      0,00      0,00    100,00      0,00      0,00      0,00
01:05:50          2      0,00      0,00      0,00      0,00      0,00      0,00    100,00      0,00      0,00      0,00
01:05:50          3      0,00      0,00      0,00      0,00      0,00      0,00    100,00      0,00      0,00      0,00
01:05:50          4      0,00      0,00      0,00      0,00      0,00      0,00      6,54      0,00      0,00     93,46
01:05:50          5      0,00      0,00      0,00      0,00      0,00      0,00      0,00      0,00      0,00    100,00
01:05:50          6      0,00      0,00      0,50      0,00      0,00      0,00      0,00      0,00      0,00     99,50
01:05:50          7      0,00      0,00      0,00      0,00      0,00      0,00      0,00      0,00      0,00    100,00
01:05:50          8      0,00      0,00      0,00      0,00      0,00      0,00      0,00      0,00      0,00    100,00
01:05:50          9      0,00      0,00      0,00      0,00      0,00      0,00      0,00      0,00      0,00    100,00
01:05:50         10      0,00      0,00      0,00      0,00      0,00      0,00      0,00      0,00      0,00    100,00
01:05:50         11      0,00      0,00      0,00      0,00      0,00      0,00      0,00      0,00      0,00    100,00
01:05:50         12      0,00      0,00      0,00      0,00      0,00      0,00      0,00      0,00      0,00    100,00
01:05:50         13      0,00      0,00      0,00      0,00      0,00      0,00      0,00      0,00      0,00    100,00
01:05:50         14      0,00      0,00      0,00      0,00      0,00      0,00      0,00      0,00      0,00    100,00
01:05:50         15      0,00      0,00      0,00      0,00      0,00      0,00      0,00      0,00      0,00    100,00

01:05:48        IFACE   rxpck/s   txpck/s    rxkB/s    txkB/s   rxcmp/s   txcmp/s  rxmcst/s   %ifutil
01:05:50           lo      0,00      0,00      0,00      0,00      0,00      0,00      0,00      0,00
01:05:50         eno1      5,00      0,00      0,31      0,00      0,00      0,00      1,00      0,00
01:05:50         eno2      0,00      0,00      0,00      0,00      0,00      0,00      0,00      0,00
01:05:50      docker0      0,00      0,00      0,00      0,00      0,00      0,00      0,00      0,00
01:05:50      ens2np0 110534,50 108544,00 161484,00 158576,00      0,00      0,00      0,00     13,23
01:05:50      ens2np1      0,00      0,00      0,00      0,00      0,00      0,00      0,00      0,00

01:05:50        CPU      %usr     %nice      %sys   %iowait    %steal      %irq     %soft    %guest    %gnice     %idle
01:05:52        all      0,00      0,00      0,00      0,00      0,00      0,00     25,48      0,00      0,00     74,52
01:05:52          0      0,00      0,00      0,00      0,00      0,00      0,00    100,00      0,00      0,00      0,00
01:05:52          1      0,00      0,00      0,00      0,00      0,00      0,00    100,00      0,00      0,00      0,00
01:05:52          2      0,00      0,00      0,00      0,00      0,00      0,00    100,00      0,00      0,00      0,00
01:05:52          3      0,00      0,00      0,00      0,00      0,00      0,00    100,00      0,00      0,00      0,00
01:05:52          4      0,00      0,00      0,00      0,00      0,00      0,00      9,13      0,00      0,00     90,87
01:05:52          5      0,00      0,00      0,00      0,00      0,00      0,00      0,00      0,00      0,00    100,00
01:05:52          6      0,00      0,00      0,00      0,00      0,00      0,00      0,00      0,00      0,00    100,00
01:05:52          7      0,00      0,00      0,00      0,00      0,00      0,00      0,00      0,00      0,00    100,00
01:05:52          8      0,00      0,00      0,00      0,00      0,00      0,00      0,00      0,00      0,00    100,00
01:05:52          9      0,00      0,00      0,00      0,00      0,00      0,00      0,00      0,00      0,00    100,00
01:05:52         10      0,00      0,00      0,00      0,00      0,00      0,00      0,00      0,00      0,00    100,00
01:05:52         11      0,00      0,00      0,00      0,00      0,00      0,00      0,00      0,00      0,00    100,00
01:05:52         12      0,00      0,00      0,00      0,00      0,00      0,00      0,00      0,00      0,00    100,00
01:05:52         13      0,00      0,00      0,00      0,00      0,00      0,00      0,00      0,00      0,00    100,00
01:05:52         14      0,00      0,00      0,00      0,00      0,00      0,00      0,00      0,00      0,00    100,00
01:05:52         15      0,00      0,00      0,00      0,00      0,00      0,00      0,00      0,00      0,00    100,00

01:05:50        IFACE   rxpck/s   txpck/s    rxkB/s    txkB/s   rxcmp/s   txcmp/s  rxmcst/s   %ifutil
01:05:52           lo      0,00      0,00      0,00      0,00      0,00      0,00      0,00      0,00
01:05:52         eno1      7,50      0,00      0,47      0,00      0,00      0,00      1,00      0,00
01:05:52         eno2      0,00      0,00      0,00      0,00      0,00      0,00      0,00      0,00
01:05:52      docker0      0,00      0,00      0,00      0,00      0,00      0,00      0,00      0,00
01:05:52      ens2np0 110534,00 110592,00 161483,27 161568,00      0,00      0,00      0,00     13,24
01:05:52      ens2np1      0,00      0,00      0,00      0,00      0,00      0,00      0,00      0,00

01:05:52        CPU      %usr     %nice      %sys   %iowait    %steal      %irq     %soft    %guest    %gnice     %idle
01:05:54        all      0,00      0,00      0,00      0,03      0,00      0,00     25,37      0,00      0,00     74,60
01:05:54          0      0,00      0,00      0,00      0,00      0,00      0,00    100,00      0,00      0,00      0,00
01:05:54          1      0,00      0,00      0,00      0,00      0,00      0,00    100,00      0,00      0,00      0,00
01:05:54          2      0,00      0,00      0,00      0,00      0,00      0,00    100,00      0,00      0,00      0,00
01:05:54          3      0,00      0,00      0,00      0,00      0,00      0,00    100,00      0,00      0,00      0,00
01:05:54          4      0,00      0,00      0,00      0,00      0,00      0,00      7,44      0,00      0,00     92,56
01:05:54          5      0,00      0,00      0,00      0,00      0,00      0,00      0,00      0,00      0,00    100,00
01:05:54          6      0,00      0,00      0,00      0,50      0,00      0,00      0,00      0,00      0,00     99,50
01:05:54          7      0,00      0,00      0,00      0,00      0,00      0,00      0,00      0,00      0,00    100,00
01:05:54          8      0,00      0,00      0,00      0,00      0,00      0,00      0,00      0,00      0,00    100,00
01:05:54          9      0,00      0,00      0,00      0,00      0,00      0,00      0,00      0,00      0,00    100,00
01:05:54         10      0,00      0,00      0,00      0,00      0,00      0,00      0,00      0,00      0,00    100,00
01:05:54         11      0,00      0,00      0,00      0,00      0,00      0,00      0,00      0,00      0,00    100,00
01:05:54         12      0,00      0,00      0,00      0,00      0,00      0,00      0,00      0,00      0,00    100,00
01:05:54         13      0,00      0,00      0,00      0,00      0,00      0,00      0,00      0,00      0,00    100,00
01:05:54         14      0,00      0,00      0,00      0,00      0,00      0,00      0,00      0,00      0,00    100,00
01:05:54         15      0,00      0,00      0,00      0,00      0,00      0,00      0,00      0,00      0,00    100,00

01:05:52        IFACE   rxpck/s   txpck/s    rxkB/s    txkB/s   rxcmp/s   txcmp/s  rxmcst/s   %ifutil
01:05:54           lo      0,00      0,00      0,00      0,00      0,00      0,00      0,00      0,00
01:05:54         eno1      5,00      1,00      0,31      0,06      0,00      0,00      1,50      0,00
01:05:54         eno2      0,00      0,00      0,00      0,00      0,00      0,00      0,00      0,00
01:05:54      docker0      0,00      0,00      0,00      0,00      0,00      0,00      0,00      0,00
01:05:54      ens2np0 110536,00 110592,00 161486,19 161568,00      0,00      0,00      0,00     13,24
01:05:54      ens2np1      0,00      0,00      0,00      0,00      0,00      0,00      0,00      0,00

01:05:54        CPU      %usr     %nice      %sys   %iowait    %steal      %irq     %soft    %guest    %gnice     %idle
01:05:56        all      0,19      0,00      0,12      0,00      0,00      0,00     25,25      0,00      0,00     74,44
01:05:56          0      0,00      0,00      0,00      0,00      0,00      0,00    100,00      0,00      0,00      0,00
01:05:56          1      0,00      0,00      0,00      0,00      0,00      0,00    100,00      0,00      0,00      0,00
01:05:56          2      0,00      0,00      0,00      0,00      0,00      0,00    100,00      0,00      0,00      0,00
01:05:56          3      0,00      0,00      0,00      0,00      0,00      0,00    100,00      0,00      0,00      0,00
01:05:56          4      0,48      0,00      0,00      0,00      0,00      0,00      4,31      0,00      0,00     95,22
01:05:56          5      0,00      0,00      0,00      0,00      0,00      0,00      0,00      0,00      0,00    100,00
01:05:56          6      0,00      0,00      0,00      0,00      0,00      0,00      0,00      0,00      0,00    100,00
01:05:56          7      0,00      0,00      0,00      0,00      0,00      0,00      0,00      0,00      0,00    100,00
01:05:56          8      0,00      0,00      0,00      0,00      0,00      0,00      0,00      0,00      0,00    100,00
01:05:56          9      0,00      0,00      0,00      0,00      0,00      0,00      0,00      0,00      0,00    100,00
01:05:56         10      1,00      0,00      0,50      0,00      0,00      0,00      0,00      0,00      0,00     98,51
01:05:56         11      0,00      0,00      0,00      0,00      0,00      0,00      0,00      0,00      0,00    100,00
01:05:56         12      0,00      0,00      0,50      0,00      0,00      0,00      0,00      0,00      0,00     99,50
01:05:56         13      0,00      0,00      0,50      0,00      0,00      0,00      0,00      0,00      0,00     99,50
01:05:56         14      0,00      0,00      0,00      0,00      0,00      0,00      0,00      0,00      0,00    100,00
01:05:56         15      1,49      0,00      0,50      0,00      0,00      0,00      0,00      0,00      0,00     98,01

01:05:54        IFACE   rxpck/s   txpck/s    rxkB/s    txkB/s   rxcmp/s   txcmp/s  rxmcst/s   %ifutil
01:05:56           lo      0,00      0,00      0,00      0,00      0,00      0,00      0,00      0,00
01:05:56         eno1      4,00      0,00      0,25      0,00      0,00      0,00      1,00      0,00
01:05:56         eno2      0,00      0,00      0,00      0,00      0,00      0,00      0,00      0,00
01:05:56      docker0      0,00      0,00      0,00      0,00      0,00      0,00      0,00      0,00
01:05:56      ens2np0 110258,50 109568,00 161080,78 160072,00      0,00      0,00      0,00     13,20
01:05:56      ens2np1      0,00      0,00      0,00      0,00      0,00      0,00      0,00      0,00

01:05:56        CPU      %usr     %nice      %sys   %iowait    %steal      %irq     %soft    %guest    %gnice     %idle
01:05:58        all      0,00      0,00      0,06      0,03      0,00      0,00     25,32      0,00      0,00     74,59
01:05:58          0      0,00      0,00      0,00      0,00      0,00      0,00    100,00      0,00      0,00      0,00
01:05:58          1      0,00      0,00      0,00      0,00      0,00      0,00    100,00      0,00      0,00      0,00
01:05:58          2      0,00      0,00      0,00      0,00      0,00      0,00    100,00      0,00      0,00      0,00
01:05:58          3      0,00      0,00      0,00      0,00      0,00      0,00    100,00      0,00      0,00      0,00
01:05:58          4      0,00      0,00      0,47      0,00      0,00      0,00      6,54      0,00      0,00     92,99
01:05:58          5      0,00      0,00      0,50      0,00      0,00      0,00      0,00      0,00      0,00     99,50
01:05:58          6      0,00      0,00      0,00      0,00      0,00      0,00      0,00      0,00      0,00    100,00
01:05:58          7      0,00      0,00      0,00      0,00      0,00      0,00      0,00      0,00      0,00    100,00
01:05:58          8      0,00      0,00      0,00      0,00      0,00      0,00      0,00      0,00      0,00    100,00
01:05:58          9      0,00      0,00      0,00      0,00      0,00      0,00      0,00      0,00      0,00    100,00
01:05:58         10      0,00      0,00      0,00      0,00      0,00      0,00      0,00      0,00      0,00    100,00
01:05:58         11      0,00      0,00      0,00      0,00      0,00      0,00      0,00      0,00      0,00    100,00
01:05:58         12      0,00      0,00      0,00      0,00      0,00      0,00      0,00      0,00      0,00    100,00
01:05:58         13      0,00      0,00      0,00      0,00      0,00      0,00      0,00      0,00      0,00    100,00
01:05:58         14      0,00      0,00      0,00      0,50      0,00      0,00      0,00      0,00      0,00     99,50
01:05:58         15      0,00      0,00      0,00      0,00      0,00      0,00      0,00      0,00      0,00    100,00

01:05:56        IFACE   rxpck/s   txpck/s    rxkB/s    txkB/s   rxcmp/s   txcmp/s  rxmcst/s   %ifutil
01:05:58           lo      0,00      0,00      0,00      0,00      0,00      0,00      0,00      0,00
01:05:58         eno1      5,00      0,00      0,31      0,00      0,00      0,00      0,50      0,00
01:05:58         eno2      0,00      0,00      0,00      0,00      0,00      0,00      0,00      0,00
01:05:58      docker0      0,00      0,00      0,00      0,00      0,00      0,00      0,00      0,00
01:05:58      ens2np0 110533,50 110592,00 161482,54 161568,00      0,00      0,00      0,00     13,24
01:05:58      ens2np1      0,00      0,00      0,00      0,00      0,00      0,00      0,00      0,00

01:05:58        CPU      %usr     %nice      %sys   %iowait    %steal      %irq     %soft    %guest    %gnice     %idle
01:06:00        all      0,03      0,00      0,00      0,00      0,00      0,00     25,31      0,00      0,00     74,66
01:06:00          0      0,00      0,00      0,00      0,00      0,00      0,00    100,00      0,00      0,00      0,00
01:06:00          1      0,00      0,00      0,00      0,00      0,00      0,00    100,00      0,00      0,00      0,00
01:06:00          2      0,00      0,00      0,00      0,00      0,00      0,00    100,00      0,00      0,00      0,00
01:06:00          3      0,00      0,00      0,00      0,00      0,00      0,00    100,00      0,00      0,00      0,00
01:06:00          4      0,00      0,00      0,00      0,00      0,00      0,00      5,69      0,00      0,00     94,31
01:06:00          5      0,50      0,00      0,00      0,00      0,00      0,00      0,00      0,00      0,00     99,50
01:06:00          6      0,00      0,00      0,00      0,00      0,00      0,00      0,00      0,00      0,00    100,00
01:06:00          7      0,00      0,00      0,00      0,00      0,00      0,00      0,00      0,00      0,00    100,00
01:06:00          8      0,00      0,00      0,00      0,00      0,00      0,00      0,00      0,00      0,00    100,00
01:06:00          9      0,00      0,00      0,00      0,00      0,00      0,00      0,00      0,00      0,00    100,00
01:06:00         10      0,00      0,00      0,00      0,00      0,00      0,00      0,00      0,00      0,00    100,00
01:06:00         11      0,00      0,00      0,00      0,00      0,00      0,00      0,00      0,00      0,00    100,00
01:06:00         12      0,00      0,00      0,00      0,00      0,00      0,00      0,00      0,00      0,00    100,00
01:06:00         13      0,00      0,00      0,00      0,00      0,00      0,00      0,00      0,00      0,00    100,00
01:06:00         14      0,00      0,00      0,00      0,00      0,00      0,00      0,00      0,00      0,00    100,00
01:06:00         15      0,00      0,00      0,00      0,00      0,00      0,00      0,00      0,00      0,00    100,00

01:05:58        IFACE   rxpck/s   txpck/s    rxkB/s    txkB/s   rxcmp/s   txcmp/s  rxmcst/s   %ifutil
01:06:00           lo      0,00      0,00      0,00      0,00      0,00      0,00      0,00      0,00
01:06:00         eno1      5,50      0,50      0,35      0,03      0,00      0,00      1,50      0,00
01:06:00         eno2      0,00      0,00      0,00      0,00      0,00      0,00      0,00      0,00
01:06:00      docker0      0,00      0,00      0,00      0,00      0,00      0,00      0,00      0,00
01:06:00      ens2np0 110518,50 110592,00 161460,62 161568,00      0,00      0,00      0,00     13,24
01:06:00      ens2np1      0,00      0,00      0,00      0,00      0,00      0,00      0,00      0,00

01:06:00        CPU      %usr     %nice      %sys   %iowait    %steal      %irq     %soft    %guest    %gnice     %idle
01:06:02        all      0,00      0,00      0,00      0,00      0,00      0,00     25,36      0,00      0,00     74,64
01:06:02          0      0,00      0,00      0,00      0,00      0,00      0,00    100,00      0,00      0,00      0,00
01:06:02          1      0,00      0,00      0,00      0,00      0,00      0,00    100,00      0,00      0,00      0,00
01:06:02          2      0,00      0,00      0,00      0,00      0,00      0,00    100,00      0,00      0,00      0,00
01:06:02          3      0,00      0,00      0,00      0,00      0,00      0,00    100,00      0,00      0,00      0,00
01:06:02          4      0,00      0,00      0,00      0,00      0,00      0,00      6,98      0,00      0,00     93,02
01:06:02          5      0,00      0,00      0,00      0,00      0,00      0,00      0,00      0,00      0,00    100,00
01:06:02          6      0,00      0,00      0,00      0,00      0,00      0,00      0,00      0,00      0,00    100,00
01:06:02          7      0,00      0,00      0,00      0,00      0,00      0,00      0,00      0,00      0,00    100,00
01:06:02          8      0,00      0,00      0,00      0,00      0,00      0,00      0,00      0,00      0,00    100,00
01:06:02          9      0,00      0,00      0,00      0,00      0,00      0,00      0,00      0,00      0,00    100,00
01:06:02         10      0,00      0,00      0,00      0,00      0,00      0,00      0,00      0,00      0,00    100,00
01:06:02         11      0,00      0,00      0,00      0,00      0,00      0,00      0,00      0,00      0,00    100,00
01:06:02         12      0,00      0,00      0,00      0,00      0,00      0,00      0,00      0,00      0,00    100,00
01:06:02         13      0,00      0,00      0,00      0,00      0,00      0,00      0,00      0,00      0,00    100,00
01:06:02         14      0,00      0,00      0,00      0,00      0,00      0,00      0,00      0,00      0,00    100,00
01:06:02         15      0,00      0,00      0,00      0,00      0,00      0,00      0,00      0,00      0,00    100,00

01:06:00        IFACE   rxpck/s   txpck/s    rxkB/s    txkB/s   rxcmp/s   txcmp/s  rxmcst/s   %ifutil
01:06:02           lo      0,00      0,00      0,00      0,00      0,00      0,00      0,00      0,00
01:06:02         eno1      4,50      0,00      0,28      0,00      0,00      0,00      1,00      0,00
01:06:02         eno2      0,00      0,00      0,00      0,00      0,00      0,00      0,00      0,00
01:06:02      docker0      0,00      0,00      0,00      0,00      0,00      0,00      0,00      0,00
01:06:02      ens2np0 110537,00 110592,00 161487,65 161568,00      0,00      0,00      0,00     13,24
01:06:02      ens2np1      0,00      0,00      0,00      0,00      0,00      0,00      0,00      0,00

01:06:02        CPU      %usr     %nice      %sys   %iowait    %steal      %irq     %soft    %guest    %gnice     %idle
01:06:04        all      0,00      0,00      0,00      0,00      0,00      0,00     25,45      0,00      0,00     74,55
01:06:04          0      0,00      0,00      0,00      0,00      0,00      0,00    100,00      0,00      0,00      0,00
01:06:04          1      0,00      0,00      0,00      0,00      0,00      0,00    100,00      0,00      0,00      0,00
01:06:04          2      0,00      0,00      0,00      0,00      0,00      0,00    100,00      0,00      0,00      0,00
01:06:04          3      0,00      0,00      0,00      0,00      0,00      0,00    100,00      0,00      0,00      0,00
01:06:04          4      0,00      0,00      0,00      0,00      0,00      0,00      8,72      0,00      0,00     91,28
01:06:04          5      0,00      0,00      0,00      0,00      0,00      0,00      0,00      0,00      0,00    100,00
01:06:04          6      0,00      0,00      0,00      0,00      0,00      0,00      0,00      0,00      0,00    100,00
01:06:04          7      0,00      0,00      0,00      0,00      0,00      0,00      0,00      0,00      0,00    100,00
01:06:04          8      0,00      0,00      0,00      0,00      0,00      0,00      0,00      0,00      0,00    100,00
01:06:04          9      0,00      0,00      0,00      0,00      0,00      0,00      0,00      0,00      0,00    100,00
01:06:04         10      0,00      0,00      0,00      0,00      0,00      0,00      0,00      0,00      0,00    100,00
01:06:04         11      0,00      0,00      0,00      0,00      0,00      0,00      0,00      0,00      0,00    100,00
01:06:04         12      0,00      0,00      0,00      0,00      0,00      0,00      0,00      0,00      0,00    100,00
01:06:04         13      0,00      0,00      0,00      0,00      0,00      0,00      0,00      0,00      0,00    100,00
01:06:04         14      0,00      0,00      0,00      0,00      0,00      0,00      0,00      0,00      0,00    100,00
01:06:04         15      0,00      0,00      0,00      0,00      0,00      0,00      0,00      0,00      0,00    100,00

01:06:02        IFACE   rxpck/s   txpck/s    rxkB/s    txkB/s   rxcmp/s   txcmp/s  rxmcst/s   %ifutil
01:06:04           lo      0,00      0,00      0,00      0,00      0,00      0,00      0,00      0,00
01:06:04         eno1      6,00      0,00      0,38      0,00      0,00      0,00      1,00      0,00
01:06:04         eno2      0,00      0,00      0,00      0,00      0,00      0,00      0,00      0,00
01:06:04      docker0      0,00      0,00      0,00      0,00      0,00      0,00      0,00      0,00
01:06:04      ens2np0 110537,00 110592,00 161487,65 161568,00      0,00      0,00      0,00     13,24
01:06:04      ens2np1      0,00      0,00      0,00      0,00      0,00      0,00      0,00      0,00

01:06:04        CPU      %usr     %nice      %sys   %iowait    %steal      %irq     %soft    %guest    %gnice     %idle
01:06:06        all      0,28      0,00      0,25      0,00      0,00      0,00     25,39      0,00      0,00     74,08
01:06:06          0      0,00      0,00      0,00      0,00      0,00      0,00    100,00      0,00      0,00      0,00
01:06:06          1      0,00      0,00      0,00      0,00      0,00      0,00    100,00      0,00      0,00      0,00
01:06:06          2      0,00      0,00      0,00      0,00      0,00      0,00    100,00      0,00      0,00      0,00
01:06:06          3      0,00      0,00      0,00      0,00      0,00      0,00    100,00      0,00      0,00      0,00
01:06:06          4      0,93      0,00      0,00      0,00      0,00      0,00      7,48      0,00      0,00     91,59
01:06:06          5      0,50      0,00      0,50      0,00      0,00      0,00      0,00      0,00      0,00     99,00
01:06:06          6      0,00      0,00      0,50      0,00      0,00      0,00      0,00      0,00      0,00     99,50
01:06:06          7      0,50      0,00      0,50      0,00      0,00      0,00      0,00      0,00      0,00     99,00
01:06:06          8      0,00      0,00      0,50      0,00      0,00      0,00      0,00      0,00      0,00     99,50
01:06:06          9      0,00      0,00      0,50      0,00      0,00      0,00      0,00      0,00      0,00     99,50
01:06:06         10      0,50      0,00      0,00      0,00      0,00      0,00      0,00      0,00      0,00     99,50
01:06:06         11      0,00      0,00      0,50      0,00      0,00      0,00      0,00      0,00      0,00     99,50
01:06:06         12      0,50      0,00      0,00      0,00      0,00      0,00      0,00      0,00      0,00     99,50
01:06:06         13      0,50      0,00      0,50      0,00      0,00      0,00      0,00      0,00      0,00     99,00
01:06:06         14      0,00      0,00      0,50      0,00      0,00      0,00      0,00      0,00      0,00     99,50
01:06:06         15      1,00      0,00      0,00      0,00      0,00      0,00      0,00      0,00      0,00     99,00

01:06:04        IFACE   rxpck/s   txpck/s    rxkB/s    txkB/s   rxcmp/s   txcmp/s  rxmcst/s   %ifutil
01:06:06           lo      0,00      0,00      0,00      0,00      0,00      0,00      0,00      0,00
01:06:06         eno1      5,50      0,00      0,35      0,00      0,00      0,00      1,00      0,00
01:06:06         eno2      0,00      0,00      0,00      0,00      0,00      0,00      0,00      0,00
01:06:06      docker0      0,00      0,00      0,00      0,00      0,00      0,00      0,00      0,00
01:06:06      ens2np0 110238,50 110592,00 161051,56 161568,00      0,00      0,00      0,00     13,24
01:06:06      ens2np1      0,00      0,00      0,00      0,00      0,00      0,00      0,00      0,00

01:06:06        CPU      %usr     %nice      %sys   %iowait    %steal      %irq     %soft    %guest    %gnice     %idle
01:06:08        all      0,00      0,00      0,00      0,00      0,00      0,00     25,40      0,00      0,00     74,60
01:06:08          0      0,00      0,00      0,00      0,00      0,00      0,00    100,00      0,00      0,00      0,00
01:06:08          1      0,00      0,00      0,00      0,00      0,00      0,00    100,00      0,00      0,00      0,00
01:06:08          2      0,00      0,00      0,00      0,00      0,00      0,00    100,00      0,00      0,00      0,00
01:06:08          3      0,00      0,00      0,00      0,00      0,00      0,00    100,00      0,00      0,00      0,00
01:06:08          4      0,00      0,00      0,00      0,00      0,00      0,00      7,83      0,00      0,00     92,17
01:06:08          5      0,00      0,00      0,00      0,00      0,00      0,00      0,00      0,00      0,00    100,00
01:06:08          6      0,00      0,00      0,00      0,00      0,00      0,00      0,00      0,00      0,00    100,00
01:06:08          7      0,00      0,00      0,00      0,00      0,00      0,00      0,00      0,00      0,00    100,00
01:06:08          8      0,00      0,00      0,00      0,00      0,00      0,00      0,00      0,00      0,00    100,00
01:06:08          9      0,00      0,00      0,00      0,00      0,00      0,00      0,00      0,00      0,00    100,00
01:06:08         10      0,00      0,00      0,00      0,00      0,00      0,00      0,00      0,00      0,00    100,00
01:06:08         11      0,00      0,00      0,00      0,00      0,00      0,00      0,00      0,00      0,00    100,00
01:06:08         12      0,00      0,00      0,00      0,00      0,00      0,00      0,00      0,00      0,00    100,00
01:06:08         13      0,00      0,00      0,00      0,00      0,00      0,00      0,00      0,00      0,00    100,00
01:06:08         14      0,00      0,00      0,00      0,00      0,00      0,00      0,00      0,00      0,00    100,00
01:06:08         15      0,00      0,00      0,00      0,00      0,00      0,00      0,00      0,00      0,00    100,00

01:06:06        IFACE   rxpck/s   txpck/s    rxkB/s    txkB/s   rxcmp/s   txcmp/s  rxmcst/s   %ifutil
01:06:08           lo      0,00      0,00      0,00      0,00      0,00      0,00      0,00      0,00
01:06:08         eno1      6,00      0,00      0,38      0,00      0,00      0,00      1,00      0,00
01:06:08         eno2      0,00      0,00      0,00      0,00      0,00      0,00      0,00      0,00
01:06:08      docker0      0,00      0,00      0,00      0,00      0,00      0,00      0,00      0,00
01:06:08      ens2np0 110534,00 110592,00 161483,27 161568,00      0,00      0,00      0,00     13,24
01:06:08      ens2np1      0,00      0,00      0,00      0,00      0,00      0,00      0,00      0,00

01:06:08        CPU      %usr     %nice      %sys   %iowait    %steal      %irq     %soft    %guest    %gnice     %idle
01:06:10        all      0,06      0,00      0,00      0,00      0,00      0,00     25,50      0,00      0,00     74,43
01:06:10          0      0,00      0,00      0,00      0,00      0,00      0,00    100,00      0,00      0,00      0,00
01:06:10          1      0,00      0,00      0,00      0,00      0,00      0,00    100,00      0,00      0,00      0,00
01:06:10          2      0,00      0,00      0,00      0,00      0,00      0,00    100,00      0,00      0,00      0,00
01:06:10          3      0,00      0,00      0,00      0,00      0,00      0,00    100,00      0,00      0,00      0,00
01:06:10          4      0,00      0,00      0,00      0,00      0,00      0,00      9,55      0,00      0,00     90,45
01:06:10          5      1,01      0,00      0,00      0,00      0,00      0,00      0,00      0,00      0,00     98,99
01:06:10          6      0,00      0,00      0,00      0,00      0,00      0,00      0,00      0,00      0,00    100,00
01:06:10          7      0,00      0,00      0,00      0,00      0,00      0,00      0,00      0,00      0,00    100,00
01:06:10          8      0,00      0,00      0,00      0,00      0,00      0,00      0,00      0,00      0,00    100,00
01:06:10          9      0,00      0,00      0,00      0,00      0,00      0,00      0,00      0,00      0,00    100,00
01:06:10         10      0,00      0,00      0,00      0,00      0,00      0,00      0,00      0,00      0,00    100,00
01:06:10         11      0,00      0,00      0,00      0,00      0,00      0,00      0,00      0,00      0,00    100,00
01:06:10         12      0,00      0,00      0,00      0,00      0,00      0,00      0,00      0,00      0,00    100,00
01:06:10         13      0,00      0,00      0,00      0,00      0,00      0,00      0,00      0,00      0,00    100,00
01:06:10         14      0,00      0,00      0,00      0,00      0,00      0,00      0,00      0,00      0,00    100,00
01:06:10         15      0,00      0,00      0,00      0,00      0,00      0,00      0,00      0,00      0,00    100,00

01:06:08        IFACE   rxpck/s   txpck/s    rxkB/s    txkB/s   rxcmp/s   txcmp/s  rxmcst/s   %ifutil
01:06:10           lo      0,00      0,00      0,00      0,00      0,00      0,00      0,00      0,00
01:06:10         eno1      4,50      0,00      0,34      0,00      0,00      0,00      1,50      0,00
01:06:10         eno2      0,00      0,00      0,00      0,00      0,00      0,00      0,00      0,00
01:06:10      docker0      0,00      0,00      0,00      0,00      0,00      0,00      0,00      0,00
01:06:10      ens2np0 110534,50 110592,00 161484,00 161568,00      0,00      0,00      0,00     13,24
01:06:10      ens2np1      0,00      0,00      0,00      0,00      0,00      0,00      0,00      0,00

01:06:10        CPU      %usr     %nice      %sys   %iowait    %steal      %irq     %soft    %guest    %gnice     %idle
01:06:12        all      0,00      0,00      0,00      0,00      0,00      0,00     25,36      0,00      0,00     74,64
01:06:12          0      0,00      0,00      0,00      0,00      0,00      0,00    100,00      0,00      0,00      0,00
01:06:12          1      0,00      0,00      0,00      0,00      0,00      0,00    100,00      0,00      0,00      0,00
01:06:12          2      0,00      0,00      0,00      0,00      0,00      0,00    100,00      0,00      0,00      0,00
01:06:12          3      0,00      0,00      0,00      0,00      0,00      0,00    100,00      0,00      0,00      0,00
01:06:12          4      0,00      0,00      0,00      0,00      0,00      0,00      7,01      0,00      0,00     92,99
01:06:12          5      0,00      0,00      0,00      0,00      0,00      0,00      0,00      0,00      0,00    100,00
01:06:12          6      0,00      0,00      0,00      0,00      0,00      0,00      0,00      0,00      0,00    100,00
01:06:12          7      0,00      0,00      0,00      0,00      0,00      0,00      0,00      0,00      0,00    100,00
01:06:12          8      0,00      0,00      0,00      0,00      0,00      0,00      0,00      0,00      0,00    100,00
01:06:12          9      0,00      0,00      0,00      0,00      0,00      0,00      0,00      0,00      0,00    100,00
01:06:12         10      0,00      0,00      0,00      0,00      0,00      0,00      0,00      0,00      0,00    100,00
01:06:12         11      0,00      0,00      0,00      0,00      0,00      0,00      0,00      0,00      0,00    100,00
01:06:12         12      0,00      0,00      0,00      0,00      0,00      0,00      0,00      0,00      0,00    100,00
01:06:12         13      0,00      0,00      0,00      0,00      0,00      0,00      0,00      0,00      0,00    100,00
01:06:12         14      0,00      0,00      0,00      0,00      0,00      0,00      0,00      0,00      0,00    100,00
01:06:12         15      0,00      0,00      0,00      0,00      0,00      0,00      0,00      0,00      0,00    100,00

01:06:10        IFACE   rxpck/s   txpck/s    rxkB/s    txkB/s   rxcmp/s   txcmp/s  rxmcst/s   %ifutil
01:06:12           lo      0,00      0,00      0,00      0,00      0,00      0,00      0,00      0,00
01:06:12         eno1      4,00      0,00      0,25      0,00      0,00      0,00      1,00      0,00
01:06:12         eno2      0,00      0,00      0,00      0,00      0,00      0,00      0,00      0,00
01:06:12      docker0      0,00      0,00      0,00      0,00      0,00      0,00      0,00      0,00
01:06:12      ens2np0 110535,50 110592,00 161485,46 161568,00      0,00      0,00      0,00     13,24
01:06:12      ens2np1      0,00      0,00      0,00      0,00      0,00      0,00      0,00      0,00

01:06:12        CPU      %usr     %nice      %sys   %iowait    %steal      %irq     %soft    %guest    %gnice     %idle
01:06:14        all      0,00      0,00      0,03      0,00      0,00      0,00     25,36      0,00      0,00     74,61
01:06:14          0      0,00      0,00      0,00      0,00      0,00      0,00    100,00      0,00      0,00      0,00
01:06:14          1      0,00      0,00      0,00      0,00      0,00      0,00    100,00      0,00      0,00      0,00
01:06:14          2      0,00      0,00      0,00      0,00      0,00      0,00    100,00      0,00      0,00      0,00
01:06:14          3      0,00      0,00      0,00      0,00      0,00      0,00    100,00      0,00      0,00      0,00
01:06:14          4      0,00      0,00      0,47      0,00      0,00      0,00      6,10      0,00      0,00     93,43
01:06:14          5      0,00      0,00      0,00      0,00      0,00      0,00      0,99      0,00      0,00     99,01
01:06:14          6      0,00      0,00      0,00      0,00      0,00      0,00      0,00      0,00      0,00    100,00
01:06:14          7      0,00      0,00      0,00      0,00      0,00      0,00      0,00      0,00      0,00    100,00
01:06:14          8      0,00      0,00      0,00      0,00      0,00      0,00      0,00      0,00      0,00    100,00
01:06:14          9      0,00      0,00      0,00      0,00      0,00      0,00      0,00      0,00      0,00    100,00
01:06:14         10      0,00      0,00      0,00      0,00      0,00      0,00      0,00      0,00      0,00    100,00
01:06:14         11      0,00      0,00      0,00      0,00      0,00      0,00      0,00      0,00      0,00    100,00
01:06:14         12      0,00      0,00      0,00      0,00      0,00      0,00      0,00      0,00      0,00    100,00
01:06:14         13      0,00      0,00      0,00      0,00      0,00      0,00      0,00      0,00      0,00    100,00
01:06:14         14      0,00      0,00      0,00      0,00      0,00      0,00      0,00      0,00      0,00    100,00
01:06:14         15      0,00      0,00      0,00      0,00      0,00      0,00      0,00      0,00      0,00    100,00

01:06:12        IFACE   rxpck/s   txpck/s    rxkB/s    txkB/s   rxcmp/s   txcmp/s  rxmcst/s   %ifutil
01:06:14           lo      0,00      0,00      0,00      0,00      0,00      0,00      0,00      0,00
01:06:14         eno1      5,00      0,00      0,31      0,00      0,00      0,00      1,00      0,00
01:06:14         eno2      0,00      0,00      0,00      0,00      0,00      0,00      0,00      0,00
01:06:14      docker0      0,00      0,00      0,00      0,00      0,00      0,00      0,00      0,00
01:06:14      ens2np0 110537,50 110592,00 161488,38 161568,00      0,00      0,00      0,00     13,24
01:06:14      ens2np1      0,00      0,00      0,00      0,00      0,00      0,00      0,00      0,00

01:06:14        CPU      %usr     %nice      %sys   %iowait    %steal      %irq     %soft    %guest    %gnice     %idle
01:06:16        all      0,25      0,00      0,19      0,00      0,00      0,00     25,51      0,00      0,00     74,05
01:06:16          0      0,00      0,00      0,00      0,00      0,00      0,00    100,00      0,00      0,00      0,00
01:06:16          1      0,00      0,00      0,00      0,00      0,00      0,00    100,00      0,00      0,00      0,00
01:06:16          2      0,00      0,00      0,00      0,00      0,00      0,00    100,00      0,00      0,00      0,00
01:06:16          3      0,00      0,00      0,00      0,00      0,00      0,00    100,00      0,00      0,00      0,00
01:06:16          4      0,46      0,00      0,00      0,00      0,00      0,00      9,13      0,00      0,00     90,41
01:06:16          5      0,00      0,00      0,50      0,00      0,00      0,00      0,00      0,00      0,00     99,50
01:06:16          6      0,00      0,00      0,00      0,00      0,00      0,00      0,00      0,00      0,00    100,00
01:06:16          7      0,50      0,00      0,00      0,00      0,00      0,00      0,00      0,00      0,00     99,50
01:06:16          8      0,00      0,00      0,00      0,00      0,00      0,00      0,00      0,00      0,00    100,00
01:06:16          9      0,00      0,00      0,00      0,00      0,00      0,00      0,00      0,00      0,00    100,00
01:06:16         10      1,50      0,00      0,50      0,00      0,00      0,00      0,00      0,00      0,00     98,00
01:06:16         11      0,00      0,00      0,00      0,00      0,00      0,00      0,00      0,00      0,00    100,00
01:06:16         12      0,00      0,00      0,50      0,00      0,00      0,00      0,00      0,00      0,00     99,50
01:06:16         13      1,00      0,00      1,00      0,00      0,00      0,00      0,00      0,00      0,00     98,00
01:06:16         14      0,50      0,00      0,00      0,00      0,00      0,00      0,00      0,00      0,00     99,50
01:06:16         15      0,00      0,00      0,50      0,00      0,00      0,00      0,00      0,00      0,00     99,50

01:06:14        IFACE   rxpck/s   txpck/s    rxkB/s    txkB/s   rxcmp/s   txcmp/s  rxmcst/s   %ifutil
01:06:16           lo      0,00      0,00      0,00      0,00      0,00      0,00      0,00      0,00
01:06:16         eno1      5,00      0,00      0,31      0,00      0,00      0,00      1,00      0,00
01:06:16         eno2      0,00      0,00      0,00      0,00      0,00      0,00      0,00      0,00
01:06:16      docker0      0,00      0,00      0,00      0,00      0,00      0,00      0,00      0,00
01:06:16      ens2np0 110144,00 110592,00 160913,50 161568,00      0,00      0,00      0,00     13,24
01:06:16      ens2np1      0,00      0,00      0,00      0,00      0,00      0,00      0,00      0,00

Average:        CPU      %usr     %nice      %sys   %iowait    %steal      %irq     %soft    %guest    %gnice     %idle
Average:        all      0,08      0,00      0,04      0,00      0,00      0,00     19,91      0,00      0,00     79,97
Average:          0      0,02      0,00      0,02      0,00      0,00      0,00     78,33      0,00      0,00     21,63
Average:          1      0,08      0,00      0,00      0,00      0,00      0,00     78,35      0,00      0,00     21,57
Average:          2      0,04      0,00      0,00      0,00      0,00      0,00     78,33      0,00      0,00     21,63
Average:          3      0,02      0,00      0,00      0,00      0,00      0,00     78,35      0,00      0,00     21,63
Average:          4      0,11      0,00      0,08      0,00      0,00      0,00      6,26      0,00      0,00     93,55
Average:          5      0,18      0,00      0,06      0,00      0,00      0,00      0,04      0,00      0,00     99,72
Average:          6      0,04      0,00      0,06      0,02      0,00      0,00      0,00      0,00      0,00     99,88
Average:          7      0,10      0,00      0,04      0,00      0,00      0,00      0,00      0,00      0,00     99,86
Average:          8      0,04      0,00      0,04      0,00      0,00      0,00      0,00      0,00      0,00     99,92
Average:          9      0,04      0,00      0,02      0,00      0,00      0,00      0,00      0,00      0,00     99,94
Average:         10      0,22      0,00      0,04      0,00      0,00      0,00      0,00      0,00      0,00     99,74
Average:         11      0,04      0,00      0,02      0,00      0,00      0,00      0,00      0,00      0,00     99,94
Average:         12      0,08      0,00      0,04      0,00      0,00      0,00      0,00      0,00      0,00     99,88
Average:         13      0,12      0,00      0,10      0,00      0,00      0,00      0,00      0,00      0,00     99,78
Average:         14      0,06      0,00      0,06      0,04      0,00      0,00      0,00      0,00      0,00     99,84
Average:         15      0,14      0,00      0,04      0,00      0,00      0,00      0,00      0,00      0,00     99,82

Average:        IFACE   rxpck/s   txpck/s    rxkB/s    txkB/s   rxcmp/s   txcmp/s  rxmcst/s   %ifutil
Average:           lo      0,00      0,00      0,00      0,00      0,00      0,00      0,00      0,00
Average:         eno1      5,84      0,78      0,47      0,14      0,00      0,00      1,10      0,00
Average:         eno2      0,00      0,00      0,00      0,00      0,00      0,00      0,00      0,00
Average:      docker0      0,00      0,00      0,00      0,00      0,00      0,00      0,00      0,00
Average:      ens2np0  86434,66  86179,84 126275,64 125903,36      0,00      0,00      0,00     10,34
Average:      ens2np1      0,00      0,00      0,00      0,00      0,00      0,00      0,00      0,00
