Linux 5.13.0-52-generic (w1) 	15/07/2022 	_x86_64_	(16 CPU)

21:46:45        CPU      %usr     %nice      %sys   %iowait    %steal      %irq     %soft    %guest    %gnice     %idle
21:46:47        all      0,13      0,00      0,06      0,00      0,00      0,00      0,00      0,00      0,00     99,81
21:46:47          0      0,00      0,00      0,00      0,00      0,00      0,00      0,00      0,00      0,00    100,00
21:46:47          1      0,00      0,00      0,00      0,00      0,00      0,00      0,00      0,00      0,00    100,00
21:46:47          2      0,00      0,00      0,00      0,00      0,00      0,00      0,00      0,00      0,00    100,00
21:46:47          3      0,00      0,00      0,00      0,00      0,00      0,00      0,00      0,00      0,00    100,00
21:46:47          4      0,00      0,00      0,00      0,00      0,00      0,00      0,00      0,00      0,00    100,00
21:46:47          5      0,00      0,00      0,00      0,00      0,00      0,00      0,00      0,00      0,00    100,00
21:46:47          6      0,00      0,00      0,00      0,00      0,00      0,00      0,00      0,00      0,00    100,00
21:46:47          7      0,00      0,00      0,00      0,00      0,00      0,00      0,00      0,00      0,00    100,00
21:46:47          8      0,50      0,00      0,00      0,00      0,00      0,00      0,00      0,00      0,00     99,50
21:46:47          9      0,00      0,00      0,00      0,00      0,00      0,00      0,00      0,00      0,00    100,00
21:46:47         10      0,00      0,00      0,00      0,00      0,00      0,00      0,00      0,00      0,00    100,00
21:46:47         11      0,00      0,00      0,00      0,00      0,00      0,00      0,00      0,00      0,00    100,00
21:46:47         12      0,00      0,00      0,00      0,00      0,00      0,00      0,00      0,00      0,00    100,00
21:46:47         13      0,00      0,00      0,00      0,00      0,00      0,00      0,00      0,00      0,00    100,00
21:46:47         14      1,51      0,00      1,01      0,00      0,00      0,00      0,00      0,00      0,00     97,49
21:46:47         15      0,00      0,00      0,00      0,00      0,00      0,00      0,00      0,00      0,00    100,00

21:46:45        IFACE   rxpck/s   txpck/s    rxkB/s    txkB/s   rxcmp/s   txcmp/s  rxmcst/s   %ifutil
21:46:47           lo      0,00      0,00      0,00      0,00      0,00      0,00      0,00      0,00
21:46:47         eno1     18,50     15,50      3,49      3,15      0,00      0,00      1,00      0,00
21:46:47         eno2      0,00      0,00      0,00      0,00      0,00      0,00      0,00      0,00
21:46:47      docker0      0,00      0,00      0,00      0,00      0,00      0,00      0,00      0,00
21:46:47      ens2np0      0,00      0,00      0,00      0,00      0,00      0,00      0,00      0,00
21:46:47      ens2np1      0,00      0,00      0,00      0,00      0,00      0,00      0,00      0,00

21:46:47        CPU      %usr     %nice      %sys   %iowait    %steal      %irq     %soft    %guest    %gnice     %idle
21:46:49        all      0,06      0,00      0,06      0,00      0,00      0,00      0,00      0,00      0,00     99,87
21:46:49          0      0,00      0,00      0,00      0,00      0,00      0,00      0,00      0,00      0,00    100,00
21:46:49          1      0,00      0,00      0,00      0,00      0,00      0,00      0,00      0,00      0,00    100,00
21:46:49          2      0,00      0,00      0,00      0,00      0,00      0,00      0,00      0,00      0,00    100,00
21:46:49          3      0,00      0,00      0,00      0,00      0,00      0,00      0,00      0,00      0,00    100,00
21:46:49          4      0,00      0,00      0,00      0,00      0,00      0,00      0,00      0,00      0,00    100,00
21:46:49          5      0,00      0,00      0,00      0,00      0,00      0,00      0,00      0,00      0,00    100,00
21:46:49          6      0,00      0,00      0,00      0,00      0,00      0,00      0,00      0,00      0,00    100,00
21:46:49          7      0,00      0,00      0,00      0,00      0,00      0,00      0,00      0,00      0,00    100,00
21:46:49          8      0,00      0,00      0,00      0,00      0,00      0,00      0,00      0,00      0,00    100,00
21:46:49          9      0,00      0,00      0,00      0,00      0,00      0,00      0,00      0,00      0,00    100,00
21:46:49         10      0,00      0,00      0,00      0,00      0,00      0,00      0,00      0,00      0,00    100,00
21:46:49         11      0,00      0,00      0,00      0,00      0,00      0,00      0,00      0,00      0,00    100,00
21:46:49         12      0,00      0,00      0,00      0,00      0,00      0,00      0,00      0,00      0,00    100,00
21:46:49         13      0,00      0,00      0,00      0,00      0,00      0,00      0,00      0,00      0,00    100,00
21:46:49         14      1,01      0,00      1,01      0,00      0,00      0,00      0,00      0,00      0,00     97,98
21:46:49         15      0,00      0,00      0,00      0,00      0,00      0,00      0,00      0,00      0,00    100,00

21:46:47        IFACE   rxpck/s   txpck/s    rxkB/s    txkB/s   rxcmp/s   txcmp/s  rxmcst/s   %ifutil
21:46:49           lo      0,00      0,00      0,00      0,00      0,00      0,00      0,00      0,00
21:46:49         eno1      6,00      0,50      0,38      0,04      0,00      0,00      1,00      0,00
21:46:49         eno2      0,00      0,00      0,00      0,00      0,00      0,00      0,00      0,00
21:46:49      docker0      0,00      0,00      0,00      0,00      0,00      0,00      0,00      0,00
21:46:49      ens2np0      0,00      0,00      0,00      0,00      0,00      0,00      0,00      0,00
21:46:49      ens2np1      0,00      0,00      0,00      0,00      0,00      0,00      0,00      0,00

21:46:49        CPU      %usr     %nice      %sys   %iowait    %steal      %irq     %soft    %guest    %gnice     %idle
21:46:51        all      0,06      0,00      0,06      0,00      0,00      0,00      0,00      0,00      0,00     99,87
21:46:51          0      0,00      0,00      0,00      0,00      0,00      0,00      0,00      0,00      0,00    100,00
21:46:51          1      0,00      0,00      0,00      0,00      0,00      0,00      0,00      0,00      0,00    100,00
21:46:51          2      0,00      0,00      0,00      0,00      0,00      0,00      0,00      0,00      0,00    100,00
21:46:51          3      0,00      0,00      0,00      0,00      0,00      0,00      0,00      0,00      0,00    100,00
21:46:51          4      0,00      0,00      0,00      0,00      0,00      0,00      0,00      0,00      0,00    100,00
21:46:51          5      0,00      0,00      0,00      0,00      0,00      0,00      0,00      0,00      0,00    100,00
21:46:51          6      0,00      0,00      0,00      0,00      0,00      0,00      0,00      0,00      0,00    100,00
21:46:51          7      0,00      0,00      0,00      0,00      0,00      0,00      0,00      0,00      0,00    100,00
21:46:51          8      0,00      0,00      0,00      0,00      0,00      0,00      0,00      0,00      0,00    100,00
21:46:51          9      0,00      0,00      0,00      0,00      0,00      0,00      0,00      0,00      0,00    100,00
21:46:51         10      0,00      0,00      0,00      0,00      0,00      0,00      0,00      0,00      0,00    100,00
21:46:51         11      0,00      0,00      0,00      0,00      0,00      0,00      0,00      0,00      0,00    100,00
21:46:51         12      0,00      0,00      0,00      0,00      0,00      0,00      0,00      0,00      0,00    100,00
21:46:51         13      0,00      0,00      0,00      0,00      0,00      0,00      0,00      0,00      0,00    100,00
21:46:51         14      1,02      0,00      1,02      0,00      0,00      0,00      0,00      0,00      0,00     97,97
21:46:51         15      0,00      0,00      0,00      0,00      0,00      0,00      0,00      0,00      0,00    100,00

21:46:49        IFACE   rxpck/s   txpck/s    rxkB/s    txkB/s   rxcmp/s   txcmp/s  rxmcst/s   %ifutil
21:46:51           lo      0,00      0,00      0,00      0,00      0,00      0,00      0,00      0,00
21:46:51         eno1      5,00      0,00      0,31      0,00      0,00      0,00      1,00      0,00
21:46:51         eno2      0,00      0,00      0,00      0,00      0,00      0,00      0,00      0,00
21:46:51      docker0      0,00      0,00      0,00      0,00      0,00      0,00      0,00      0,00
21:46:51      ens2np0      0,00      0,00      0,00      0,00      0,00      0,00      0,00      0,00
21:46:51      ens2np1      0,00      0,00      0,00      0,00      0,00      0,00      0,00      0,00

21:46:51        CPU      %usr     %nice      %sys   %iowait    %steal      %irq     %soft    %guest    %gnice     %idle
21:46:53        all      0,09      0,00      0,09      0,00      0,00      0,00      0,00      0,00      0,00     99,81
21:46:53          0      0,00      0,00      0,00      0,00      0,00      0,00      0,00      0,00      0,00    100,00
21:46:53          1      0,00      0,00      0,00      0,00      0,00      0,00      0,00      0,00      0,00    100,00
21:46:53          2      0,00      0,00      0,00      0,00      0,00      0,00      0,00      0,00      0,00    100,00
21:46:53          3      0,00      0,00      0,00      0,00      0,00      0,00      0,00      0,00      0,00    100,00
21:46:53          4      0,00      0,00      0,00      0,00      0,00      0,00      0,00      0,00      0,00    100,00
21:46:53          5      0,50      0,00      0,50      0,00      0,00      0,00      0,00      0,00      0,00     99,01
21:46:53          6      0,00      0,00      0,00      0,00      0,00      0,00      0,00      0,00      0,00    100,00
21:46:53          7      0,00      0,00      0,00      0,00      0,00      0,00      0,00      0,00      0,00    100,00
21:46:53          8      0,00      0,00      0,00      0,00      0,00      0,00      0,00      0,00      0,00    100,00
21:46:53          9      0,00      0,00      0,00      0,00      0,00      0,00      0,00      0,00      0,00    100,00
21:46:53         10      0,00      0,00      0,00      0,00      0,00      0,00      0,00      0,00      0,00    100,00
21:46:53         11      0,00      0,00      0,00      0,00      0,00      0,00      0,00      0,00      0,00    100,00
21:46:53         12      0,00      0,00      0,00      0,00      0,00      0,00      0,00      0,00      0,00    100,00
21:46:53         13      0,00      0,00      0,00      0,00      0,00      0,00      0,00      0,00      0,00    100,00
21:46:53         14      1,01      0,00      1,01      0,00      0,00      0,00      0,00      0,00      0,00     97,98
21:46:53         15      0,00      0,00      0,00      0,00      0,00      0,00      0,00      0,00      0,00    100,00

21:46:51        IFACE   rxpck/s   txpck/s    rxkB/s    txkB/s   rxcmp/s   txcmp/s  rxmcst/s   %ifutil
21:46:53           lo      0,00      0,00      0,00      0,00      0,00      0,00      0,00      0,00
21:46:53         eno1      6,50      0,00      0,41      0,00      0,00      0,00      1,00      0,00
21:46:53         eno2      0,00      0,00      0,00      0,00      0,00      0,00      0,00      0,00
21:46:53      docker0      0,00      0,00      0,00      0,00      0,00      0,00      0,00      0,00
21:46:53      ens2np0      0,00      0,00      0,00      0,00      0,00      0,00      0,00      0,00
21:46:53      ens2np1      0,00      0,00      0,00      0,00      0,00      0,00      0,00      0,00

21:46:53        CPU      %usr     %nice      %sys   %iowait    %steal      %irq     %soft    %guest    %gnice     %idle
21:46:55        all      0,13      0,00      0,03      0,00      0,00      0,00      0,00      0,00      0,00     99,84
21:46:55          0      0,00      0,00      0,00      0,00      0,00      0,00      0,00      0,00      0,00    100,00
21:46:55          1      0,00      0,00      0,00      0,00      0,00      0,00      0,00      0,00      0,00    100,00
21:46:55          2      0,00      0,00      0,00      0,00      0,00      0,00      0,00      0,00      0,00    100,00
21:46:55          3      0,50      0,00      0,00      0,00      0,00      0,00      0,00      0,00      0,00     99,50
21:46:55          4      0,00      0,00      0,00      0,00      0,00      0,00      0,00      0,00      0,00    100,00
21:46:55          5      0,00      0,00      0,00      0,00      0,00      0,00      0,00      0,00      0,00    100,00
21:46:55          6      0,00      0,00      0,00      0,00      0,00      0,00      0,00      0,00      0,00    100,00
21:46:55          7      0,00      0,00      0,00      0,00      0,00      0,00      0,00      0,00      0,00    100,00
21:46:55          8      0,50      0,00      0,00      0,00      0,00      0,00      0,00      0,00      0,00     99,50
21:46:55          9      0,51      0,00      0,00      0,00      0,00      0,00      0,00      0,00      0,00     99,49
21:46:55         10      0,00      0,00      0,00      0,00      0,00      0,00      0,00      0,00      0,00    100,00
21:46:55         11      0,00      0,00      0,00      0,00      0,00      0,00      0,00      0,00      0,00    100,00
21:46:55         12      0,00      0,00      0,00      0,00      0,00      0,00      0,00      0,00      0,00    100,00
21:46:55         13      0,00      0,00      0,00      0,00      0,00      0,00      0,00      0,00      0,00    100,00
21:46:55         14      0,50      0,00      0,50      0,00      0,00      0,00      0,00      0,00      0,00     99,00
21:46:55         15      0,00      0,00      0,00      0,00      0,00      0,00      0,00      0,00      0,00    100,00

21:46:53        IFACE   rxpck/s   txpck/s    rxkB/s    txkB/s   rxcmp/s   txcmp/s  rxmcst/s   %ifutil
21:46:55           lo      1,00      1,00      0,08      0,08      0,00      0,00      0,00      0,00
21:46:55         eno1      6,50      2,00      0,63      0,17      0,00      0,00      1,50      0,00
21:46:55         eno2      0,00      0,00      0,00      0,00      0,00      0,00      0,00      0,00
21:46:55      docker0      0,00      0,00      0,00      0,00      0,00      0,00      0,00      0,00
21:46:55      ens2np0      0,00      0,00      0,00      0,00      0,00      0,00      0,00      0,00
21:46:55      ens2np1      0,00      0,00      0,00      0,00      0,00      0,00      0,00      0,00

21:46:55        CPU      %usr     %nice      %sys   %iowait    %steal      %irq     %soft    %guest    %gnice     %idle
21:46:57        all      0,65      0,00      0,16      0,00      0,00      0,00      7,75      0,00      0,00     91,44
21:46:57          0      1,00      0,00      0,00      0,00      0,00      0,00     56,72      0,00      0,00     42,29
21:46:57          1      0,50      0,00      0,00      0,00      0,00      0,00     57,00      0,00      0,00     42,50
21:46:57          2      1,35      0,00      0,45      0,00      0,00      0,00      9,91      0,00      0,00     88,29
21:46:57          3      0,00      0,00      0,00      0,00      0,00      0,00      0,00      0,00      0,00    100,00
21:46:57          4      1,00      0,00      0,50      0,00      0,00      0,00      0,00      0,00      0,00     98,51
21:46:57          5      1,00      0,00      0,00      0,00      0,00      0,00      0,00      0,00      0,00     99,00
21:46:57          6      1,51      0,00      0,50      0,00      0,00      0,00      0,00      0,00      0,00     97,99
21:46:57          7      0,50      0,00      0,00      0,00      0,00      0,00      0,00      0,00      0,00     99,50
21:46:57          8      0,00      0,00      0,00      0,00      0,00      0,00      0,00      0,00      0,00    100,00
21:46:57          9      0,00      0,00      0,50      0,00      0,00      0,00      0,00      0,00      0,00     99,50
21:46:57         10      1,00      0,00      0,00      0,00      0,00      0,00      0,00      0,00      0,00     99,00
21:46:57         11      0,50      0,00      0,00      0,00      0,00      0,00      0,00      0,00      0,00     99,50
21:46:57         12      1,00      0,00      0,00      0,00      0,00      0,00      0,00      0,00      0,00     99,00
21:46:57         13      0,00      0,00      0,00      0,00      0,00      0,00      0,00      0,00      0,00    100,00
21:46:57         14      0,50      0,00      0,50      0,00      0,00      0,00      0,00      0,00      0,00     99,00
21:46:57         15      0,50      0,00      0,00      0,00      0,00      0,00      0,00      0,00      0,00     99,50

21:46:55        IFACE   rxpck/s   txpck/s    rxkB/s    txkB/s   rxcmp/s   txcmp/s  rxmcst/s   %ifutil
21:46:57           lo      0,00      0,00      0,00      0,00      0,00      0,00      0,00      0,00
21:46:57         eno1      4,50      0,50      0,29      0,04      0,00      0,00      1,50      0,00
21:46:57         eno2      0,00      0,00      0,00      0,00      0,00      0,00      0,00      0,00
21:46:57      docker0      0,00      0,00      0,00      0,00      0,00      0,00      0,00      0,00
21:46:57      ens2np0 123105,50 120832,00  30295,49  29736,00      0,00      0,00      0,00      2,48
21:46:57      ens2np1      0,00      0,00      0,00      0,00      0,00      0,00      0,00      0,00

21:46:57        CPU      %usr     %nice      %sys   %iowait    %steal      %irq     %soft    %guest    %gnice     %idle
21:46:59        all      0,00      0,00      0,06      0,00      0,00      0,00     13,53      0,00      0,00     86,41
21:46:59          0      0,00      0,00      0,00      0,00      0,00      0,00    100,00      0,00      0,00      0,00
21:46:59          1      0,00      0,00      0,00      0,00      0,00      0,00    100,00      0,00      0,00      0,00
21:46:59          2      0,00      0,00      0,00      0,00      0,00      0,00     15,68      0,00      0,00     84,32
21:46:59          3      0,00      0,00      0,00      0,00      0,00      0,00      0,00      0,00      0,00    100,00
21:46:59          4      0,00      0,00      0,00      0,00      0,00      0,00      0,00      0,00      0,00    100,00
21:46:59          5      0,00      0,00      0,50      0,00      0,00      0,00      0,00      0,00      0,00     99,50
21:46:59          6      0,00      0,00      0,51      0,00      0,00      0,00      0,00      0,00      0,00     99,49
21:46:59          7      0,00      0,00      0,00      0,00      0,00      0,00      0,00      0,00      0,00    100,00
21:46:59          8      0,00      0,00      0,00      0,00      0,00      0,00      0,00      0,00      0,00    100,00
21:46:59          9      0,00      0,00      0,00      0,00      0,00      0,00      0,00      0,00      0,00    100,00
21:46:59         10      0,00      0,00      0,00      0,00      0,00      0,00      0,00      0,00      0,00    100,00
21:46:59         11      0,00      0,00      0,00      0,00      0,00      0,00      0,00      0,00      0,00    100,00
21:46:59         12      0,00      0,00      0,00      0,00      0,00      0,00      0,00      0,00      0,00    100,00
21:46:59         13      0,00      0,00      0,00      0,00      0,00      0,00      0,00      0,00      0,00    100,00
21:46:59         14      0,00      0,00      0,00      0,00      0,00      0,00      0,00      0,00      0,00    100,00
21:46:59         15      0,00      0,00      0,00      0,00      0,00      0,00      0,00      0,00      0,00    100,00

21:46:57        IFACE   rxpck/s   txpck/s    rxkB/s    txkB/s   rxcmp/s   txcmp/s  rxmcst/s   %ifutil
21:46:59           lo      0,00      0,00      0,00      0,00      0,00      0,00      0,00      0,00
21:46:59         eno1      6,50      0,00      0,41      0,00      0,00      0,00      1,00      0,00
21:46:59         eno2      0,00      0,00      0,00      0,00      0,00      0,00      0,00      0,00
21:46:59      docker0      0,00      0,00      0,00      0,00      0,00      0,00      0,00      0,00
21:46:59      ens2np0 218000,50 217088,00  53648,56  53424,00      0,00      0,00      0,00      4,39
21:46:59      ens2np1      0,00      0,00      0,00      0,00      0,00      0,00      0,00      0,00

21:46:59        CPU      %usr     %nice      %sys   %iowait    %steal      %irq     %soft    %guest    %gnice     %idle
21:47:01        all      0,28      0,00      0,09      0,00      0,00      0,00     13,00      0,00      0,00     86,63
21:47:01          0      0,00      0,00      0,00      0,00      0,00      0,00    100,00      0,00      0,00      0,00
21:47:01          1      0,00      0,00      0,00      0,00      0,00      0,00    100,00      0,00      0,00      0,00
21:47:01          2      0,92      0,00      0,00      0,00      0,00      0,00      8,26      0,00      0,00     90,83
21:47:01          3      0,00      0,00      0,50      0,00      0,00      0,00      0,00      0,00      0,00     99,50
21:47:01          4      0,50      0,00      0,00      0,00      0,00      0,00      0,00      0,00      0,00     99,50
21:47:01          5      1,00      0,00      0,00      0,00      0,00      0,00      0,00      0,00      0,00     99,00
21:47:01          6      0,50      0,00      0,00      0,00      0,00      0,00      0,00      0,00      0,00     99,50
21:47:01          7      0,00      0,00      0,00      0,00      0,00      0,00      0,00      0,00      0,00    100,00
21:47:01          8      0,00      0,00      0,00      0,00      0,00      0,00      0,00      0,00      0,00    100,00
21:47:01          9      0,00      0,00      0,00      0,00      0,00      0,00      0,00      0,00      0,00    100,00
21:47:01         10      0,00      0,00      0,00      0,00      0,00      0,00      0,00      0,00      0,00    100,00
21:47:01         11      0,50      0,00      0,00      0,00      0,00      0,00      0,00      0,00      0,00     99,50
21:47:01         12      0,00      0,00      0,00      0,00      0,00      0,00      0,00      0,00      0,00    100,00
21:47:01         13      0,50      0,00      1,00      0,00      0,00      0,00      0,00      0,00      0,00     98,50
21:47:01         14      0,00      0,00      0,00      0,00      0,00      0,00      0,00      0,00      0,00    100,00
21:47:01         15      0,50      0,00      0,00      0,00      0,00      0,00      0,00      0,00      0,00     99,50

21:46:59        IFACE   rxpck/s   txpck/s    rxkB/s    txkB/s   rxcmp/s   txcmp/s  rxmcst/s   %ifutil
21:47:01           lo      0,00      0,00      0,00      0,00      0,00      0,00      0,00      0,00
21:47:01         eno1      4,50      0,50      0,28      0,04      0,00      0,00      1,50      0,00
21:47:01         eno2      0,00      0,00      0,00      0,00      0,00      0,00      0,00      0,00
21:47:01      docker0      0,00      0,00      0,00      0,00      0,00      0,00      0,00      0,00
21:47:01      ens2np0 217766,00 218112,00  53590,85  53676,00      0,00      0,00      0,00      4,40
21:47:01      ens2np1      0,00      0,00      0,00      0,00      0,00      0,00      0,00      0,00

21:47:01        CPU      %usr     %nice      %sys   %iowait    %steal      %irq     %soft    %guest    %gnice     %idle
21:47:03        all      0,09      0,00      0,09      0,00      0,00      0,00     12,79      0,00      0,00     87,02
21:47:03          0      0,00      0,00      0,00      0,00      0,00      0,00    100,00      0,00      0,00      0,00
21:47:03          1      0,00      0,00      0,00      0,00      0,00      0,00    100,00      0,00      0,00      0,00
21:47:03          2      0,00      0,00      0,49      0,00      0,00      0,00      2,94      0,00      0,00     96,57
21:47:03          3      0,49      0,00      0,00      0,00      0,00      0,00      1,95      0,00      0,00     97,56
21:47:03          4      0,00      0,00      0,00      0,00      0,00      0,00      0,00      0,00      0,00    100,00
21:47:03          5      0,50      0,00      0,50      0,00      0,00      0,00      0,00      0,00      0,00     99,00
21:47:03          6      0,00      0,00      0,00      0,00      0,00      0,00      0,00      0,00      0,00    100,00
21:47:03          7      0,00      0,00      0,00      0,00      0,00      0,00      0,00      0,00      0,00    100,00
21:47:03          8      0,00      0,00      0,00      0,00      0,00      0,00      0,00      0,00      0,00    100,00
21:47:03          9      0,00      0,00      0,00      0,00      0,00      0,00      0,00      0,00      0,00    100,00
21:47:03         10      0,50      0,00      0,50      0,00      0,00      0,00      0,00      0,00      0,00     99,00
21:47:03         11      0,00      0,00      0,00      0,00      0,00      0,00      0,00      0,00      0,00    100,00
21:47:03         12      0,00      0,00      0,00      0,00      0,00      0,00      0,00      0,00      0,00    100,00
21:47:03         13      0,00      0,00      0,00      0,00      0,00      0,00      0,00      0,00      0,00    100,00
21:47:03         14      0,00      0,00      0,00      0,00      0,00      0,00      0,00      0,00      0,00    100,00
21:47:03         15      0,00      0,00      0,00      0,00      0,00      0,00      0,00      0,00      0,00    100,00

21:47:01        IFACE   rxpck/s   txpck/s    rxkB/s    txkB/s   rxcmp/s   txcmp/s  rxmcst/s   %ifutil
21:47:03           lo      2,00      2,00      0,16      0,16      0,00      0,00      0,00      0,00
21:47:03         eno1      7,00      2,00      0,48      0,16      0,00      0,00      1,00      0,00
21:47:03         eno2      0,00      0,00      0,00      0,00      0,00      0,00      0,00      0,00
21:47:03      docker0      0,00      0,00      0,00      0,00      0,00      0,00      0,00      0,00
21:47:03      ens2np0 218010,00 218112,00  53650,90  53676,00      0,00      0,00      0,00      4,40
21:47:03      ens2np1      0,00      0,00      0,00      0,00      0,00      0,00      0,00      0,00

21:47:03        CPU      %usr     %nice      %sys   %iowait    %steal      %irq     %soft    %guest    %gnice     %idle
21:47:05        all      0,12      0,00      0,06      0,00      0,00      0,00     12,55      0,00      0,00     87,26
21:47:05          0      0,00      0,00      0,00      0,00      0,00      0,00    100,00      0,00      0,00      0,00
21:47:05          1      0,00      0,00      0,00      0,00      0,00      0,00    100,00      0,00      0,00      0,00
21:47:05          2      0,00      0,00      0,00      0,00      0,00      0,00      0,50      0,00      0,00     99,50
21:47:05          3      0,50      0,00      0,00      0,00      0,00      0,00      0,50      0,00      0,00     99,00
21:47:05          4      0,00      0,00      0,00      0,00      0,00      0,00      0,00      0,00      0,00    100,00
21:47:05          5      0,00      0,00      0,00      0,00      0,00      0,00      0,00      0,00      0,00    100,00
21:47:05          6      0,00      0,00      0,50      0,00      0,00      0,00      0,00      0,00      0,00     99,50
21:47:05          7      0,00      0,00      0,00      0,00      0,00      0,00      0,00      0,00      0,00    100,00
21:47:05          8      0,00      0,00      0,00      0,00      0,00      0,00      0,00      0,00      0,00    100,00
21:47:05          9      0,00      0,00      0,00      0,00      0,00      0,00      0,00      0,00      0,00    100,00
21:47:05         10      0,50      0,00      0,00      0,00      0,00      0,00      0,00      0,00      0,00     99,50
21:47:05         11      1,01      0,00      0,50      0,00      0,00      0,00      0,00      0,00      0,00     98,49
21:47:05         12      0,00      0,00      0,00      0,00      0,00      0,00      0,00      0,00      0,00    100,00
21:47:05         13      0,00      0,00      0,00      0,00      0,00      0,00      0,00      0,00      0,00    100,00
21:47:05         14      0,00      0,00      0,00      0,00      0,00      0,00      0,00      0,00      0,00    100,00
21:47:05         15      0,00      0,00      0,00      0,00      0,00      0,00      0,00      0,00      0,00    100,00

21:47:03        IFACE   rxpck/s   txpck/s    rxkB/s    txkB/s   rxcmp/s   txcmp/s  rxmcst/s   %ifutil
21:47:05           lo      0,00      0,00      0,00      0,00      0,00      0,00      0,00      0,00
21:47:05         eno1      3,50      3,50      0,23      0,38      0,00      0,00      1,00      0,00
21:47:05         eno2      0,00      0,00      0,00      0,00      0,00      0,00      0,00      0,00
21:47:05      docker0      0,00      0,00      0,00      0,00      0,00      0,00      0,00      0,00
21:47:05      ens2np0 218254,50 218112,00  53711,07  53676,00      0,00      0,00      0,00      4,40
21:47:05      ens2np1      0,00      0,00      0,00      0,00      0,00      0,00      0,00      0,00

21:47:05        CPU      %usr     %nice      %sys   %iowait    %steal      %irq     %soft    %guest    %gnice     %idle
21:47:07        all      0,41      0,00      0,28      0,00      0,00      0,00     12,52      0,00      0,00     86,79
21:47:07          0      0,00      0,00      0,00      0,00      0,00      0,00    100,00      0,00      0,00      0,00
21:47:07          1      0,00      0,00      0,00      0,00      0,00      0,00    100,00      0,00      0,00      0,00
21:47:07          2      0,50      0,00      0,50      0,00      0,00      0,00      0,50      0,00      0,00     98,50
21:47:07          3      0,00      0,00      0,50      0,00      0,00      0,00      0,00      0,00      0,00     99,50
21:47:07          4      0,50      0,00      0,00      0,00      0,00      0,00      0,00      0,00      0,00     99,50
21:47:07          5      0,00      0,00      0,50      0,00      0,00      0,00      0,00      0,00      0,00     99,50
21:47:07          6      0,50      0,00      0,00      0,00      0,00      0,00      0,00      0,00      0,00     99,50
21:47:07          7      1,49      0,00      1,00      0,00      0,00      0,00      0,00      0,00      0,00     97,51
21:47:07          8      0,00      0,00      0,00      0,00      0,00      0,00      0,00      0,00      0,00    100,00
21:47:07          9      0,00      0,00      0,50      0,00      0,00      0,00      0,00      0,00      0,00     99,50
21:47:07         10      0,50      0,00      0,50      0,00      0,00      0,00      0,00      0,00      0,00     99,00
21:47:07         11      0,99      0,00      0,50      0,00      0,00      0,00      0,00      0,00      0,00     98,51
21:47:07         12      1,00      0,00      0,00      0,00      0,00      0,00      0,00      0,00      0,00     99,00
21:47:07         13      0,50      0,00      0,00      0,00      0,00      0,00      0,00      0,00      0,00     99,50
21:47:07         14      0,50      0,00      0,00      0,00      0,00      0,00      0,00      0,00      0,00     99,50
21:47:07         15      0,00      0,00      0,50      0,00      0,00      0,00      0,00      0,00      0,00     99,50

21:47:05        IFACE   rxpck/s   txpck/s    rxkB/s    txkB/s   rxcmp/s   txcmp/s  rxmcst/s   %ifutil
21:47:07           lo      0,00      0,00      0,00      0,00      0,00      0,00      0,00      0,00
21:47:07         eno1      4,00      0,50      0,25      0,08      0,00      0,00      1,00      0,00
21:47:07         eno2      0,00      0,00      0,00      0,00      0,00      0,00      0,00      0,00
21:47:07      docker0      0,00      0,00      0,00      0,00      0,00      0,00      0,00      0,00
21:47:07      ens2np0 217032,00 217088,00  53410,22  53424,00      0,00      0,00      0,00      4,38
21:47:07      ens2np1      0,00      0,00      0,00      0,00      0,00      0,00      0,00      0,00

21:47:07        CPU      %usr     %nice      %sys   %iowait    %steal      %irq     %soft    %guest    %gnice     %idle
21:47:09        all      0,13      0,00      0,06      0,00      0,00      0,00     12,52      0,00      0,00     87,29
21:47:09          0      0,00      0,00      0,00      0,00      0,00      0,00    100,00      0,00      0,00      0,00
21:47:09          1      0,00      0,00      0,00      0,00      0,00      0,00    100,00      0,00      0,00      0,00
21:47:09          2      0,50      0,00      0,00      0,00      0,00      0,00      0,00      0,00      0,00     99,50
21:47:09          3      0,00      0,00      0,00      0,00      0,00      0,00      0,00      0,00      0,00    100,00
21:47:09          4      0,00      0,00      0,00      0,00      0,00      0,00      0,00      0,00      0,00    100,00
21:47:09          5      0,00      0,00      0,00      0,00      0,00      0,00      0,00      0,00      0,00    100,00
21:47:09          6      0,50      0,00      0,00      0,00      0,00      0,00      0,00      0,00      0,00     99,50
21:47:09          7      0,00      0,00      0,00      0,00      0,00      0,00      0,00      0,00      0,00    100,00
21:47:09          8      0,00      0,00      0,00      0,00      0,00      0,00      0,00      0,00      0,00    100,00
21:47:09          9      0,00      0,00      0,00      0,00      0,00      0,00      0,00      0,00      0,00    100,00
21:47:09         10      0,00      0,00      0,00      0,00      0,00      0,00      0,00      0,00      0,00    100,00
21:47:09         11      0,00      0,00      0,50      0,00      0,00      0,00      0,00      0,00      0,00     99,50
21:47:09         12      0,00      0,00      0,00      0,00      0,00      0,00      0,00      0,00      0,00    100,00
21:47:09         13      0,50      0,00      0,50      0,00      0,00      0,00      0,00      0,00      0,00     99,00
21:47:09         14      0,00      0,00      0,00      0,00      0,00      0,00      0,00      0,00      0,00    100,00
21:47:09         15      0,50      0,00      0,00      0,00      0,00      0,00      0,00      0,00      0,00     99,50

21:47:07        IFACE   rxpck/s   txpck/s    rxkB/s    txkB/s   rxcmp/s   txcmp/s  rxmcst/s   %ifutil
21:47:09           lo      0,00      0,00      0,00      0,00      0,00      0,00      0,00      0,00
21:47:09         eno1      9,00      6,00      0,72      0,55      0,00      0,00      1,50      0,00
21:47:09         eno2      0,00      0,00      0,00      0,00      0,00      0,00      0,00      0,00
21:47:09      docker0      0,00      0,00      0,00      0,00      0,00      0,00      0,00      0,00
21:47:09      ens2np0 217450,50 217088,00  53513,21  53424,00      0,00      0,00      0,00      4,38
21:47:09      ens2np1      0,00      0,00      0,00      0,00      0,00      0,00      0,00      0,00

21:47:09        CPU      %usr     %nice      %sys   %iowait    %steal      %irq     %soft    %guest    %gnice     %idle
21:47:11        all      0,09      0,00      0,03      0,00      0,00      0,00     12,60      0,00      0,00     87,27
21:47:11          0      0,00      0,00      0,00      0,00      0,00      0,00    100,00      0,00      0,00      0,00
21:47:11          1      0,00      0,00      0,00      0,00      0,00      0,00    100,00      0,00      0,00      0,00
21:47:11          2      1,01      0,00      0,00      0,00      0,00      0,00      1,01      0,00      0,00     97,99
21:47:11          3      0,00      0,00      0,00      0,00      0,00      0,00      0,50      0,00      0,00     99,50
21:47:11          4      0,00      0,00      0,00      0,00      0,00      0,00      0,00      0,00      0,00    100,00
21:47:11          5      0,00      0,00      0,00      0,00      0,00      0,00      0,00      0,00      0,00    100,00
21:47:11          6      0,00      0,00      0,00      0,00      0,00      0,00      0,00      0,00      0,00    100,00
21:47:11          7      0,00      0,00      0,00      0,00      0,00      0,00      0,00      0,00      0,00    100,00
21:47:11          8      0,00      0,00      0,00      0,00      0,00      0,00      0,00      0,00      0,00    100,00
21:47:11          9      0,00      0,00      0,00      0,00      0,00      0,00      0,00      0,00      0,00    100,00
21:47:11         10      0,00      0,00      0,00      0,00      0,00      0,00      0,00      0,00      0,00    100,00
21:47:11         11      0,00      0,00      0,00      0,00      0,00      0,00      0,00      0,00      0,00    100,00
21:47:11         12      0,00      0,00      0,00      0,00      0,00      0,00      0,00      0,00      0,00    100,00
21:47:11         13      0,50      0,00      0,50      0,00      0,00      0,00      0,00      0,00      0,00     99,00
21:47:11         14      0,00      0,00      0,00      0,00      0,00      0,00      0,00      0,00      0,00    100,00
21:47:11         15      0,00      0,00      0,00      0,00      0,00      0,00      0,00      0,00      0,00    100,00

21:47:09        IFACE   rxpck/s   txpck/s    rxkB/s    txkB/s   rxcmp/s   txcmp/s  rxmcst/s   %ifutil
21:47:11           lo      2,00      2,00      0,16      0,16      0,00      0,00      0,00      0,00
21:47:11         eno1      6,00      3,50      0,50      0,38      0,00      0,00      1,00      0,00
21:47:11         eno2      0,00      0,00      0,00      0,00      0,00      0,00      0,00      0,00
21:47:11      docker0      0,00      0,00      0,00      0,00      0,00      0,00      0,00      0,00
21:47:11      ens2np0 217979,50 218112,00  53643,39  53676,00      0,00      0,00      0,00      4,40
21:47:11      ens2np1      0,00      0,00      0,00      0,00      0,00      0,00      0,00      0,00

21:47:11        CPU      %usr     %nice      %sys   %iowait    %steal      %irq     %soft    %guest    %gnice     %idle
21:47:13        all      0,00      0,00      0,03      0,00      0,00      0,00     12,72      0,00      0,00     87,25
21:47:13          0      0,00      0,00      0,00      0,00      0,00      0,00    100,00      0,00      0,00      0,00
21:47:13          1      0,00      0,00      0,00      0,00      0,00      0,00    100,00      0,00      0,00      0,00
21:47:13          2      0,00      0,00      0,00      0,00      0,00      0,00      3,86      0,00      0,00     96,14
21:47:13          3      0,00      0,00      0,00      0,00      0,00      0,00      0,00      0,00      0,00    100,00
21:47:13          4      0,00      0,00      0,00      0,00      0,00      0,00      0,00      0,00      0,00    100,00
21:47:13          5      0,00      0,00      0,50      0,00      0,00      0,00      0,00      0,00      0,00     99,50
21:47:13          6      0,00      0,00      0,00      0,00      0,00      0,00      0,00      0,00      0,00    100,00
21:47:13          7      0,00      0,00      0,00      0,00      0,00      0,00      0,00      0,00      0,00    100,00
21:47:13          8      0,00      0,00      0,00      0,00      0,00      0,00      0,00      0,00      0,00    100,00
21:47:13          9      0,00      0,00      0,00      0,00      0,00      0,00      0,00      0,00      0,00    100,00
21:47:13         10      0,00      0,00      0,00      0,00      0,00      0,00      0,00      0,00      0,00    100,00
21:47:13         11      0,00      0,00      0,00      0,00      0,00      0,00      0,00      0,00      0,00    100,00
21:47:13         12      0,00      0,00      0,00      0,00      0,00      0,00      0,00      0,00      0,00    100,00
21:47:13         13      0,00      0,00      0,00      0,00      0,00      0,00      0,00      0,00      0,00    100,00
21:47:13         14      0,00      0,00      0,00      0,00      0,00      0,00      0,00      0,00      0,00    100,00
21:47:13         15      0,00      0,00      0,00      0,00      0,00      0,00      0,00      0,00      0,00    100,00

21:47:11        IFACE   rxpck/s   txpck/s    rxkB/s    txkB/s   rxcmp/s   txcmp/s  rxmcst/s   %ifutil
21:47:13           lo      0,00      0,00      0,00      0,00      0,00      0,00      0,00      0,00
21:47:13         eno1      5,50      0,00      0,35      0,00      0,00      0,00      1,00      0,00
21:47:13         eno2      0,00      0,00      0,00      0,00      0,00      0,00      0,00      0,00
21:47:13      docker0      0,00      0,00      0,00      0,00      0,00      0,00      0,00      0,00
21:47:13      ens2np0 217998,50 218112,00  53648,07  53676,00      0,00      0,00      0,00      4,40
21:47:13      ens2np1      0,00      0,00      0,00      0,00      0,00      0,00      0,00      0,00

21:47:13        CPU      %usr     %nice      %sys   %iowait    %steal      %irq     %soft    %guest    %gnice     %idle
21:47:15        all      0,00      0,00      0,00      0,00      0,00      0,00     12,61      0,00      0,00     87,39
21:47:15          0      0,00      0,00      0,00      0,00      0,00      0,00    100,00      0,00      0,00      0,00
21:47:15          1      0,00      0,00      0,00      0,00      0,00      0,00    100,00      0,00      0,00      0,00
21:47:15          2      0,00      0,00      0,00      0,00      0,00      0,00      1,96      0,00      0,00     98,04
21:47:15          3      0,00      0,00      0,00      0,00      0,00      0,00      0,00      0,00      0,00    100,00
21:47:15          4      0,00      0,00      0,00      0,00      0,00      0,00      0,00      0,00      0,00    100,00
21:47:15          5      0,00      0,00      0,00      0,00      0,00      0,00      0,00      0,00      0,00    100,00
21:47:15          6      0,00      0,00      0,00      0,00      0,00      0,00      0,00      0,00      0,00    100,00
21:47:15          7      0,00      0,00      0,00      0,00      0,00      0,00      0,00      0,00      0,00    100,00
21:47:15          8      0,00      0,00      0,00      0,00      0,00      0,00      0,00      0,00      0,00    100,00
21:47:15          9      0,00      0,00      0,00      0,00      0,00      0,00      0,00      0,00      0,00    100,00
21:47:15         10      0,00      0,00      0,00      0,00      0,00      0,00      0,00      0,00      0,00    100,00
21:47:15         11      0,00      0,00      0,00      0,00      0,00      0,00      0,00      0,00      0,00    100,00
21:47:15         12      0,00      0,00      0,00      0,00      0,00      0,00      0,00      0,00      0,00    100,00
21:47:15         13      0,00      0,00      0,00      0,00      0,00      0,00      0,00      0,00      0,00    100,00
21:47:15         14      0,00      0,00      0,00      0,00      0,00      0,00      0,00      0,00      0,00    100,00
21:47:15         15      0,00      0,00      0,00      0,00      0,00      0,00      0,00      0,00      0,00    100,00

21:47:13        IFACE   rxpck/s   txpck/s    rxkB/s    txkB/s   rxcmp/s   txcmp/s  rxmcst/s   %ifutil
21:47:15           lo      0,00      0,00      0,00      0,00      0,00      0,00      0,00      0,00
21:47:15         eno1      3,50      0,00      0,22      0,00      0,00      0,00      1,00      0,00
21:47:15         eno2      0,00      0,00      0,00      0,00      0,00      0,00      0,00      0,00
21:47:15      docker0      0,00      0,00      0,00      0,00      0,00      0,00      0,00      0,00
21:47:15      ens2np0 218012,00 218112,00  53651,39  53676,00      0,00      0,00      0,00      4,40
21:47:15      ens2np1      0,00      0,00      0,00      0,00      0,00      0,00      0,00      0,00

21:47:15        CPU      %usr     %nice      %sys   %iowait    %steal      %irq     %soft    %guest    %gnice     %idle
21:47:17        all      0,50      0,00      0,16      0,00      0,00      0,00     12,67      0,00      0,00     86,67
21:47:17          0      0,00      0,00      0,00      0,00      0,00      0,00    100,00      0,00      0,00      0,00
21:47:17          1      0,00      0,00      0,00      0,00      0,00      0,00    100,00      0,00      0,00      0,00
21:47:17          2      0,49      0,00      0,98      0,00      0,00      0,00      2,93      0,00      0,00     95,61
21:47:17          3      1,00      0,00      0,00      0,00      0,00      0,00      0,00      0,00      0,00     99,00
21:47:17          4      0,50      0,00      0,00      0,00      0,00      0,00      0,00      0,00      0,00     99,50
21:47:17          5      0,50      0,00      0,50      0,00      0,00      0,00      0,00      0,00      0,00     99,00
21:47:17          6      1,01      0,00      0,00      0,00      0,00      0,00      0,00      0,00      0,00     98,99
21:47:17          7      1,49      0,00      0,50      0,00      0,00      0,00      0,00      0,00      0,00     98,01
21:47:17          8      0,50      0,00      0,00      0,00      0,00      0,00      0,00      0,00      0,00     99,50
21:47:17          9      0,50      0,00      0,00      0,00      0,00      0,00      0,00      0,00      0,00     99,50
21:47:17         10      0,50      0,00      0,00      0,00      0,00      0,00      0,00      0,00      0,00     99,50
21:47:17         11      0,50      0,00      0,00      0,00      0,00      0,00      0,00      0,00      0,00     99,50
21:47:17         12      0,50      0,00      0,00      0,00      0,00      0,00      0,00      0,00      0,00     99,50
21:47:17         13      0,00      0,00      0,00      0,00      0,00      0,00      0,00      0,00      0,00    100,00
21:47:17         14      0,50      0,00      0,00      0,00      0,00      0,00      0,00      0,00      0,00     99,50
21:47:17         15      0,00      0,00      0,50      0,00      0,00      0,00      0,00      0,00      0,00     99,50

21:47:15        IFACE   rxpck/s   txpck/s    rxkB/s    txkB/s   rxcmp/s   txcmp/s  rxmcst/s   %ifutil
21:47:17           lo      0,00      0,00      0,00      0,00      0,00      0,00      0,00      0,00
21:47:17         eno1      6,00      0,00      0,38      0,00      0,00      0,00      1,00      0,00
21:47:17         eno2      0,00      0,00      0,00      0,00      0,00      0,00      0,00      0,00
21:47:17      docker0      0,00      0,00      0,00      0,00      0,00      0,00      0,00      0,00
21:47:17      ens2np0 217720,50 217088,00  53579,65  53424,00      0,00      0,00      0,00      4,39
21:47:17      ens2np1      0,00      0,00      0,00      0,00      0,00      0,00      0,00      0,00

21:47:17        CPU      %usr     %nice      %sys   %iowait    %steal      %irq     %soft    %guest    %gnice     %idle
21:47:19        all      0,03      0,00      0,00      0,00      0,00      0,00     12,83      0,00      0,00     87,14
21:47:19          0      0,00      0,00      0,00      0,00      0,00      0,00    100,00      0,00      0,00      0,00
21:47:19          1      0,00      0,00      0,00      0,00      0,00      0,00    100,00      0,00      0,00      0,00
21:47:19          2      0,47      0,00      0,00      0,00      0,00      0,00      5,66      0,00      0,00     93,87
21:47:19          3      0,00      0,00      0,00      0,00      0,00      0,00      0,00      0,00      0,00    100,00
21:47:19          4      0,00      0,00      0,00      0,00      0,00      0,00      0,00      0,00      0,00    100,00
21:47:19          5      0,00      0,00      0,00      0,00      0,00      0,00      0,00      0,00      0,00    100,00
21:47:19          6      0,00      0,00      0,00      0,00      0,00      0,00      0,00      0,00      0,00    100,00
21:47:19          7      0,00      0,00      0,00      0,00      0,00      0,00      0,00      0,00      0,00    100,00
21:47:19          8      0,00      0,00      0,00      0,00      0,00      0,00      0,00      0,00      0,00    100,00
21:47:19          9      0,00      0,00      0,00      0,00      0,00      0,00      0,00      0,00      0,00    100,00
21:47:19         10      0,00      0,00      0,00      0,00      0,00      0,00      0,00      0,00      0,00    100,00
21:47:19         11      0,00      0,00      0,00      0,00      0,00      0,00      0,00      0,00      0,00    100,00
21:47:19         12      0,00      0,00      0,00      0,00      0,00      0,00      0,00      0,00      0,00    100,00
21:47:19         13      0,00      0,00      0,00      0,00      0,00      0,00      0,00      0,00      0,00    100,00
21:47:19         14      0,00      0,00      0,00      0,00      0,00      0,00      0,00      0,00      0,00    100,00
21:47:19         15      0,00      0,00      0,00      0,00      0,00      0,00      0,00      0,00      0,00    100,00

21:47:17        IFACE   rxpck/s   txpck/s    rxkB/s    txkB/s   rxcmp/s   txcmp/s  rxmcst/s   %ifutil
21:47:19           lo      0,00      0,00      0,00      0,00      0,00      0,00      0,00      0,00
21:47:19         eno1      6,50      0,00      0,41      0,00      0,00      0,00      1,00      0,00
21:47:19         eno2      0,00      0,00      0,00      0,00      0,00      0,00      0,00      0,00
21:47:19      docker0      0,00      0,00      0,00      0,00      0,00      0,00      0,00      0,00
21:47:19      ens2np0 217989,50 219136,00  53645,85  53928,00      0,00      0,00      0,00      4,42
21:47:19      ens2np1      0,00      0,00      0,00      0,00      0,00      0,00      0,00      0,00

21:47:19        CPU      %usr     %nice      %sys   %iowait    %steal      %irq     %soft    %guest    %gnice     %idle
21:47:21        all      0,00      0,00      0,00      0,00      0,00      0,00     12,77      0,00      0,00     87,23
21:47:21          0      0,00      0,00      0,00      0,00      0,00      0,00    100,00      0,00      0,00      0,00
21:47:21          1      0,00      0,00      0,00      0,00      0,00      0,00    100,00      0,00      0,00      0,00
21:47:21          2      0,00      0,00      0,00      0,00      0,00      0,00      4,76      0,00      0,00     95,24
21:47:21          3      0,00      0,00      0,00      0,00      0,00      0,00      0,00      0,00      0,00    100,00
21:47:21          4      0,00      0,00      0,00      0,00      0,00      0,00      0,00      0,00      0,00    100,00
21:47:21          5      0,00      0,00      0,00      0,00      0,00      0,00      0,00      0,00      0,00    100,00
21:47:21          6      0,00      0,00      0,00      0,00      0,00      0,00      0,00      0,00      0,00    100,00
21:47:21          7      0,00      0,00      0,00      0,00      0,00      0,00      0,00      0,00      0,00    100,00
21:47:21          8      0,00      0,00      0,00      0,00      0,00      0,00      0,00      0,00      0,00    100,00
21:47:21          9      0,00      0,00      0,00      0,00      0,00      0,00      0,00      0,00      0,00    100,00
21:47:21         10      0,00      0,00      0,00      0,00      0,00      0,00      0,00      0,00      0,00    100,00
21:47:21         11      0,00      0,00      0,00      0,00      0,00      0,00      0,00      0,00      0,00    100,00
21:47:21         12      0,00      0,00      0,00      0,00      0,00      0,00      0,00      0,00      0,00    100,00
21:47:21         13      0,00      0,00      0,00      0,00      0,00      0,00      0,00      0,00      0,00    100,00
21:47:21         14      0,00      0,00      0,00      0,00      0,00      0,00      0,00      0,00      0,00    100,00
21:47:21         15      0,00      0,00      0,00      0,00      0,00      0,00      0,00      0,00      0,00    100,00

21:47:19        IFACE   rxpck/s   txpck/s    rxkB/s    txkB/s   rxcmp/s   txcmp/s  rxmcst/s   %ifutil
21:47:21           lo      0,00      0,00      0,00      0,00      0,00      0,00      0,00      0,00
21:47:21         eno1      3,00      0,00      0,19      0,00      0,00      0,00      1,00      0,00
21:47:21         eno2      0,00      0,00      0,00      0,00      0,00      0,00      0,00      0,00
21:47:21      docker0      0,00      0,00      0,00      0,00      0,00      0,00      0,00      0,00
21:47:21      ens2np0 218053,00 217088,00  53661,48  53424,00      0,00      0,00      0,00      4,40
21:47:21      ens2np1      0,00      0,00      0,00      0,00      0,00      0,00      0,00      0,00

21:47:21        CPU      %usr     %nice      %sys   %iowait    %steal      %irq     %soft    %guest    %gnice     %idle
21:47:23        all      0,00      0,00      0,00      0,03      0,00      0,00     12,72      0,00      0,00     87,25
21:47:23          0      0,00      0,00      0,00      0,00      0,00      0,00    100,00      0,00      0,00      0,00
21:47:23          1      0,00      0,00      0,00      0,00      0,00      0,00    100,00      0,00      0,00      0,00
21:47:23          2      0,00      0,00      0,00      0,00      0,00      0,00      3,86      0,00      0,00     96,14
21:47:23          3      0,00      0,00      0,00      0,00      0,00      0,00      0,00      0,00      0,00    100,00
21:47:23          4      0,00      0,00      0,00      0,00      0,00      0,00      0,00      0,00      0,00    100,00
21:47:23          5      0,00      0,00      0,00      0,00      0,00      0,00      0,00      0,00      0,00    100,00
21:47:23          6      0,00      0,00      0,00      0,00      0,00      0,00      0,00      0,00      0,00    100,00
21:47:23          7      0,00      0,00      0,00      0,00      0,00      0,00      0,00      0,00      0,00    100,00
21:47:23          8      0,00      0,00      0,00      0,50      0,00      0,00      0,00      0,00      0,00     99,50
21:47:23          9      0,00      0,00      0,00      0,00      0,00      0,00      0,00      0,00      0,00    100,00
21:47:23         10      0,00      0,00      0,00      0,00      0,00      0,00      0,00      0,00      0,00    100,00
21:47:23         11      0,00      0,00      0,00      0,00      0,00      0,00      0,00      0,00      0,00    100,00
21:47:23         12      0,00      0,00      0,00      0,00      0,00      0,00      0,00      0,00      0,00    100,00
21:47:23         13      0,00      0,00      0,00      0,00      0,00      0,00      0,00      0,00      0,00    100,00
21:47:23         14      0,00      0,00      0,00      0,00      0,00      0,00      0,00      0,00      0,00    100,00
21:47:23         15      0,00      0,00      0,00      0,00      0,00      0,00      0,00      0,00      0,00    100,00

21:47:21        IFACE   rxpck/s   txpck/s    rxkB/s    txkB/s   rxcmp/s   txcmp/s  rxmcst/s   %ifutil
21:47:23           lo      0,00      0,00      0,00      0,00      0,00      0,00      0,00      0,00
21:47:23         eno1      2,50      0,00      0,16      0,00      0,00      0,00      0,50      0,00
21:47:23         eno2      0,00      0,00      0,00      0,00      0,00      0,00      0,00      0,00
21:47:23      docker0      0,00      0,00      0,00      0,00      0,00      0,00      0,00      0,00
21:47:23      ens2np0 218035,50 219136,00  53657,17  53928,00      0,00      0,00      0,00      4,42
21:47:23      ens2np1      0,00      0,00      0,00      0,00      0,00      0,00      0,00      0,00

21:47:23        CPU      %usr     %nice      %sys   %iowait    %steal      %irq     %soft    %guest    %gnice     %idle
21:47:25        all      0,03      0,00      0,00      0,00      0,00      0,00     12,91      0,00      0,00     87,06
21:47:25          0      0,00      0,00      0,00      0,00      0,00      0,00    100,00      0,00      0,00      0,00
21:47:25          1      0,00      0,00      0,00      0,00      0,00      0,00    100,00      0,00      0,00      0,00
21:47:25          2      0,00      0,00      0,00      0,00      0,00      0,00      7,01      0,00      0,00     92,99
21:47:25          3      0,00      0,00      0,00      0,00      0,00      0,00      0,00      0,00      0,00    100,00
21:47:25          4      0,00      0,00      0,00      0,00      0,00      0,00      0,00      0,00      0,00    100,00
21:47:25          5      0,50      0,00      0,00      0,00      0,00      0,00      0,00      0,00      0,00     99,50
21:47:25          6      0,00      0,00      0,00      0,00      0,00      0,00      0,00      0,00      0,00    100,00
21:47:25          7      0,00      0,00      0,00      0,00      0,00      0,00      0,00      0,00      0,00    100,00
21:47:25          8      0,00      0,00      0,00      0,00      0,00      0,00      0,00      0,00      0,00    100,00
21:47:25          9      0,00      0,00      0,00      0,00      0,00      0,00      0,00      0,00      0,00    100,00
21:47:25         10      0,00      0,00      0,00      0,00      0,00      0,00      0,00      0,00      0,00    100,00
21:47:25         11      0,00      0,00      0,00      0,00      0,00      0,00      0,00      0,00      0,00    100,00
21:47:25         12      0,00      0,00      0,00      0,00      0,00      0,00      0,00      0,00      0,00    100,00
21:47:25         13      0,00      0,00      0,00      0,00      0,00      0,00      0,00      0,00      0,00    100,00
21:47:25         14      0,00      0,00      0,00      0,00      0,00      0,00      0,00      0,00      0,00    100,00
21:47:25         15      0,00      0,00      0,00      0,00      0,00      0,00      0,00      0,00      0,00    100,00

21:47:23        IFACE   rxpck/s   txpck/s    rxkB/s    txkB/s   rxcmp/s   txcmp/s  rxmcst/s   %ifutil
21:47:25           lo      0,00      0,00      0,00      0,00      0,00      0,00      0,00      0,00
21:47:25         eno1      5,50      0,00      0,35      0,00      0,00      0,00      1,50      0,00
21:47:25         eno2      0,00      0,00      0,00      0,00      0,00      0,00      0,00      0,00
21:47:25      docker0      0,00      0,00      0,00      0,00      0,00      0,00      0,00      0,00
21:47:25      ens2np0 218057,50 217088,00  53662,59  53424,00      0,00      0,00      0,00      4,40
21:47:25      ens2np1      0,00      0,00      0,00      0,00      0,00      0,00      0,00      0,00

21:47:25        CPU      %usr     %nice      %sys   %iowait    %steal      %irq     %soft    %guest    %gnice     %idle
21:47:27        all      0,25      0,00      0,16      0,00      0,00      0,00     12,74      0,00      0,00     86,86
21:47:27          0      0,00      0,00      0,00      0,00      0,00      0,00    100,00      0,00      0,00      0,00
21:47:27          1      0,00      0,00      0,00      0,00      0,00      0,00    100,00      0,00      0,00      0,00
21:47:27          2      0,00      0,00      0,00      0,00      0,00      0,00      3,86      0,00      0,00     96,14
21:47:27          3      0,51      0,00      0,00      0,00      0,00      0,00      0,00      0,00      0,00     99,49
21:47:27          4      0,00      0,00      0,50      0,00      0,00      0,00      0,00      0,00      0,00     99,50
21:47:27          5      0,50      0,00      0,50      0,00      0,00      0,00      0,00      0,00      0,00     98,99
21:47:27          6      1,00      0,00      0,50      0,00      0,00      0,00      0,00      0,00      0,00     98,51
21:47:27          7      0,50      0,00      0,00      0,00      0,00      0,00      0,00      0,00      0,00     99,50
21:47:27          8      0,00      0,00      0,00      0,00      0,00      0,00      0,00      0,00      0,00    100,00
21:47:27          9      0,00      0,00      0,00      0,00      0,00      0,00      0,00      0,00      0,00    100,00
21:47:27         10      0,00      0,00      0,00      0,00      0,00      0,00      0,00      0,00      0,00    100,00
21:47:27         11      0,00      0,00      0,50      0,00      0,00      0,00      0,00      0,00      0,00     99,50
21:47:27         12      0,00      0,00      0,00      0,00      0,00      0,00      0,00      0,00      0,00    100,00
21:47:27         13      0,50      0,00      0,00      0,00      0,00      0,00      0,00      0,00      0,00     99,50
21:47:27         14      0,00      0,00      0,50      0,00      0,00      0,00      0,00      0,00      0,00     99,50
21:47:27         15      1,01      0,00      0,00      0,00      0,00      0,00      0,00      0,00      0,00     98,99

21:47:25        IFACE   rxpck/s   txpck/s    rxkB/s    txkB/s   rxcmp/s   txcmp/s  rxmcst/s   %ifutil
21:47:27           lo      0,00      0,00      0,00      0,00      0,00      0,00      0,00      0,00
21:47:27         eno1      3,50      0,00      0,22      0,00      0,00      0,00      1,00      0,00
21:47:27         eno2      0,00      0,00      0,00      0,00      0,00      0,00      0,00      0,00
21:47:27      docker0      0,00      0,00      0,00      0,00      0,00      0,00      0,00      0,00
21:47:27      ens2np0 217875,50 217088,00  53617,80  53424,00      0,00      0,00      0,00      4,39
21:47:27      ens2np1      0,00      0,00      0,00      0,00      0,00      0,00      0,00      0,00

21:47:27        CPU      %usr     %nice      %sys   %iowait    %steal      %irq     %soft    %guest    %gnice     %idle
21:47:29        all      0,00      0,00      0,03      0,00      0,00      0,00     12,75      0,00      0,00     87,22
21:47:29          0      0,00      0,00      0,00      0,00      0,00      0,00    100,00      0,00      0,00      0,00
21:47:29          1      0,00      0,00      0,00      0,00      0,00      0,00    100,00      0,00      0,00      0,00
21:47:29          2      0,00      0,00      0,00      0,00      0,00      0,00      4,33      0,00      0,00     95,67
21:47:29          3      0,00      0,00      0,00      0,00      0,00      0,00      0,00      0,00      0,00    100,00
21:47:29          4      0,00      0,00      0,00      0,00      0,00      0,00      0,00      0,00      0,00    100,00
21:47:29          5      0,00      0,00      0,00      0,00      0,00      0,00      0,00      0,00      0,00    100,00
21:47:29          6      0,00      0,00      0,00      0,00      0,00      0,00      0,00      0,00      0,00    100,00
21:47:29          7      0,00      0,00      0,00      0,00      0,00      0,00      0,00      0,00      0,00    100,00
21:47:29          8      0,00      0,00      0,00      0,00      0,00      0,00      0,00      0,00      0,00    100,00
21:47:29          9      0,00      0,00      0,00      0,00      0,00      0,00      0,00      0,00      0,00    100,00
21:47:29         10      0,00      0,00      0,00      0,00      0,00      0,00      0,00      0,00      0,00    100,00
21:47:29         11      0,00      0,00      0,00      0,00      0,00      0,00      0,00      0,00      0,00    100,00
21:47:29         12      0,00      0,00      0,00      0,00      0,00      0,00      0,00      0,00      0,00    100,00
21:47:29         13      0,00      0,00      0,50      0,00      0,00      0,00      0,00      0,00      0,00     99,50
21:47:29         14      0,00      0,00      0,00      0,00      0,00      0,00      0,00      0,00      0,00    100,00
21:47:29         15      0,00      0,00      0,00      0,00      0,00      0,00      0,00      0,00      0,00    100,00

21:47:27        IFACE   rxpck/s   txpck/s    rxkB/s    txkB/s   rxcmp/s   txcmp/s  rxmcst/s   %ifutil
21:47:29           lo      0,00      0,00      0,00      0,00      0,00      0,00      0,00      0,00
21:47:29         eno1      7,00      0,00      0,44      0,00      0,00      0,00      1,00      0,00
21:47:29         eno2      0,00      0,00      0,00      0,00      0,00      0,00      0,00      0,00
21:47:29      docker0      0,00      0,00      0,00      0,00      0,00      0,00      0,00      0,00
21:47:29      ens2np0 218055,00 219136,00  53661,97  53928,00      0,00      0,00      0,00      4,42
21:47:29      ens2np1      0,00      0,00      0,00      0,00      0,00      0,00      0,00      0,00

21:47:29        CPU      %usr     %nice      %sys   %iowait    %steal      %irq     %soft    %guest    %gnice     %idle
21:47:31        all      0,12      0,00      0,03      0,00      0,00      0,00     12,59      0,00      0,00     87,25
21:47:31          0      0,00      0,00      0,00      0,00      0,00      0,00    100,00      0,00      0,00      0,00
21:47:31          1      0,00      0,00      0,00      0,00      0,00      0,00    100,00      0,00      0,00      0,00
21:47:31          2      0,00      0,00      0,00      0,00      0,00      0,00      1,49      0,00      0,00     98,51
21:47:31          3      0,00      0,00      0,00      0,00      0,00      0,00      0,00      0,00      0,00    100,00
21:47:31          4      0,50      0,00      0,00      0,00      0,00      0,00      0,00      0,00      0,00     99,50
21:47:31          5      0,00      0,00      0,00      0,00      0,00      0,00      0,00      0,00      0,00    100,00
21:47:31          6      0,00      0,00      0,00      0,00      0,00      0,00      0,00      0,00      0,00    100,00
21:47:31          7      0,00      0,00      0,00      0,00      0,00      0,00      0,00      0,00      0,00    100,00
21:47:31          8      0,50      0,00      0,00      0,00      0,00      0,00      0,00      0,00      0,00     99,50
21:47:31          9      0,50      0,00      0,00      0,00      0,00      0,00      0,00      0,00      0,00     99,50
21:47:31         10      0,00      0,00      0,00      0,00      0,00      0,00      0,00      0,00      0,00    100,00
21:47:31         11      0,00      0,00      0,00      0,00      0,00      0,00      0,00      0,00      0,00    100,00
21:47:31         12      0,00      0,00      0,00      0,00      0,00      0,00      0,00      0,00      0,00    100,00
21:47:31         13      0,50      0,00      0,00      0,00      0,00      0,00      0,00      0,00      0,00     99,50
21:47:31         14      0,00      0,00      0,00      0,00      0,00      0,00      0,00      0,00      0,00    100,00
21:47:31         15      0,00      0,00      0,50      0,00      0,00      0,00      0,00      0,00      0,00     99,50

21:47:29        IFACE   rxpck/s   txpck/s    rxkB/s    txkB/s   rxcmp/s   txcmp/s  rxmcst/s   %ifutil
21:47:31           lo      0,00      0,00      0,00      0,00      0,00      0,00      0,00      0,00
21:47:31         eno1      3,00      0,00      0,19      0,00      0,00      0,00      1,00      0,00
21:47:31         eno2      0,00      0,00      0,00      0,00      0,00      0,00      0,00      0,00
21:47:31      docker0      0,00      0,00      0,00      0,00      0,00      0,00      0,00      0,00
21:47:31      ens2np0 218046,50 217088,00  53659,88  53424,00      0,00      0,00      0,00      4,40
21:47:31      ens2np1      0,00      0,00      0,00      0,00      0,00      0,00      0,00      0,00

21:47:31        CPU      %usr     %nice      %sys   %iowait    %steal      %irq     %soft    %guest    %gnice     %idle
21:47:33        all      0,03      0,00      0,00      0,00      0,00      0,00     12,64      0,00      0,00     87,33
21:47:33          0      0,00      0,00      0,00      0,00      0,00      0,00    100,00      0,00      0,00      0,00
21:47:33          1      0,00      0,00      0,00      0,00      0,00      0,00    100,00      0,00      0,00      0,00
21:47:33          2      0,00      0,00      0,00      0,00      0,00      0,00      2,45      0,00      0,00     97,55
21:47:33          3      0,00      0,00      0,00      0,00      0,00      0,00      0,00      0,00      0,00    100,00
21:47:33          4      0,00      0,00      0,00      0,00      0,00      0,00      0,00      0,00      0,00    100,00
21:47:33          5      0,00      0,00      0,00      0,00      0,00      0,00      0,00      0,00      0,00    100,00
21:47:33          6      0,00      0,00      0,00      0,00      0,00      0,00      0,00      0,00      0,00    100,00
21:47:33          7      0,00      0,00      0,00      0,00      0,00      0,00      0,00      0,00      0,00    100,00
21:47:33          8      0,00      0,00      0,00      0,00      0,00      0,00      0,00      0,00      0,00    100,00
21:47:33          9      0,00      0,00      0,00      0,00      0,00      0,00      0,00      0,00      0,00    100,00
21:47:33         10      0,00      0,00      0,00      0,00      0,00      0,00      0,00      0,00      0,00    100,00
21:47:33         11      0,00      0,00      0,00      0,00      0,00      0,00      0,00      0,00      0,00    100,00
21:47:33         12      0,00      0,00      0,00      0,00      0,00      0,00      0,00      0,00      0,00    100,00
21:47:33         13      0,00      0,00      0,00      0,00      0,00      0,00      0,00      0,00      0,00    100,00
21:47:33         14      0,50      0,00      0,00      0,00      0,00      0,00      0,00      0,00      0,00     99,50
21:47:33         15      0,00      0,00      0,00      0,00      0,00      0,00      0,00      0,00      0,00    100,00

21:47:31        IFACE   rxpck/s   txpck/s    rxkB/s    txkB/s   rxcmp/s   txcmp/s  rxmcst/s   %ifutil
21:47:33           lo      0,00      0,00      0,00      0,00      0,00      0,00      0,00      0,00
21:47:33         eno1      9,00      0,00      0,57      0,00      0,00      0,00      1,50      0,00
21:47:33         eno2      0,00      0,00      0,00      0,00      0,00      0,00      0,00      0,00
21:47:33      docker0      0,00      0,00      0,00      0,00      0,00      0,00      0,00      0,00
21:47:33      ens2np0 217988,00 219136,00  53645,48  53928,00      0,00      0,00      0,00      4,42
21:47:33      ens2np1      0,00      0,00      0,00      0,00      0,00      0,00      0,00      0,00

21:47:33        CPU      %usr     %nice      %sys   %iowait    %steal      %irq     %soft    %guest    %gnice     %idle
21:47:35        all      0,00      0,00      0,00      0,00      0,00      0,00     12,66      0,00      0,00     87,34
21:47:35          0      0,00      0,00      0,00      0,00      0,00      0,00    100,00      0,00      0,00      0,00
21:47:35          1      0,00      0,00      0,00      0,00      0,00      0,00    100,00      0,00      0,00      0,00
21:47:35          2      0,00      0,00      0,00      0,00      0,00      0,00      2,91      0,00      0,00     97,09
21:47:35          3      0,00      0,00      0,00      0,00      0,00      0,00      0,00      0,00      0,00    100,00
21:47:35          4      0,00      0,00      0,00      0,00      0,00      0,00      0,00      0,00      0,00    100,00
21:47:35          5      0,00      0,00      0,00      0,00      0,00      0,00      0,00      0,00      0,00    100,00
21:47:35          6      0,00      0,00      0,00      0,00      0,00      0,00      0,00      0,00      0,00    100,00
21:47:35          7      0,00      0,00      0,00      0,00      0,00      0,00      0,00      0,00      0,00    100,00
21:47:35          8      0,00      0,00      0,00      0,00      0,00      0,00      0,00      0,00      0,00    100,00
21:47:35          9      0,00      0,00      0,00      0,00      0,00      0,00      0,00      0,00      0,00    100,00
21:47:35         10      0,00      0,00      0,00      0,00      0,00      0,00      0,00      0,00      0,00    100,00
21:47:35         11      0,00      0,00      0,00      0,00      0,00      0,00      0,00      0,00      0,00    100,00
21:47:35         12      0,00      0,00      0,00      0,00      0,00      0,00      0,00      0,00      0,00    100,00
21:47:35         13      0,00      0,00      0,00      0,00      0,00      0,00      0,00      0,00      0,00    100,00
21:47:35         14      0,00      0,00      0,00      0,00      0,00      0,00      0,00      0,00      0,00    100,00
21:47:35         15      0,00      0,00      0,00      0,00      0,00      0,00      0,00      0,00      0,00    100,00

21:47:33        IFACE   rxpck/s   txpck/s    rxkB/s    txkB/s   rxcmp/s   txcmp/s  rxmcst/s   %ifutil
21:47:35           lo      0,00      0,00      0,00      0,00      0,00      0,00      0,00      0,00
21:47:35         eno1      2,50      0,00      0,16      0,00      0,00      0,00      1,00      0,00
21:47:35         eno2      0,00      0,00      0,00      0,00      0,00      0,00      0,00      0,00
21:47:35      docker0      0,00      0,00      0,00      0,00      0,00      0,00      0,00      0,00
21:47:35      ens2np0 217954,50 217088,00  53637,24  53424,00      0,00      0,00      0,00      4,39
21:47:35      ens2np1      0,00      0,00      0,00      0,00      0,00      0,00      0,00      0,00

Average:        CPU      %usr     %nice      %sys   %iowait    %steal      %irq     %soft    %guest    %gnice     %idle
Average:        all      0,13      0,00      0,06      0,00      0,00      0,00     10,00      0,00      0,00     89,81
Average:          0      0,04      0,00      0,00      0,00      0,00      0,00     78,28      0,00      0,00     21,68
Average:          1      0,02      0,00      0,00      0,00      0,00      0,00     78,30      0,00      0,00     21,68
Average:          2      0,21      0,00      0,10      0,00      0,00      0,00      3,51      0,00      0,00     96,19
Average:          3      0,12      0,00      0,04      0,00      0,00      0,00      0,12      0,00      0,00     99,72
Average:          4      0,12      0,00      0,04      0,00      0,00      0,00      0,00      0,00      0,00     99,84
Average:          5      0,18      0,00      0,14      0,00      0,00      0,00      0,00      0,00      0,00     99,68
Average:          6      0,20      0,00      0,08      0,00      0,00      0,00      0,00      0,00      0,00     99,72
Average:          7      0,16      0,00      0,06      0,00      0,00      0,00      0,00      0,00      0,00     99,78
Average:          8      0,08      0,00      0,00      0,02      0,00      0,00      0,00      0,00      0,00     99,90
Average:          9      0,06      0,00      0,04      0,00      0,00      0,00      0,00      0,00      0,00     99,90
Average:         10      0,12      0,00      0,04      0,00      0,00      0,00      0,00      0,00      0,00     99,84
Average:         11      0,14      0,00      0,08      0,00      0,00      0,00      0,00      0,00      0,00     99,78
Average:         12      0,10      0,00      0,00      0,00      0,00      0,00      0,00      0,00      0,00     99,90
Average:         13      0,12      0,00      0,10      0,00      0,00      0,00      0,00      0,00      0,00     99,78
Average:         14      0,28      0,00      0,22      0,00      0,00      0,00      0,00      0,00      0,00     99,50
Average:         15      0,10      0,00      0,06      0,00      0,00      0,00      0,00      0,00      0,00     99,84

Average:        IFACE   rxpck/s   txpck/s    rxkB/s    txkB/s   rxcmp/s   txcmp/s  rxmcst/s   %ifutil
Average:           lo      0,20      0,20      0,02      0,02      0,00      0,00      0,00      0,00
Average:         eno1      5,80      1,38      0,48      0,20      0,00      0,00      1,10      0,00
Average:         eno2      0,00      0,00      0,00      0,00      0,00      0,00      0,00      0,00
Average:      docker0      0,00      0,00      0,00      0,00      0,00      0,00      0,00      0,00
Average:      ens2np0 170535,38 170393,60  41967,69  41932,80      0,00      0,00      0,00      3,44
Average:      ens2np1      0,00      0,00      0,00      0,00      0,00      0,00      0,00      0,00
