Linux 5.13.0-52-generic (w1) 	15/07/2022 	_x86_64_	(16 CPU)

22:23:46        CPU      %usr     %nice      %sys   %iowait    %steal      %irq     %soft    %guest    %gnice     %idle
22:23:48        all      0,06      0,00      0,00      0,00      0,00      0,00      0,00      0,00      0,00     99,94
22:23:48          0      0,50      0,00      0,00      0,00      0,00      0,00      0,00      0,00      0,00     99,50
22:23:48          1      0,00      0,00      0,00      0,00      0,00      0,00      0,00      0,00      0,00    100,00
22:23:48          2      0,00      0,00      0,00      0,00      0,00      0,00      0,00      0,00      0,00    100,00
22:23:48          3      0,00      0,00      0,00      0,00      0,00      0,00      0,00      0,00      0,00    100,00
22:23:48          4      0,00      0,00      0,00      0,00      0,00      0,00      0,00      0,00      0,00    100,00
22:23:48          5      0,00      0,00      0,00      0,00      0,00      0,00      0,00      0,00      0,00    100,00
22:23:48          6      0,00      0,00      0,00      0,00      0,00      0,00      0,00      0,00      0,00    100,00
22:23:48          7      0,00      0,00      0,00      0,00      0,00      0,00      0,00      0,00      0,00    100,00
22:23:48          8      0,00      0,00      0,00      0,00      0,00      0,00      0,00      0,00      0,00    100,00
22:23:48          9      0,00      0,00      0,00      0,00      0,00      0,00      0,00      0,00      0,00    100,00
22:23:48         10      0,00      0,00      0,00      0,00      0,00      0,00      0,00      0,00      0,00    100,00
22:23:48         11      0,00      0,00      0,00      0,00      0,00      0,00      0,00      0,00      0,00    100,00
22:23:48         12      0,00      0,00      0,00      0,00      0,00      0,00      0,00      0,00      0,00    100,00
22:23:48         13      0,00      0,00      0,00      0,00      0,00      0,00      0,00      0,00      0,00    100,00
22:23:48         14      0,50      0,00      0,00      0,00      0,00      0,00      0,00      0,00      0,00     99,50
22:23:48         15      0,00      0,00      0,00      0,00      0,00      0,00      0,00      0,00      0,00    100,00

22:23:46        IFACE   rxpck/s   txpck/s    rxkB/s    txkB/s   rxcmp/s   txcmp/s  rxmcst/s   %ifutil
22:23:48           lo      0,00      0,00      0,00      0,00      0,00      0,00      0,00      0,00
22:23:48         eno1     17,50     17,50      3,61      3,28      0,00      0,00      1,00      0,00
22:23:48         eno2      0,00      0,00      0,00      0,00      0,00      0,00      0,00      0,00
22:23:48      docker0      0,00      0,00      0,00      0,00      0,00      0,00      0,00      0,00
22:23:48      ens2np0      0,00      0,00      0,00      0,00      0,00      0,00      0,00      0,00
22:23:48      ens2np1      0,00      0,00      0,00      0,00      0,00      0,00      0,00      0,00

22:23:48        CPU      %usr     %nice      %sys   %iowait    %steal      %irq     %soft    %guest    %gnice     %idle
22:23:50        all      0,13      0,00      0,28      0,00      0,00      0,00      0,00      0,00      0,00     99,59
22:23:50          0      0,00      0,00      0,50      0,00      0,00      0,00      0,00      0,00      0,00     99,50
22:23:50          1      0,00      0,00      0,00      0,00      0,00      0,00      0,00      0,00      0,00    100,00
22:23:50          2      0,00      0,00      0,00      0,00      0,00      0,00      0,00      0,00      0,00    100,00
22:23:50          3      0,00      0,00      0,50      0,00      0,00      0,00      0,00      0,00      0,00     99,50
22:23:50          4      0,50      0,00      0,00      0,00      0,00      0,00      0,00      0,00      0,00     99,50
22:23:50          5      0,50      0,00      0,00      0,00      0,00      0,00      0,00      0,00      0,00     99,50
22:23:50          6      0,00      0,00      0,50      0,00      0,00      0,00      0,00      0,00      0,00     99,50
22:23:50          7      0,00      0,00      0,50      0,00      0,00      0,00      0,00      0,00      0,00     99,50
22:23:50          8      0,00      0,00      0,00      0,00      0,00      0,00      0,00      0,00      0,00    100,00
22:23:50          9      0,00      0,00      0,00      0,00      0,00      0,00      0,00      0,00      0,00    100,00
22:23:50         10      0,00      0,00      0,50      0,00      0,00      0,00      0,00      0,00      0,00     99,50
22:23:50         11      1,01      0,00      1,01      0,00      0,00      0,00      0,00      0,00      0,00     97,99
22:23:50         12      0,00      0,00      0,00      0,00      0,00      0,00      0,00      0,00      0,00    100,00
22:23:50         13      0,00      0,00      0,00      0,00      0,00      0,00      0,00      0,00      0,00    100,00
22:23:50         14      0,00      0,00      0,50      0,00      0,00      0,00      0,00      0,00      0,00     99,50
22:23:50         15      0,00      0,00      0,50      0,00      0,00      0,00      0,00      0,00      0,00     99,50

22:23:48        IFACE   rxpck/s   txpck/s    rxkB/s    txkB/s   rxcmp/s   txcmp/s  rxmcst/s   %ifutil
22:23:50           lo      0,00      0,00      0,00      0,00      0,00      0,00      0,00      0,00
22:23:50         eno1      6,50      0,00      0,41      0,00      0,00      0,00      1,00      0,00
22:23:50         eno2      0,00      0,00      0,00      0,00      0,00      0,00      0,00      0,00
22:23:50      docker0      0,00      0,00      0,00      0,00      0,00      0,00      0,00      0,00
22:23:50      ens2np0      0,00      0,00      0,00      0,00      0,00      0,00      0,00      0,00
22:23:50      ens2np1      0,00      0,00      0,00      0,00      0,00      0,00      0,00      0,00

22:23:50        CPU      %usr     %nice      %sys   %iowait    %steal      %irq     %soft    %guest    %gnice     %idle
22:23:52        all      0,00      0,00      0,00      0,03      0,00      0,00      8,10      0,00      0,00     91,87
22:23:52          0      0,00      0,00      0,00      0,00      0,00      0,00     61,62      0,00      0,00     38,38
22:23:52          1      0,00      0,00      0,00      0,00      0,00      0,00     61,62      0,00      0,00     38,38
22:23:52          2      0,00      0,00      0,00      0,00      0,00      0,00      7,41      0,00      0,00     92,59
22:23:52          3      0,00      0,00      0,00      0,00      0,00      0,00      0,00      0,00      0,00    100,00
22:23:52          4      0,00      0,00      0,00      0,00      0,00      0,00      0,00      0,00      0,00    100,00
22:23:52          5      0,00      0,00      0,00      0,00      0,00      0,00      0,00      0,00      0,00    100,00
22:23:52          6      0,00      0,00      0,00      0,00      0,00      0,00      0,00      0,00      0,00    100,00
22:23:52          7      0,00      0,00      0,00      0,00      0,00      0,00      0,00      0,00      0,00    100,00
22:23:52          8      0,00      0,00      0,00      0,00      0,00      0,00      0,00      0,00      0,00    100,00
22:23:52          9      0,00      0,00      0,00      0,00      0,00      0,00      0,00      0,00      0,00    100,00
22:23:52         10      0,00      0,00      0,00      0,00      0,00      0,00      0,00      0,00      0,00    100,00
22:23:52         11      0,00      0,00      0,00      0,00      0,00      0,00      0,00      0,00      0,00    100,00
22:23:52         12      0,00      0,00      0,00      0,00      0,00      0,00      0,00      0,00      0,00    100,00
22:23:52         13      0,00      0,00      0,00      0,00      0,00      0,00      0,00      0,00      0,00    100,00
22:23:52         14      0,00      0,00      0,00      0,50      0,00      0,00      0,00      0,00      0,00     99,50
22:23:52         15      0,00      0,00      0,00      0,00      0,00      0,00      0,00      0,00      0,00    100,00

22:23:50        IFACE   rxpck/s   txpck/s    rxkB/s    txkB/s   rxcmp/s   txcmp/s  rxmcst/s   %ifutil
22:23:52           lo      0,00      0,00      0,00      0,00      0,00      0,00      0,00      0,00
22:23:52         eno1      5,00      0,00      0,31      0,00      0,00      0,00      1,00      0,00
22:23:52         eno2      0,00      0,00      0,00      0,00      0,00      0,00      0,00      0,00
22:23:52      docker0      0,00      0,00      0,00      0,00      0,00      0,00      0,00      0,00
22:23:52      ens2np0  33525,50  30720,00  33394,54  30600,00      0,00      0,00      0,00      2,74
22:23:52      ens2np1      0,00      0,00      0,00      0,00      0,00      0,00      0,00      0,00

22:23:52        CPU      %usr     %nice      %sys   %iowait    %steal      %irq     %soft    %guest    %gnice     %idle
22:23:54        all      0,00      0,00      0,03      0,00      0,00      0,00     13,29      0,00      0,00     86,67
22:23:54          0      0,00      0,00      0,00      0,00      0,00      0,00    100,00      0,00      0,00      0,00
22:23:54          1      0,00      0,00      0,00      0,00      0,00      0,00    100,00      0,00      0,00      0,00
22:23:54          2      0,00      0,00      0,00      0,00      0,00      0,00     12,72      0,00      0,00     87,28
22:23:54          3      0,00      0,00      0,00      0,00      0,00      0,00      0,00      0,00      0,00    100,00
22:23:54          4      0,00      0,00      0,00      0,00      0,00      0,00      0,00      0,00      0,00    100,00
22:23:54          5      0,00      0,00      0,00      0,00      0,00      0,00      0,00      0,00      0,00    100,00
22:23:54          6      0,00      0,00      0,00      0,00      0,00      0,00      0,00      0,00      0,00    100,00
22:23:54          7      0,00      0,00      0,00      0,00      0,00      0,00      0,00      0,00      0,00    100,00
22:23:54          8      0,00      0,00      0,00      0,00      0,00      0,00      0,00      0,00      0,00    100,00
22:23:54          9      0,00      0,00      0,00      0,00      0,00      0,00      0,00      0,00      0,00    100,00
22:23:54         10      0,00      0,00      0,00      0,00      0,00      0,00      0,00      0,00      0,00    100,00
22:23:54         11      0,00      0,00      0,00      0,00      0,00      0,00      0,00      0,00      0,00    100,00
22:23:54         12      0,00      0,00      0,00      0,00      0,00      0,00      0,00      0,00      0,00    100,00
22:23:54         13      0,00      0,00      0,00      0,00      0,00      0,00      0,00      0,00      0,00    100,00
22:23:54         14      0,00      0,00      0,00      0,00      0,00      0,00      0,00      0,00      0,00    100,00
22:23:54         15      0,00      0,00      0,50      0,00      0,00      0,00      0,00      0,00      0,00     99,50

22:23:52        IFACE   rxpck/s   txpck/s    rxkB/s    txkB/s   rxcmp/s   txcmp/s  rxmcst/s   %ifutil
22:23:54           lo      0,00      0,00      0,00      0,00      0,00      0,00      0,00      0,00
22:23:54         eno1      5,00      0,00      0,31      0,00      0,00      0,00      1,50      0,00
22:23:54         eno2      0,00      0,00      0,00      0,00      0,00      0,00      0,00      0,00
22:23:54      docker0      0,00      0,00      0,00      0,00      0,00      0,00      0,00      0,00
22:23:54      ens2np0  55262,50  55296,00  55046,63  55080,00      0,00      0,00      0,00      4,51
22:23:54      ens2np1      0,00      0,00      0,00      0,00      0,00      0,00      0,00      0,00

22:23:54        CPU      %usr     %nice      %sys   %iowait    %steal      %irq     %soft    %guest    %gnice     %idle
22:23:56        all      0,00      0,00      0,00      0,00      0,00      0,00     13,29      0,00      0,00     86,71
22:23:56          0      0,00      0,00      0,00      0,00      0,00      0,00    100,00      0,00      0,00      0,00
22:23:56          1      0,00      0,00      0,00      0,00      0,00      0,00    100,00      0,00      0,00      0,00
22:23:56          2      0,00      0,00      0,00      0,00      0,00      0,00     12,66      0,00      0,00     87,34
22:23:56          3      0,00      0,00      0,00      0,00      0,00      0,00      0,00      0,00      0,00    100,00
22:23:56          4      0,00      0,00      0,00      0,00      0,00      0,00      0,00      0,00      0,00    100,00
22:23:56          5      0,00      0,00      0,00      0,00      0,00      0,00      0,00      0,00      0,00    100,00
22:23:56          6      0,00      0,00      0,00      0,00      0,00      0,00      0,00      0,00      0,00    100,00
22:23:56          7      0,00      0,00      0,00      0,00      0,00      0,00      0,00      0,00      0,00    100,00
22:23:56          8      0,00      0,00      0,00      0,00      0,00      0,00      0,00      0,00      0,00    100,00
22:23:56          9      0,00      0,00      0,00      0,00      0,00      0,00      0,00      0,00      0,00    100,00
22:23:56         10      0,00      0,00      0,00      0,00      0,00      0,00      0,00      0,00      0,00    100,00
22:23:56         11      0,00      0,00      0,00      0,00      0,00      0,00      0,00      0,00      0,00    100,00
22:23:56         12      0,00      0,00      0,00      0,00      0,00      0,00      0,00      0,00      0,00    100,00
22:23:56         13      0,00      0,00      0,00      0,00      0,00      0,00      0,00      0,00      0,00    100,00
22:23:56         14      0,00      0,00      0,00      0,00      0,00      0,00      0,00      0,00      0,00    100,00
22:23:56         15      0,00      0,00      0,00      0,00      0,00      0,00      0,00      0,00      0,00    100,00

22:23:54        IFACE   rxpck/s   txpck/s    rxkB/s    txkB/s   rxcmp/s   txcmp/s  rxmcst/s   %ifutil
22:23:56           lo      0,00      0,00      0,00      0,00      0,00      0,00      0,00      0,00
22:23:56         eno1      3,00      0,00      0,19      0,00      0,00      0,00      1,00      0,00
22:23:56         eno2      0,00      0,00      0,00      0,00      0,00      0,00      0,00      0,00
22:23:56      docker0      0,00      0,00      0,00      0,00      0,00      0,00      0,00      0,00
22:23:56      ens2np0  55273,00  55296,00  55057,09  55080,00      0,00      0,00      0,00      4,51
22:23:56      ens2np1      0,00      0,00      0,00      0,00      0,00      0,00      0,00      0,00

22:23:56        CPU      %usr     %nice      %sys   %iowait    %steal      %irq     %soft    %guest    %gnice     %idle
22:23:58        all      0,03      0,00      0,00      0,00      0,00      0,00     13,31      0,00      0,00     86,66
22:23:58          0      0,00      0,00      0,00      0,00      0,00      0,00    100,00      0,00      0,00      0,00
22:23:58          1      0,00      0,00      0,00      0,00      0,00      0,00    100,00      0,00      0,00      0,00
22:23:58          2      0,00      0,00      0,00      0,00      0,00      0,00     13,10      0,00      0,00     86,90
22:23:58          3      0,00      0,00      0,00      0,00      0,00      0,00      0,00      0,00      0,00    100,00
22:23:58          4      0,00      0,00      0,00      0,00      0,00      0,00      0,00      0,00      0,00    100,00
22:23:58          5      0,00      0,00      0,00      0,00      0,00      0,00      0,00      0,00      0,00    100,00
22:23:58          6      0,50      0,00      0,00      0,00      0,00      0,00      0,00      0,00      0,00     99,50
22:23:58          7      0,00      0,00      0,00      0,00      0,00      0,00      0,00      0,00      0,00    100,00
22:23:58          8      0,00      0,00      0,00      0,00      0,00      0,00      0,00      0,00      0,00    100,00
22:23:58          9      0,00      0,00      0,00      0,00      0,00      0,00      0,00      0,00      0,00    100,00
22:23:58         10      0,00      0,00      0,00      0,00      0,00      0,00      0,00      0,00      0,00    100,00
22:23:58         11      0,00      0,00      0,00      0,00      0,00      0,00      0,00      0,00      0,00    100,00
22:23:58         12      0,00      0,00      0,00      0,00      0,00      0,00      0,00      0,00      0,00    100,00
22:23:58         13      0,00      0,00      0,00      0,00      0,00      0,00      0,00      0,00      0,00    100,00
22:23:58         14      0,00      0,00      0,00      0,00      0,00      0,00      0,00      0,00      0,00    100,00
22:23:58         15      0,00      0,00      0,00      0,00      0,00      0,00      0,00      0,00      0,00    100,00

22:23:56        IFACE   rxpck/s   txpck/s    rxkB/s    txkB/s   rxcmp/s   txcmp/s  rxmcst/s   %ifutil
22:23:58           lo      0,00      0,00      0,00      0,00      0,00      0,00      0,00      0,00
22:23:58         eno1      4,50      0,00      0,28      0,00      0,00      0,00      1,00      0,00
22:23:58         eno2      0,00      0,00      0,00      0,00      0,00      0,00      0,00      0,00
22:23:58      docker0      0,00      0,00      0,00      0,00      0,00      0,00      0,00      0,00
22:23:58      ens2np0  55290,00  55296,00  55074,02  55080,00      0,00      0,00      0,00      4,51
22:23:58      ens2np1      0,00      0,00      0,00      0,00      0,00      0,00      0,00      0,00

22:23:58        CPU      %usr     %nice      %sys   %iowait    %steal      %irq     %soft    %guest    %gnice     %idle
22:24:00        all      0,50      0,00      0,12      0,00      0,00      0,00     12,90      0,00      0,00     86,48
22:24:00          0      0,00      0,00      0,00      0,00      0,00      0,00    100,00      0,00      0,00      0,00
22:24:00          1      0,00      0,00      0,00      0,00      0,00      0,00    100,00      0,00      0,00      0,00
22:24:00          2      0,00      0,00      0,47      0,00      0,00      0,00      7,01      0,00      0,00     92,52
22:24:00          3      0,50      0,00      1,00      0,00      0,00      0,00      0,00      0,00      0,00     98,50
22:24:00          4      1,00      0,00      0,50      0,00      0,00      0,00      0,00      0,00      0,00     98,51
22:24:00          5      1,01      0,00      0,00      0,00      0,00      0,00      0,00      0,00      0,00     98,99
22:24:00          6      1,00      0,00      0,00      0,00      0,00      0,00      0,00      0,00      0,00     99,00
22:24:00          7      0,50      0,00      0,00      0,00      0,00      0,00      0,00      0,00      0,00     99,50
22:24:00          8      0,50      0,00      0,00      0,00      0,00      0,00      0,00      0,00      0,00     99,50
22:24:00          9      0,50      0,00      0,00      0,00      0,00      0,00      0,00      0,00      0,00     99,50
22:24:00         10      0,50      0,00      0,00      0,00      0,00      0,00      0,00      0,00      0,00     99,50
22:24:00         11      0,50      0,00      0,00      0,00      0,00      0,00      0,00      0,00      0,00     99,50
22:24:00         12      0,50      0,00      0,00      0,00      0,00      0,00      0,00      0,00      0,00     99,50
22:24:00         13      0,50      0,00      0,00      0,00      0,00      0,00      0,00      0,00      0,00     99,50
22:24:00         14      0,50      0,00      0,00      0,00      0,00      0,00      0,00      0,00      0,00     99,50
22:24:00         15      0,50      0,00      0,00      0,00      0,00      0,00      0,00      0,00      0,00     99,50

22:23:58        IFACE   rxpck/s   txpck/s    rxkB/s    txkB/s   rxcmp/s   txcmp/s  rxmcst/s   %ifutil
22:24:00           lo      0,00      0,00      0,00      0,00      0,00      0,00      0,00      0,00
22:24:00         eno1      6,00      0,00      0,38      0,00      0,00      0,00      1,00      0,00
22:24:00         eno2      0,00      0,00      0,00      0,00      0,00      0,00      0,00      0,00
22:24:00      docker0      0,00      0,00      0,00      0,00      0,00      0,00      0,00      0,00
22:24:00      ens2np0  55198,50  55296,00  54982,88  55080,00      0,00      0,00      0,00      4,51
22:24:00      ens2np1      0,00      0,00      0,00      0,00      0,00      0,00      0,00      0,00

22:24:00        CPU      %usr     %nice      %sys   %iowait    %steal      %irq     %soft    %guest    %gnice     %idle
22:24:02        all      0,00      0,00      0,00      0,00      0,00      0,00     12,97      0,00      0,00     87,03
22:24:02          0      0,00      0,00      0,00      0,00      0,00      0,00    100,00      0,00      0,00      0,00
22:24:02          1      0,00      0,00      0,00      0,00      0,00      0,00    100,00      0,00      0,00      0,00
22:24:02          2      0,00      0,00      0,00      0,00      0,00      0,00      7,87      0,00      0,00     92,13
22:24:02          3      0,00      0,00      0,00      0,00      0,00      0,00      0,00      0,00      0,00    100,00
22:24:02          4      0,00      0,00      0,00      0,00      0,00      0,00      0,00      0,00      0,00    100,00
22:24:02          5      0,00      0,00      0,00      0,00      0,00      0,00      0,00      0,00      0,00    100,00
22:24:02          6      0,00      0,00      0,00      0,00      0,00      0,00      0,00      0,00      0,00    100,00
22:24:02          7      0,00      0,00      0,00      0,00      0,00      0,00      0,00      0,00      0,00    100,00
22:24:02          8      0,00      0,00      0,00      0,00      0,00      0,00      0,00      0,00      0,00    100,00
22:24:02          9      0,00      0,00      0,00      0,00      0,00      0,00      0,00      0,00      0,00    100,00
22:24:02         10      0,00      0,00      0,00      0,00      0,00      0,00      0,00      0,00      0,00    100,00
22:24:02         11      0,00      0,00      0,00      0,00      0,00      0,00      0,00      0,00      0,00    100,00
22:24:02         12      0,00      0,00      0,00      0,00      0,00      0,00      0,00      0,00      0,00    100,00
22:24:02         13      0,00      0,00      0,00      0,00      0,00      0,00      0,00      0,00      0,00    100,00
22:24:02         14      0,00      0,00      0,00      0,00      0,00      0,00      0,00      0,00      0,00    100,00
22:24:02         15      0,00      0,00      0,00      0,00      0,00      0,00      0,00      0,00      0,00    100,00

22:24:00        IFACE   rxpck/s   txpck/s    rxkB/s    txkB/s   rxcmp/s   txcmp/s  rxmcst/s   %ifutil
22:24:02           lo      0,00      0,00      0,00      0,00      0,00      0,00      0,00      0,00
22:24:02         eno1      6,00      0,00      0,38      0,00      0,00      0,00      1,00      0,00
22:24:02         eno2      0,00      0,00      0,00      0,00      0,00      0,00      0,00      0,00
22:24:02      docker0      0,00      0,00      0,00      0,00      0,00      0,00      0,00      0,00
22:24:02      ens2np0  55262,50  55296,00  55046,63  55080,00      0,00      0,00      0,00      4,51
22:24:02      ens2np1      0,00      0,00      0,00      0,00      0,00      0,00      0,00      0,00

22:24:02        CPU      %usr     %nice      %sys   %iowait    %steal      %irq     %soft    %guest    %gnice     %idle
22:24:04        all      0,00      0,00      0,03      0,00      0,00      0,00     13,02      0,00      0,00     86,94
22:24:04          0      0,00      0,00      0,00      0,00      0,00      0,00    100,00      0,00      0,00      0,00
22:24:04          1      0,00      0,00      0,00      0,00      0,00      0,00    100,00      0,00      0,00      0,00
22:24:04          2      0,00      0,00      0,00      0,00      0,00      0,00      8,72      0,00      0,00     91,28
22:24:04          3      0,00      0,00      0,00      0,00      0,00      0,00      0,00      0,00      0,00    100,00
22:24:04          4      0,00      0,00      0,00      0,00      0,00      0,00      0,00      0,00      0,00    100,00
22:24:04          5      0,00      0,00      0,00      0,00      0,00      0,00      0,00      0,00      0,00    100,00
22:24:04          6      0,00      0,00      0,00      0,00      0,00      0,00      0,00      0,00      0,00    100,00
22:24:04          7      0,00      0,00      0,00      0,00      0,00      0,00      0,00      0,00      0,00    100,00
22:24:04          8      0,00      0,00      0,00      0,00      0,00      0,00      0,00      0,00      0,00    100,00
22:24:04          9      0,00      0,00      0,00      0,00      0,00      0,00      0,00      0,00      0,00    100,00
22:24:04         10      0,00      0,00      0,00      0,00      0,00      0,00      0,00      0,00      0,00    100,00
22:24:04         11      0,00      0,00      0,00      0,00      0,00      0,00      0,00      0,00      0,00    100,00
22:24:04         12      0,00      0,00      0,00      0,00      0,00      0,00      0,00      0,00      0,00    100,00
22:24:04         13      0,00      0,00      0,00      0,00      0,00      0,00      0,00      0,00      0,00    100,00
22:24:04         14      0,00      0,00      0,00      0,00      0,00      0,00      0,00      0,00      0,00    100,00
22:24:04         15      0,00      0,00      0,50      0,00      0,00      0,00      0,00      0,00      0,00     99,50

22:24:02        IFACE   rxpck/s   txpck/s    rxkB/s    txkB/s   rxcmp/s   txcmp/s  rxmcst/s   %ifutil
22:24:04           lo      0,00      0,00      0,00      0,00      0,00      0,00      0,00      0,00
22:24:04         eno1      3,50      0,00      0,22      0,00      0,00      0,00      1,00      0,00
22:24:04         eno2      0,00      0,00      0,00      0,00      0,00      0,00      0,00      0,00
22:24:04      docker0      0,00      0,00      0,00      0,00      0,00      0,00      0,00      0,00
22:24:04      ens2np0  55263,50  55296,00  55047,63  55080,00      0,00      0,00      0,00      4,51
22:24:04      ens2np1      0,00      0,00      0,00      0,00      0,00      0,00      0,00      0,00

22:24:04        CPU      %usr     %nice      %sys   %iowait    %steal      %irq     %soft    %guest    %gnice     %idle
22:24:06        all      0,03      0,00      0,00      0,00      0,00      0,00     12,69      0,00      0,00     87,28
22:24:06          0      0,00      0,00      0,00      0,00      0,00      0,00    100,00      0,00      0,00      0,00
22:24:06          1      0,00      0,00      0,00      0,00      0,00      0,00    100,00      0,00      0,00      0,00
22:24:06          2      0,00      0,00      0,00      0,00      0,00      0,00      3,38      0,00      0,00     96,62
22:24:06          3      0,00      0,00      0,00      0,00      0,00      0,00      0,00      0,00      0,00    100,00
22:24:06          4      0,00      0,00      0,00      0,00      0,00      0,00      0,00      0,00      0,00    100,00
22:24:06          5      0,50      0,00      0,00      0,00      0,00      0,00      0,00      0,00      0,00     99,50
22:24:06          6      0,00      0,00      0,00      0,00      0,00      0,00      0,00      0,00      0,00    100,00
22:24:06          7      0,00      0,00      0,00      0,00      0,00      0,00      0,00      0,00      0,00    100,00
22:24:06          8      0,00      0,00      0,00      0,00      0,00      0,00      0,00      0,00      0,00    100,00
22:24:06          9      0,00      0,00      0,00      0,00      0,00      0,00      0,00      0,00      0,00    100,00
22:24:06         10      0,00      0,00      0,00      0,00      0,00      0,00      0,00      0,00      0,00    100,00
22:24:06         11      0,00      0,00      0,00      0,00      0,00      0,00      0,00      0,00      0,00    100,00
22:24:06         12      0,00      0,00      0,00      0,00      0,00      0,00      0,00      0,00      0,00    100,00
22:24:06         13      0,00      0,00      0,00      0,00      0,00      0,00      0,00      0,00      0,00    100,00
22:24:06         14      0,00      0,00      0,00      0,00      0,00      0,00      0,00      0,00      0,00    100,00
22:24:06         15      0,00      0,00      0,00      0,00      0,00      0,00      0,00      0,00      0,00    100,00

22:24:04        IFACE   rxpck/s   txpck/s    rxkB/s    txkB/s   rxcmp/s   txcmp/s  rxmcst/s   %ifutil
22:24:06           lo      0,00      0,00      0,00      0,00      0,00      0,00      0,00      0,00
22:24:06         eno1      5,50      0,00      0,35      0,00      0,00      0,00      1,00      0,00
22:24:06         eno2      0,00      0,00      0,00      0,00      0,00      0,00      0,00      0,00
22:24:06      docker0      0,00      0,00      0,00      0,00      0,00      0,00      0,00      0,00
22:24:06      ens2np0  55263,00  55296,00  55047,13  55080,00      0,00      0,00      0,00      4,51
22:24:06      ens2np1      0,00      0,00      0,00      0,00      0,00      0,00      0,00      0,00

22:24:06        CPU      %usr     %nice      %sys   %iowait    %steal      %irq     %soft    %guest    %gnice     %idle
22:24:08        all      0,03      0,00      0,00      0,00      0,00      0,00     12,75      0,00      0,00     87,22
22:24:08          0      0,00      0,00      0,00      0,00      0,00      0,00    100,00      0,00      0,00      0,00
22:24:08          1      0,00      0,00      0,00      0,00      0,00      0,00    100,00      0,00      0,00      0,00
22:24:08          2      0,00      0,00      0,00      0,00      0,00      0,00      4,33      0,00      0,00     95,67
22:24:08          3      0,00      0,00      0,00      0,00      0,00      0,00      0,00      0,00      0,00    100,00
22:24:08          4      0,00      0,00      0,00      0,00      0,00      0,00      0,00      0,00      0,00    100,00
22:24:08          5      0,00      0,00      0,00      0,00      0,00      0,00      0,00      0,00      0,00    100,00
22:24:08          6      0,00      0,00      0,00      0,00      0,00      0,00      0,00      0,00      0,00    100,00
22:24:08          7      0,00      0,00      0,00      0,00      0,00      0,00      0,00      0,00      0,00    100,00
22:24:08          8      0,00      0,00      0,00      0,00      0,00      0,00      0,00      0,00      0,00    100,00
22:24:08          9      0,00      0,00      0,00      0,00      0,00      0,00      0,00      0,00      0,00    100,00
22:24:08         10      0,00      0,00      0,00      0,00      0,00      0,00      0,00      0,00      0,00    100,00
22:24:08         11      0,00      0,00      0,00      0,00      0,00      0,00      0,00      0,00      0,00    100,00
22:24:08         12      0,00      0,00      0,00      0,00      0,00      0,00      0,00      0,00      0,00    100,00
22:24:08         13      0,00      0,00      0,00      0,00      0,00      0,00      0,00      0,00      0,00    100,00
22:24:08         14      0,00      0,00      0,00      0,00      0,00      0,00      0,00      0,00      0,00    100,00
22:24:08         15      0,50      0,00      0,00      0,00      0,00      0,00      0,00      0,00      0,00     99,50

22:24:06        IFACE   rxpck/s   txpck/s    rxkB/s    txkB/s   rxcmp/s   txcmp/s  rxmcst/s   %ifutil
22:24:08           lo      0,00      0,00      0,00      0,00      0,00      0,00      0,00      0,00
22:24:08         eno1      4,50      0,00      0,28      0,00      0,00      0,00      1,00      0,00
22:24:08         eno2      0,00      0,00      0,00      0,00      0,00      0,00      0,00      0,00
22:24:08      docker0      0,00      0,00      0,00      0,00      0,00      0,00      0,00      0,00
22:24:08      ens2np0  55264,00  55296,00  55048,13  55080,00      0,00      0,00      0,00      4,51
22:24:08      ens2np1      0,00      0,00      0,00      0,00      0,00      0,00      0,00      0,00

22:24:08        CPU      %usr     %nice      %sys   %iowait    %steal      %irq     %soft    %guest    %gnice     %idle
22:24:10        all      0,34      0,00      0,16      0,00      0,00      0,00     12,80      0,00      0,00     86,70
22:24:10          0      0,00      0,00      0,00      0,00      0,00      0,00    100,00      0,00      0,00      0,00
22:24:10          1      0,00      0,00      0,00      0,00      0,00      0,00    100,00      0,00      0,00      0,00
22:24:10          2      0,48      0,00      0,48      0,00      0,00      0,00      4,31      0,00      0,00     94,74
22:24:10          3      0,00      0,00      0,00      0,00      0,00      0,00      0,50      0,00      0,00     99,50
22:24:10          4      0,50      0,00      0,50      0,00      0,00      0,00      0,00      0,00      0,00     98,99
22:24:10          5      1,01      0,00      0,00      0,00      0,00      0,00      0,00      0,00      0,00     98,99
22:24:10          6      1,00      0,00      0,00      0,00      0,00      0,00      0,00      0,00      0,00     99,00
22:24:10          7      0,00      0,00      0,00      0,00      0,00      0,00      0,00      0,00      0,00    100,00
22:24:10          8      0,00      0,00      0,50      0,00      0,00      0,00      0,00      0,00      0,00     99,50
22:24:10          9      0,00      0,00      0,00      0,00      0,00      0,00      0,00      0,00      0,00    100,00
22:24:10         10      0,00      0,00      0,00      0,00      0,00      0,00      0,00      0,00      0,00    100,00
22:24:10         11      0,50      0,00      0,00      0,00      0,00      0,00      0,00      0,00      0,00     99,50
22:24:10         12      0,00      0,00      0,50      0,00      0,00      0,00      0,00      0,00      0,00     99,50
22:24:10         13      1,00      0,00      0,50      0,00      0,00      0,00      0,00      0,00      0,00     98,50
22:24:10         14      1,01      0,00      0,00      0,00      0,00      0,00      0,00      0,00      0,00     98,99
22:24:10         15      0,00      0,00      0,00      0,00      0,00      0,00      0,00      0,00      0,00    100,00

22:24:08        IFACE   rxpck/s   txpck/s    rxkB/s    txkB/s   rxcmp/s   txcmp/s  rxmcst/s   %ifutil
22:24:10           lo      0,00      0,00      0,00      0,00      0,00      0,00      0,00      0,00
22:24:10         eno1      5,00      0,00      0,37      0,00      0,00      0,00      1,50      0,00
22:24:10         eno2      0,00      0,00      0,00      0,00      0,00      0,00      0,00      0,00
22:24:10      docker0      0,00      0,00      0,00      0,00      0,00      0,00      0,00      0,00
22:24:10      ens2np0  55193,00  55296,00  54977,40  55080,00      0,00      0,00      0,00      4,51
22:24:10      ens2np1      0,00      0,00      0,00      0,00      0,00      0,00      0,00      0,00

22:24:10        CPU      %usr     %nice      %sys   %iowait    %steal      %irq     %soft    %guest    %gnice     %idle
22:24:12        all      0,00      0,00      0,03      0,03      0,00      0,00     13,09      0,00      0,00     86,85
22:24:12          0      0,00      0,00      0,00      0,00      0,00      0,00    100,00      0,00      0,00      0,00
22:24:12          1      0,00      0,00      0,00      0,00      0,00      0,00    100,00      0,00      0,00      0,00
22:24:12          2      0,00      0,00      0,00      0,00      0,00      0,00      9,91      0,00      0,00     90,09
22:24:12          3      0,00      0,00      0,00      0,00      0,00      0,00      0,00      0,00      0,00    100,00
22:24:12          4      0,00      0,00      0,00      0,50      0,00      0,00      0,00      0,00      0,00     99,50
22:24:12          5      0,00      0,00      0,00      0,00      0,00      0,00      0,00      0,00      0,00    100,00
22:24:12          6      0,00      0,00      0,00      0,00      0,00      0,00      0,00      0,00      0,00    100,00
22:24:12          7      0,00      0,00      0,00      0,00      0,00      0,00      0,00      0,00      0,00    100,00
22:24:12          8      0,00      0,00      0,00      0,00      0,00      0,00      0,00      0,00      0,00    100,00
22:24:12          9      0,00      0,00      0,00      0,00      0,00      0,00      0,00      0,00      0,00    100,00
22:24:12         10      0,00      0,00      0,00      0,00      0,00      0,00      0,00      0,00      0,00    100,00
22:24:12         11      0,00      0,00      0,00      0,00      0,00      0,00      0,00      0,00      0,00    100,00
22:24:12         12      0,00      0,00      0,00      0,00      0,00      0,00      0,00      0,00      0,00    100,00
22:24:12         13      0,00      0,00      0,00      0,00      0,00      0,00      0,00      0,00      0,00    100,00
22:24:12         14      0,00      0,00      0,00      0,00      0,00      0,00      0,00      0,00      0,00    100,00
22:24:12         15      0,00      0,00      0,50      0,00      0,00      0,00      0,00      0,00      0,00     99,50

22:24:10        IFACE   rxpck/s   txpck/s    rxkB/s    txkB/s   rxcmp/s   txcmp/s  rxmcst/s   %ifutil
22:24:12           lo      0,00      0,00      0,00      0,00      0,00      0,00      0,00      0,00
22:24:12         eno1      7,50      1,00      0,47      0,06      0,00      0,00      1,00      0,00
22:24:12         eno2      0,00      0,00      0,00      0,00      0,00      0,00      0,00      0,00
22:24:12      docker0      0,00      0,00      0,00      0,00      0,00      0,00      0,00      0,00
22:24:12      ens2np0  55282,50  55296,00  55066,55  55080,00      0,00      0,00      0,00      4,51
22:24:12      ens2np1      0,00      0,00      0,00      0,00      0,00      0,00      0,00      0,00

22:24:12        CPU      %usr     %nice      %sys   %iowait    %steal      %irq     %soft    %guest    %gnice     %idle
22:24:14        all      0,00      0,00      0,00      0,00      0,00      0,00     13,16      0,00      0,00     86,84
22:24:14          0      0,00      0,00      0,00      0,00      0,00      0,00    100,00      0,00      0,00      0,00
22:24:14          1      0,00      0,00      0,00      0,00      0,00      0,00    100,00      0,00      0,00      0,00
22:24:14          2      0,00      0,00      0,00      0,00      0,00      0,00     10,76      0,00      0,00     89,24
22:24:14          3      0,00      0,00      0,00      0,00      0,00      0,00      0,00      0,00      0,00    100,00
22:24:14          4      0,00      0,00      0,00      0,00      0,00      0,00      0,00      0,00      0,00    100,00
22:24:14          5      0,00      0,00      0,00      0,00      0,00      0,00      0,00      0,00      0,00    100,00
22:24:14          6      0,00      0,00      0,00      0,00      0,00      0,00      0,00      0,00      0,00    100,00
22:24:14          7      0,00      0,00      0,00      0,00      0,00      0,00      0,00      0,00      0,00    100,00
22:24:14          8      0,00      0,00      0,00      0,00      0,00      0,00      0,00      0,00      0,00    100,00
22:24:14          9      0,00      0,00      0,00      0,00      0,00      0,00      0,00      0,00      0,00    100,00
22:24:14         10      0,00      0,00      0,00      0,00      0,00      0,00      0,00      0,00      0,00    100,00
22:24:14         11      0,00      0,00      0,00      0,00      0,00      0,00      0,00      0,00      0,00    100,00
22:24:14         12      0,00      0,00      0,00      0,00      0,00      0,00      0,00      0,00      0,00    100,00
22:24:14         13      0,00      0,00      0,00      0,00      0,00      0,00      0,00      0,00      0,00    100,00
22:24:14         14      0,00      0,00      0,00      0,00      0,00      0,00      0,00      0,00      0,00    100,00
22:24:14         15      0,00      0,00      0,00      0,00      0,00      0,00      0,00      0,00      0,00    100,00

22:24:12        IFACE   rxpck/s   txpck/s    rxkB/s    txkB/s   rxcmp/s   txcmp/s  rxmcst/s   %ifutil
22:24:14           lo      0,00      0,00      0,00      0,00      0,00      0,00      0,00      0,00
22:24:14         eno1      6,00      0,00      0,38      0,00      0,00      0,00      1,00      0,00
22:24:14         eno2      0,00      0,00      0,00      0,00      0,00      0,00      0,00      0,00
22:24:14      docker0      0,00      0,00      0,00      0,00      0,00      0,00      0,00      0,00
22:24:14      ens2np0  55294,00  55296,00  55078,01  55080,00      0,00      0,00      0,00      4,51
22:24:14      ens2np1      0,00      0,00      0,00      0,00      0,00      0,00      0,00      0,00

22:24:14        CPU      %usr     %nice      %sys   %iowait    %steal      %irq     %soft    %guest    %gnice     %idle
22:24:16        all      0,00      0,00      0,00      0,00      0,00      0,00     13,07      0,00      0,00     86,93
22:24:16          0      0,00      0,00      0,00      0,00      0,00      0,00    100,00      0,00      0,00      0,00
22:24:16          1      0,00      0,00      0,00      0,00      0,00      0,00    100,00      0,00      0,00      0,00
22:24:16          2      0,00      0,00      0,00      0,00      0,00      0,00      9,55      0,00      0,00     90,45
22:24:16          3      0,00      0,00      0,00      0,00      0,00      0,00      0,00      0,00      0,00    100,00
22:24:16          4      0,00      0,00      0,00      0,00      0,00      0,00      0,00      0,00      0,00    100,00
22:24:16          5      0,00      0,00      0,00      0,00      0,00      0,00      0,00      0,00      0,00    100,00
22:24:16          6      0,00      0,00      0,00      0,00      0,00      0,00      0,00      0,00      0,00    100,00
22:24:16          7      0,00      0,00      0,00      0,00      0,00      0,00      0,00      0,00      0,00    100,00
22:24:16          8      0,00      0,00      0,00      0,00      0,00      0,00      0,00      0,00      0,00    100,00
22:24:16          9      0,00      0,00      0,00      0,00      0,00      0,00      0,00      0,00      0,00    100,00
22:24:16         10      0,00      0,00      0,00      0,00      0,00      0,00      0,00      0,00      0,00    100,00
22:24:16         11      0,00      0,00      0,00      0,00      0,00      0,00      0,00      0,00      0,00    100,00
22:24:16         12      0,00      0,00      0,00      0,00      0,00      0,00      0,00      0,00      0,00    100,00
22:24:16         13      0,00      0,00      0,00      0,00      0,00      0,00      0,00      0,00      0,00    100,00
22:24:16         14      0,00      0,00      0,00      0,00      0,00      0,00      0,00      0,00      0,00    100,00
22:24:16         15      0,00      0,00      0,00      0,00      0,00      0,00      0,00      0,00      0,00    100,00

22:24:14        IFACE   rxpck/s   txpck/s    rxkB/s    txkB/s   rxcmp/s   txcmp/s  rxmcst/s   %ifutil
22:24:16           lo      0,00      0,00      0,00      0,00      0,00      0,00      0,00      0,00
22:24:16         eno1      6,00      0,50      0,38      0,03      0,00      0,00      1,50      0,00
22:24:16         eno2      0,00      0,00      0,00      0,00      0,00      0,00      0,00      0,00
22:24:16      docker0      0,00      0,00      0,00      0,00      0,00      0,00      0,00      0,00
22:24:16      ens2np0  55266,50  55296,00  55050,62  55080,00      0,00      0,00      0,00      4,51
22:24:16      ens2np1      0,00      0,00      0,00      0,00      0,00      0,00      0,00      0,00

22:24:16        CPU      %usr     %nice      %sys   %iowait    %steal      %irq     %soft    %guest    %gnice     %idle
22:24:18        all      0,00      0,00      0,06      0,00      0,00      0,00     12,99      0,00      0,00     86,95
22:24:18          0      0,00      0,00      0,00      0,00      0,00      0,00    100,00      0,00      0,00      0,00
22:24:18          1      0,00      0,00      0,00      0,00      0,00      0,00    100,00      0,00      0,00      0,00
22:24:18          2      0,00      0,00      0,00      0,00      0,00      0,00      8,29      0,00      0,00     91,71
22:24:18          3      0,00      0,00      0,00      0,00      0,00      0,00      0,00      0,00      0,00    100,00
22:24:18          4      0,00      0,00      0,00      0,00      0,00      0,00      0,00      0,00      0,00    100,00
22:24:18          5      0,00      0,00      0,00      0,00      0,00      0,00      0,00      0,00      0,00    100,00
22:24:18          6      0,00      0,00      0,00      0,00      0,00      0,00      0,00      0,00      0,00    100,00
22:24:18          7      0,00      0,00      0,00      0,00      0,00      0,00      0,00      0,00      0,00    100,00
22:24:18          8      0,00      0,00      0,00      0,00      0,00      0,00      0,00      0,00      0,00    100,00
22:24:18          9      0,00      0,00      0,00      0,00      0,00      0,00      0,00      0,00      0,00    100,00
22:24:18         10      0,00      0,00      0,50      0,00      0,00      0,00      0,00      0,00      0,00     99,50
22:24:18         11      0,00      0,00      0,00      0,00      0,00      0,00      0,00      0,00      0,00    100,00
22:24:18         12      0,00      0,00      0,00      0,00      0,00      0,00      0,00      0,00      0,00    100,00
22:24:18         13      0,00      0,00      0,00      0,00      0,00      0,00      0,00      0,00      0,00    100,00
22:24:18         14      0,00      0,00      0,00      0,00      0,00      0,00      0,00      0,00      0,00    100,00
22:24:18         15      0,00      0,00      0,50      0,00      0,00      0,00      0,00      0,00      0,00     99,50

22:24:16        IFACE   rxpck/s   txpck/s    rxkB/s    txkB/s   rxcmp/s   txcmp/s  rxmcst/s   %ifutil
22:24:18           lo      0,00      0,00      0,00      0,00      0,00      0,00      0,00      0,00
22:24:18         eno1      3,00      0,00      0,19      0,00      0,00      0,00      1,00      0,00
22:24:18         eno2      0,00      0,00      0,00      0,00      0,00      0,00      0,00      0,00
22:24:18      docker0      0,00      0,00      0,00      0,00      0,00      0,00      0,00      0,00
22:24:18      ens2np0  55265,50  55296,00  55049,62  55080,00      0,00      0,00      0,00      4,51
22:24:18      ens2np1      0,00      0,00      0,00      0,00      0,00      0,00      0,00      0,00

22:24:18        CPU      %usr     %nice      %sys   %iowait    %steal      %irq     %soft    %guest    %gnice     %idle
22:24:20        all      0,47      0,00      0,16      0,00      0,00      0,00     12,85      0,00      0,00     86,53
22:24:20          0      0,00      0,00      0,00      0,00      0,00      0,00    100,00      0,00      0,00      0,00
22:24:20          1      0,00      0,00      0,00      0,00      0,00      0,00    100,00      0,00      0,00      0,00
22:24:20          2      0,47      0,00      0,00      0,00      0,00      0,00      6,10      0,00      0,00     93,43
22:24:20          3      0,50      0,00      0,50      0,00      0,00      0,00      0,00      0,00      0,00     99,00
22:24:20          4      1,00      0,00      0,00      0,00      0,00      0,00      0,00      0,00      0,00     99,00
22:24:20          5      0,00      0,00      0,00      0,00      0,00      0,00      0,00      0,00      0,00    100,00
22:24:20          6      0,00      0,00      0,00      0,00      0,00      0,00      0,00      0,00      0,00    100,00
22:24:20          7      0,50      0,00      0,00      0,00      0,00      0,00      0,00      0,00      0,00     99,50
22:24:20          8      0,50      0,00      0,00      0,00      0,00      0,00      0,00      0,00      0,00     99,50
22:24:20          9      0,50      0,00      0,50      0,00      0,00      0,00      0,00      0,00      0,00     99,01
22:24:20         10      0,99      0,00      0,50      0,00      0,00      0,00      0,00      0,00      0,00     98,51
22:24:20         11      0,00      0,00      0,00      0,00      0,00      0,00      0,00      0,00      0,00    100,00
22:24:20         12      0,50      0,00      0,00      0,00      0,00      0,00      0,00      0,00      0,00     99,50
22:24:20         13      1,01      0,00      0,50      0,00      0,00      0,00      0,00      0,00      0,00     98,49
22:24:20         14      1,00      0,00      0,50      0,00      0,00      0,00      0,00      0,00      0,00     98,51
22:24:20         15      0,50      0,00      0,00      0,00      0,00      0,00      0,00      0,00      0,00     99,50

22:24:18        IFACE   rxpck/s   txpck/s    rxkB/s    txkB/s   rxcmp/s   txcmp/s  rxmcst/s   %ifutil
22:24:20           lo      0,00      0,00      0,00      0,00      0,00      0,00      0,00      0,00
22:24:20         eno1      5,50      0,00      0,35      0,00      0,00      0,00      1,00      0,00
22:24:20         eno2      0,00      0,00      0,00      0,00      0,00      0,00      0,00      0,00
22:24:20      docker0      0,00      0,00      0,00      0,00      0,00      0,00      0,00      0,00
22:24:20      ens2np0  55165,00  55296,00  54949,51  55080,00      0,00      0,00      0,00      4,51
22:24:20      ens2np1      0,00      0,00      0,00      0,00      0,00      0,00      0,00      0,00

22:24:20        CPU      %usr     %nice      %sys   %iowait    %steal      %irq     %soft    %guest    %gnice     %idle
22:24:22        all      0,03      0,00      0,00      0,00      0,00      0,00     12,83      0,00      0,00     87,14
22:24:22          0      0,00      0,00      0,00      0,00      0,00      0,00    100,00      0,00      0,00      0,00
22:24:22          1      0,00      0,00      0,00      0,00      0,00      0,00    100,00      0,00      0,00      0,00
22:24:22          2      0,00      0,00      0,00      0,00      0,00      0,00      5,69      0,00      0,00     94,31
22:24:22          3      0,00      0,00      0,00      0,00      0,00      0,00      0,00      0,00      0,00    100,00
22:24:22          4      0,00      0,00      0,00      0,00      0,00      0,00      0,00      0,00      0,00    100,00
22:24:22          5      0,00      0,00      0,00      0,00      0,00      0,00      0,00      0,00      0,00    100,00
22:24:22          6      0,00      0,00      0,00      0,00      0,00      0,00      0,00      0,00      0,00    100,00
22:24:22          7      0,00      0,00      0,00      0,00      0,00      0,00      0,00      0,00      0,00    100,00
22:24:22          8      0,00      0,00      0,00      0,00      0,00      0,00      0,00      0,00      0,00    100,00
22:24:22          9      0,00      0,00      0,00      0,00      0,00      0,00      0,00      0,00      0,00    100,00
22:24:22         10      0,00      0,00      0,00      0,00      0,00      0,00      0,00      0,00      0,00    100,00
22:24:22         11      0,00      0,00      0,00      0,00      0,00      0,00      0,00      0,00      0,00    100,00
22:24:22         12      0,00      0,00      0,00      0,00      0,00      0,00      0,00      0,00      0,00    100,00
22:24:22         13      0,00      0,00      0,00      0,00      0,00      0,00      0,00      0,00      0,00    100,00
22:24:22         14      0,00      0,00      0,00      0,00      0,00      0,00      0,00      0,00      0,00    100,00
22:24:22         15      0,50      0,00      0,00      0,00      0,00      0,00      0,00      0,00      0,00     99,50

22:24:20        IFACE   rxpck/s   txpck/s    rxkB/s    txkB/s   rxcmp/s   txcmp/s  rxmcst/s   %ifutil
22:24:22           lo      0,00      0,00      0,00      0,00      0,00      0,00      0,00      0,00
22:24:22         eno1      4,00      0,00      0,25      0,00      0,00      0,00      1,00      0,00
22:24:22         eno2      0,00      0,00      0,00      0,00      0,00      0,00      0,00      0,00
22:24:22      docker0      0,00      0,00      0,00      0,00      0,00      0,00      0,00      0,00
22:24:22      ens2np0  55261,00  55296,00  55045,14  55080,00      0,00      0,00      0,00      4,51
22:24:22      ens2np1      0,00      0,00      0,00      0,00      0,00      0,00      0,00      0,00

22:24:22        CPU      %usr     %nice      %sys   %iowait    %steal      %irq     %soft    %guest    %gnice     %idle
22:24:24        all      0,00      0,00      0,03      0,00      0,00      0,00     12,94      0,00      0,00     87,03
22:24:24          0      0,00      0,00      0,00      0,00      0,00      0,00    100,00      0,00      0,00      0,00
22:24:24          1      0,00      0,00      0,00      0,00      0,00      0,00    100,00      0,00      0,00      0,00
22:24:24          2      0,00      0,00      0,00      0,00      0,00      0,00      7,44      0,00      0,00     92,56
22:24:24          3      0,00      0,00      0,00      0,00      0,00      0,00      0,00      0,00      0,00    100,00
22:24:24          4      0,00      0,00      0,00      0,00      0,00      0,00      0,00      0,00      0,00    100,00
22:24:24          5      0,00      0,00      0,00      0,00      0,00      0,00      0,00      0,00      0,00    100,00
22:24:24          6      0,00      0,00      0,00      0,00      0,00      0,00      0,00      0,00      0,00    100,00
22:24:24          7      0,00      0,00      0,00      0,00      0,00      0,00      0,00      0,00      0,00    100,00
22:24:24          8      0,00      0,00      0,00      0,00      0,00      0,00      0,00      0,00      0,00    100,00
22:24:24          9      0,00      0,00      0,00      0,00      0,00      0,00      0,00      0,00      0,00    100,00
22:24:24         10      0,00      0,00      0,00      0,00      0,00      0,00      0,00      0,00      0,00    100,00
22:24:24         11      0,00      0,00      0,00      0,00      0,00      0,00      0,00      0,00      0,00    100,00
22:24:24         12      0,00      0,00      0,00      0,00      0,00      0,00      0,00      0,00      0,00    100,00
22:24:24         13      0,00      0,00      0,00      0,00      0,00      0,00      0,00      0,00      0,00    100,00
22:24:24         14      0,00      0,00      0,00      0,00      0,00      0,00      0,00      0,00      0,00    100,00
22:24:24         15      0,00      0,00      0,50      0,00      0,00      0,00      0,00      0,00      0,00     99,50

22:24:22        IFACE   rxpck/s   txpck/s    rxkB/s    txkB/s   rxcmp/s   txcmp/s  rxmcst/s   %ifutil
22:24:24           lo      0,00      0,00      0,00      0,00      0,00      0,00      0,00      0,00
22:24:24         eno1      6,00      0,50      0,38      0,03      0,00      0,00      1,50      0,00
22:24:24         eno2      0,00      0,00      0,00      0,00      0,00      0,00      0,00      0,00
22:24:24      docker0      0,00      0,00      0,00      0,00      0,00      0,00      0,00      0,00
22:24:24      ens2np0  55263,00  55296,00  55047,13  55080,00      0,00      0,00      0,00      4,51
22:24:24      ens2np1      0,00      0,00      0,00      0,00      0,00      0,00      0,00      0,00

22:24:24        CPU      %usr     %nice      %sys   %iowait    %steal      %irq     %soft    %guest    %gnice     %idle
22:24:26        all      0,00      0,00      0,00      0,00      0,00      0,00     12,83      0,00      0,00     87,17
22:24:26          0      0,00      0,00      0,00      0,00      0,00      0,00    100,00      0,00      0,00      0,00
22:24:26          1      0,00      0,00      0,00      0,00      0,00      0,00    100,00      0,00      0,00      0,00
22:24:26          2      0,00      0,00      0,00      0,00      0,00      0,00      5,69      0,00      0,00     94,31
22:24:26          3      0,00      0,00      0,00      0,00      0,00      0,00      0,00      0,00      0,00    100,00
22:24:26          4      0,00      0,00      0,00      0,00      0,00      0,00      0,00      0,00      0,00    100,00
22:24:26          5      0,00      0,00      0,00      0,00      0,00      0,00      0,00      0,00      0,00    100,00
22:24:26          6      0,00      0,00      0,00      0,00      0,00      0,00      0,00      0,00      0,00    100,00
22:24:26          7      0,00      0,00      0,00      0,00      0,00      0,00      0,00      0,00      0,00    100,00
22:24:26          8      0,00      0,00      0,00      0,00      0,00      0,00      0,00      0,00      0,00    100,00
22:24:26          9      0,00      0,00      0,00      0,00      0,00      0,00      0,00      0,00      0,00    100,00
22:24:26         10      0,00      0,00      0,00      0,00      0,00      0,00      0,00      0,00      0,00    100,00
22:24:26         11      0,00      0,00      0,00      0,00      0,00      0,00      0,00      0,00      0,00    100,00
22:24:26         12      0,00      0,00      0,00      0,00      0,00      0,00      0,00      0,00      0,00    100,00
22:24:26         13      0,00      0,00      0,00      0,00      0,00      0,00      0,00      0,00      0,00    100,00
22:24:26         14      0,00      0,00      0,00      0,00      0,00      0,00      0,00      0,00      0,00    100,00
22:24:26         15      0,00      0,00      0,00      0,00      0,00      0,00      0,00      0,00      0,00    100,00

22:24:24        IFACE   rxpck/s   txpck/s    rxkB/s    txkB/s   rxcmp/s   txcmp/s  rxmcst/s   %ifutil
22:24:26           lo      0,00      0,00      0,00      0,00      0,00      0,00      0,00      0,00
22:24:26         eno1      4,50      0,00      0,28      0,00      0,00      0,00      1,00      0,00
22:24:26         eno2      0,00      0,00      0,00      0,00      0,00      0,00      0,00      0,00
22:24:26      docker0      0,00      0,00      0,00      0,00      0,00      0,00      0,00      0,00
22:24:26      ens2np0  55261,50  54272,00  55045,63  54060,00      0,00      0,00      0,00      4,51
22:24:26      ens2np1      0,00      0,00      0,00      0,00      0,00      0,00      0,00      0,00

22:24:26        CPU      %usr     %nice      %sys   %iowait    %steal      %irq     %soft    %guest    %gnice     %idle
22:24:28        all      0,00      0,00      0,03      0,00      0,00      0,00     12,99      0,00      0,00     86,98
22:24:28          0      0,00      0,00      0,00      0,00      0,00      0,00    100,00      0,00      0,00      0,00
22:24:28          1      0,00      0,00      0,00      0,00      0,00      0,00    100,00      0,00      0,00      0,00
22:24:28          2      0,00      0,00      0,00      0,00      0,00      0,00      8,26      0,00      0,00     91,74
22:24:28          3      0,00      0,00      0,00      0,00      0,00      0,00      0,00      0,00      0,00    100,00
22:24:28          4      0,00      0,00      0,00      0,00      0,00      0,00      0,00      0,00      0,00    100,00
22:24:28          5      0,00      0,00      0,50      0,00      0,00      0,00      0,00      0,00      0,00     99,50
22:24:28          6      0,00      0,00      0,00      0,00      0,00      0,00      0,00      0,00      0,00    100,00
22:24:28          7      0,00      0,00      0,00      0,00      0,00      0,00      0,00      0,00      0,00    100,00
22:24:28          8      0,00      0,00      0,00      0,00      0,00      0,00      0,00      0,00      0,00    100,00
22:24:28          9      0,00      0,00      0,00      0,00      0,00      0,00      0,00      0,00      0,00    100,00
22:24:28         10      0,00      0,00      0,00      0,00      0,00      0,00      0,00      0,00      0,00    100,00
22:24:28         11      0,00      0,00      0,00      0,00      0,00      0,00      0,00      0,00      0,00    100,00
22:24:28         12      0,00      0,00      0,00      0,00      0,00      0,00      0,00      0,00      0,00    100,00
22:24:28         13      0,00      0,00      0,00      0,00      0,00      0,00      0,00      0,00      0,00    100,00
22:24:28         14      0,00      0,00      0,00      0,00      0,00      0,00      0,00      0,00      0,00    100,00
22:24:28         15      0,00      0,00      0,00      0,00      0,00      0,00      0,00      0,00      0,00    100,00

22:24:26        IFACE   rxpck/s   txpck/s    rxkB/s    txkB/s   rxcmp/s   txcmp/s  rxmcst/s   %ifutil
22:24:28           lo      0,00      0,00      0,00      0,00      0,00      0,00      0,00      0,00
22:24:28         eno1      4,00      0,00      0,25      0,00      0,00      0,00      1,00      0,00
22:24:28         eno2      0,00      0,00      0,00      0,00      0,00      0,00      0,00      0,00
22:24:28      docker0      0,00      0,00      0,00      0,00      0,00      0,00      0,00      0,00
22:24:28      ens2np0  55264,00  55296,00  55048,13  55080,00      0,00      0,00      0,00      4,51
22:24:28      ens2np1      0,00      0,00      0,00      0,00      0,00      0,00      0,00      0,00

22:24:28        CPU      %usr     %nice      %sys   %iowait    %steal      %irq     %soft    %guest    %gnice     %idle
22:24:30        all      0,59      0,00      0,22      0,00      0,00      0,00     12,85      0,00      0,00     86,34
22:24:30          0      0,00      0,00      0,00      0,00      0,00      0,00    100,00      0,00      0,00      0,00
22:24:30          1      0,00      0,00      0,00      0,00      0,00      0,00    100,00      0,00      0,00      0,00
22:24:30          2      0,47      0,00      0,00      0,00      0,00      0,00      6,57      0,00      0,00     92,96
22:24:30          3      1,00      0,00      0,00      0,00      0,00      0,00      0,00      0,00      0,00     99,00
22:24:30          4      1,00      0,00      0,00      0,00      0,00      0,00      0,00      0,00      0,00     99,00
22:24:30          5      0,50      0,00      0,00      0,00      0,00      0,00      0,00      0,00      0,00     99,50
22:24:30          6      0,50      0,00      0,50      0,00      0,00      0,00      0,00      0,00      0,00     99,00
22:24:30          7      0,00      0,00      1,00      0,00      0,00      0,00      0,00      0,00      0,00     99,00
22:24:30          8      0,50      0,00      0,50      0,00      0,00      0,00      0,00      0,00      0,00     99,00
22:24:30          9      0,50      0,00      0,00      0,00      0,00      0,00      0,00      0,00      0,00     99,50
22:24:30         10      0,50      0,00      0,00      0,00      0,00      0,00      0,00      0,00      0,00     99,50
22:24:30         11      0,50      0,00      0,00      0,00      0,00      0,00      0,00      0,00      0,00     99,50
22:24:30         12      0,50      0,00      0,00      0,00      0,00      0,00      0,00      0,00      0,00     99,50
22:24:30         13      1,99      0,00      1,00      0,00      0,00      0,00      0,00      0,00      0,00     97,01
22:24:30         14      1,00      0,00      0,00      0,00      0,00      0,00      0,00      0,00      0,00     99,00
22:24:30         15      0,50      0,00      0,50      0,00      0,00      0,00      0,00      0,00      0,00     99,00

22:24:28        IFACE   rxpck/s   txpck/s    rxkB/s    txkB/s   rxcmp/s   txcmp/s  rxmcst/s   %ifutil
22:24:30           lo      0,00      0,00      0,00      0,00      0,00      0,00      0,00      0,00
22:24:30         eno1      5,00      0,00      0,31      0,00      0,00      0,00      1,00      0,00
22:24:30         eno2      0,00      0,00      0,00      0,00      0,00      0,00      0,00      0,00
22:24:30      docker0      0,00      0,00      0,00      0,00      0,00      0,00      0,00      0,00
22:24:30      ens2np0  55188,00  54272,00  54972,42  54060,00      0,00      0,00      0,00      4,50
22:24:30      ens2np1      0,00      0,00      0,00      0,00      0,00      0,00      0,00      0,00

22:24:30        CPU      %usr     %nice      %sys   %iowait    %steal      %irq     %soft    %guest    %gnice     %idle
22:24:32        all      0,00      0,00      0,00      0,00      0,00      0,00     12,85      0,00      0,00     87,15
22:24:32          0      0,00      0,00      0,00      0,00      0,00      0,00    100,00      0,00      0,00      0,00
22:24:32          1      0,00      0,00      0,00      0,00      0,00      0,00    100,00      0,00      0,00      0,00
22:24:32          2      0,00      0,00      0,00      0,00      0,00      0,00      6,10      0,00      0,00     93,90
22:24:32          3      0,00      0,00      0,00      0,00      0,00      0,00      0,00      0,00      0,00    100,00
22:24:32          4      0,00      0,00      0,00      0,00      0,00      0,00      0,00      0,00      0,00    100,00
22:24:32          5      0,00      0,00      0,00      0,00      0,00      0,00      0,00      0,00      0,00    100,00
22:24:32          6      0,00      0,00      0,00      0,00      0,00      0,00      0,00      0,00      0,00    100,00
22:24:32          7      0,00      0,00      0,00      0,00      0,00      0,00      0,00      0,00      0,00    100,00
22:24:32          8      0,00      0,00      0,00      0,00      0,00      0,00      0,00      0,00      0,00    100,00
22:24:32          9      0,00      0,00      0,00      0,00      0,00      0,00      0,00      0,00      0,00    100,00
22:24:32         10      0,00      0,00      0,00      0,00      0,00      0,00      0,00      0,00      0,00    100,00
22:24:32         11      0,00      0,00      0,00      0,00      0,00      0,00      0,00      0,00      0,00    100,00
22:24:32         12      0,00      0,00      0,00      0,00      0,00      0,00      0,00      0,00      0,00    100,00
22:24:32         13      0,00      0,00      0,00      0,00      0,00      0,00      0,00      0,00      0,00    100,00
22:24:32         14      0,00      0,00      0,00      0,00      0,00      0,00      0,00      0,00      0,00    100,00
22:24:32         15      0,00      0,00      0,00      0,00      0,00      0,00      0,00      0,00      0,00    100,00

22:24:30        IFACE   rxpck/s   txpck/s    rxkB/s    txkB/s   rxcmp/s   txcmp/s  rxmcst/s   %ifutil
22:24:32           lo      0,00      0,00      0,00      0,00      0,00      0,00      0,00      0,00
22:24:32         eno1      4,00      0,00      0,25      0,00      0,00      0,00      1,00      0,00
22:24:32         eno2      0,00      0,00      0,00      0,00      0,00      0,00      0,00      0,00
22:24:32      docker0      0,00      0,00      0,00      0,00      0,00      0,00      0,00      0,00
22:24:32      ens2np0  55260,00  55296,00  55044,14  55080,00      0,00      0,00      0,00      4,51
22:24:32      ens2np1      0,00      0,00      0,00      0,00      0,00      0,00      0,00      0,00

22:24:32        CPU      %usr     %nice      %sys   %iowait    %steal      %irq     %soft    %guest    %gnice     %idle
22:24:34        all      0,00      0,00      0,03      0,00      0,00      0,00     13,02      0,00      0,00     86,95
22:24:34          0      0,00      0,00      0,00      0,00      0,00      0,00    100,00      0,00      0,00      0,00
22:24:34          1      0,00      0,00      0,00      0,00      0,00      0,00    100,00      0,00      0,00      0,00
22:24:34          2      0,00      0,00      0,45      0,00      0,00      0,00      9,09      0,00      0,00     90,45
22:24:34          3      0,00      0,00      0,00      0,00      0,00      0,00      0,00      0,00      0,00    100,00
22:24:34          4      0,00      0,00      0,00      0,00      0,00      0,00      0,00      0,00      0,00    100,00
22:24:34          5      0,00      0,00      0,00      0,00      0,00      0,00      0,00      0,00      0,00    100,00
22:24:34          6      0,00      0,00      0,00      0,00      0,00      0,00      0,00      0,00      0,00    100,00
22:24:34          7      0,00      0,00      0,00      0,00      0,00      0,00      0,00      0,00      0,00    100,00
22:24:34          8      0,00      0,00      0,00      0,00      0,00      0,00      0,00      0,00      0,00    100,00
22:24:34          9      0,00      0,00      0,00      0,00      0,00      0,00      0,00      0,00      0,00    100,00
22:24:34         10      0,00      0,00      0,00      0,00      0,00      0,00      0,00      0,00      0,00    100,00
22:24:34         11      0,00      0,00      0,00      0,00      0,00      0,00      0,00      0,00      0,00    100,00
22:24:34         12      0,00      0,00      0,00      0,00      0,00      0,00      0,00      0,00      0,00    100,00
22:24:34         13      0,00      0,00      0,00      0,00      0,00      0,00      0,00      0,00      0,00    100,00
22:24:34         14      0,00      0,00      0,00      0,00      0,00      0,00      0,00      0,00      0,00    100,00
22:24:34         15      0,00      0,00      0,00      0,00      0,00      0,00      0,00      0,00      0,00    100,00

22:24:32        IFACE   rxpck/s   txpck/s    rxkB/s    txkB/s   rxcmp/s   txcmp/s  rxmcst/s   %ifutil
22:24:34           lo      0,00      0,00      0,00      0,00      0,00      0,00      0,00      0,00
22:24:34         eno1      4,50      0,00      0,28      0,00      0,00      0,00      1,00      0,00
22:24:34         eno2      0,00      0,00      0,00      0,00      0,00      0,00      0,00      0,00
22:24:34      docker0      0,00      0,00      0,00      0,00      0,00      0,00      0,00      0,00
22:24:34      ens2np0  55263,00  55296,00  55047,13  55080,00      0,00      0,00      0,00      4,51
22:24:34      ens2np1      0,00      0,00      0,00      0,00      0,00      0,00      0,00      0,00

22:24:34        CPU      %usr     %nice      %sys   %iowait    %steal      %irq     %soft    %guest    %gnice     %idle
22:24:36        all      0,00      0,00      0,00      0,00      0,00      0,00     12,86      0,00      0,00     87,14
22:24:36          0      0,00      0,00      0,00      0,00      0,00      0,00    100,00      0,00      0,00      0,00
22:24:36          1      0,00      0,00      0,00      0,00      0,00      0,00    100,00      0,00      0,00      0,00
22:24:36          2      0,00      0,00      0,00      0,00      0,00      0,00      6,13      0,00      0,00     93,87
22:24:36          3      0,00      0,00      0,00      0,00      0,00      0,00      0,00      0,00      0,00    100,00
22:24:36          4      0,00      0,00      0,00      0,00      0,00      0,00      0,00      0,00      0,00    100,00
22:24:36          5      0,00      0,00      0,00      0,00      0,00      0,00      0,00      0,00      0,00    100,00
22:24:36          6      0,00      0,00      0,00      0,00      0,00      0,00      0,00      0,00      0,00    100,00
22:24:36          7      0,00      0,00      0,00      0,00      0,00      0,00      0,00      0,00      0,00    100,00
22:24:36          8      0,00      0,00      0,00      0,00      0,00      0,00      0,00      0,00      0,00    100,00
22:24:36          9      0,00      0,00      0,00      0,00      0,00      0,00      0,00      0,00      0,00    100,00
22:24:36         10      0,00      0,00      0,00      0,00      0,00      0,00      0,00      0,00      0,00    100,00
22:24:36         11      0,00      0,00      0,00      0,00      0,00      0,00      0,00      0,00      0,00    100,00
22:24:36         12      0,00      0,00      0,00      0,00      0,00      0,00      0,00      0,00      0,00    100,00
22:24:36         13      0,00      0,00      0,00      0,00      0,00      0,00      0,00      0,00      0,00    100,00
22:24:36         14      0,00      0,00      0,00      0,00      0,00      0,00      0,00      0,00      0,00    100,00
22:24:36         15      0,00      0,00      0,00      0,00      0,00      0,00      0,00      0,00      0,00    100,00

22:24:34        IFACE   rxpck/s   txpck/s    rxkB/s    txkB/s   rxcmp/s   txcmp/s  rxmcst/s   %ifutil
22:24:36           lo      0,00      0,00      0,00      0,00      0,00      0,00      0,00      0,00
22:24:36         eno1      4,00      0,00      0,25      0,00      0,00      0,00      1,00      0,00
22:24:36         eno2      0,00      0,00      0,00      0,00      0,00      0,00      0,00      0,00
22:24:36      docker0      0,00      0,00      0,00      0,00      0,00      0,00      0,00      0,00
22:24:36      ens2np0  55264,50  55296,00  55048,62  55080,00      0,00      0,00      0,00      4,51
22:24:36      ens2np1      0,00      0,00      0,00      0,00      0,00      0,00      0,00      0,00

Average:        CPU      %usr     %nice      %sys   %iowait    %steal      %irq     %soft    %guest    %gnice     %idle
Average:        all      0,09      0,00      0,05      0,00      0,00      0,00     11,74      0,00      0,00     88,12
Average:          0      0,02      0,00      0,02      0,00      0,00      0,00     90,49      0,00      0,00      9,47
Average:          1      0,00      0,00      0,00      0,00      0,00      0,00     90,49      0,00      0,00      9,51
Average:          2      0,06      0,00      0,06      0,00      0,00      0,00      7,36      0,00      0,00     92,53
Average:          3      0,08      0,00      0,08      0,00      0,00      0,00      0,02      0,00      0,00     99,82
Average:          4      0,16      0,00      0,04      0,02      0,00      0,00      0,00      0,00      0,00     99,78
Average:          5      0,14      0,00      0,02      0,00      0,00      0,00      0,00      0,00      0,00     99,84
Average:          6      0,12      0,00      0,04      0,00      0,00      0,00      0,00      0,00      0,00     99,84
Average:          7      0,04      0,00      0,06      0,00      0,00      0,00      0,00      0,00      0,00     99,90
Average:          8      0,06      0,00      0,04      0,00      0,00      0,00      0,00      0,00      0,00     99,90
Average:          9      0,06      0,00      0,02      0,00      0,00      0,00      0,00      0,00      0,00     99,92
Average:         10      0,08      0,00      0,06      0,00      0,00      0,00      0,00      0,00      0,00     99,86
Average:         11      0,10      0,00      0,04      0,00      0,00      0,00      0,00      0,00      0,00     99,86
Average:         12      0,06      0,00      0,02      0,00      0,00      0,00      0,00      0,00      0,00     99,92
Average:         13      0,18      0,00      0,08      0,00      0,00      0,00      0,00      0,00      0,00     99,74
Average:         14      0,16      0,00      0,04      0,02      0,00      0,00      0,00      0,00      0,00     99,78
Average:         15      0,10      0,00      0,14      0,00      0,00      0,00      0,00      0,00      0,00     99,76

Average:        IFACE   rxpck/s   txpck/s    rxkB/s    txkB/s   rxcmp/s   txcmp/s  rxmcst/s   %ifutil
Average:           lo      0,00      0,00      0,00      0,00      0,00      0,00      0,00      0,00
Average:         eno1      5,44      0,78      0,44      0,14      0,00      0,00      1,08      0,00
Average:         eno2      0,00      0,00      0,00      0,00      0,00      0,00      0,00      0,00
Average:      docker0      0,00      0,00      0,00      0,00      0,00      0,00      0,00      0,00
Average:      ens2np0  49963,76  49807,36  49768,59  49612,80      0,00      0,00      0,00      4,08
Average:      ens2np1      0,00      0,00      0,00      0,00      0,00      0,00      0,00      0,00
