Linux 5.13.0-52-generic (w1) 	15/07/2022 	_x86_64_	(16 CPU)

22:55:50        CPU      %usr     %nice      %sys   %iowait    %steal      %irq     %soft    %guest    %gnice     %idle
22:55:52        all      0,09      0,00      0,00      0,00      0,00      0,00      0,00      0,00      0,00     99,91
22:55:52          0      0,00      0,00      0,00      0,00      0,00      0,00      0,00      0,00      0,00    100,00
22:55:52          1      0,00      0,00      0,00      0,00      0,00      0,00      0,00      0,00      0,00    100,00
22:55:52          2      0,50      0,00      0,00      0,00      0,00      0,00      0,00      0,00      0,00     99,50
22:55:52          3      0,00      0,00      0,00      0,00      0,00      0,00      0,00      0,00      0,00    100,00
22:55:52          4      0,00      0,00      0,00      0,00      0,00      0,00      0,00      0,00      0,00    100,00
22:55:52          5      0,00      0,00      0,00      0,00      0,00      0,00      0,00      0,00      0,00    100,00
22:55:52          6      0,00      0,00      0,00      0,00      0,00      0,00      0,00      0,00      0,00    100,00
22:55:52          7      0,00      0,00      0,00      0,00      0,00      0,00      0,00      0,00      0,00    100,00
22:55:52          8      0,00      0,00      0,00      0,00      0,00      0,00      0,00      0,00      0,00    100,00
22:55:52          9      0,00      0,00      0,00      0,00      0,00      0,00      0,00      0,00      0,00    100,00
22:55:52         10      0,00      0,00      0,00      0,00      0,00      0,00      0,00      0,00      0,00    100,00
22:55:52         11      0,50      0,00      0,00      0,00      0,00      0,00      0,00      0,00      0,00     99,50
22:55:52         12      0,50      0,00      0,00      0,00      0,00      0,00      0,00      0,00      0,00     99,50
22:55:52         13      0,00      0,00      0,00      0,00      0,00      0,00      0,00      0,00      0,00    100,00
22:55:52         14      0,00      0,00      0,00      0,00      0,00      0,00      0,00      0,00      0,00    100,00
22:55:52         15      0,00      0,00      0,00      0,00      0,00      0,00      0,00      0,00      0,00    100,00

22:55:50        IFACE   rxpck/s   txpck/s    rxkB/s    txkB/s   rxcmp/s   txcmp/s  rxmcst/s   %ifutil
22:55:52           lo      0,00      0,00      0,00      0,00      0,00      0,00      0,00      0,00
22:55:52         eno1     18,00     16,50      3,46      3,22      0,00      0,00      1,00      0,00
22:55:52         eno2      0,00      0,00      0,00      0,00      0,00      0,00      0,00      0,00
22:55:52      docker0      0,00      0,00      0,00      0,00      0,00      0,00      0,00      0,00
22:55:52      ens2np0      0,00      0,00      0,00      0,00      0,00      0,00      0,00      0,00
22:55:52      ens2np1      0,00      0,00      0,00      0,00      0,00      0,00      0,00      0,00

22:55:52        CPU      %usr     %nice      %sys   %iowait    %steal      %irq     %soft    %guest    %gnice     %idle
22:55:54        all      0,00      0,00      0,00      0,00      0,00      0,00      0,00      0,00      0,00    100,00
22:55:54          0      0,00      0,00      0,00      0,00      0,00      0,00      0,00      0,00      0,00    100,00
22:55:54          1      0,00      0,00      0,00      0,00      0,00      0,00      0,00      0,00      0,00    100,00
22:55:54          2      0,00      0,00      0,00      0,00      0,00      0,00      0,00      0,00      0,00    100,00
22:55:54          3      0,00      0,00      0,00      0,00      0,00      0,00      0,00      0,00      0,00    100,00
22:55:54          4      0,00      0,00      0,00      0,00      0,00      0,00      0,00      0,00      0,00    100,00
22:55:54          5      0,00      0,00      0,00      0,00      0,00      0,00      0,00      0,00      0,00    100,00
22:55:54          6      0,00      0,00      0,00      0,00      0,00      0,00      0,00      0,00      0,00    100,00
22:55:54          7      0,00      0,00      0,00      0,00      0,00      0,00      0,00      0,00      0,00    100,00
22:55:54          8      0,00      0,00      0,00      0,00      0,00      0,00      0,00      0,00      0,00    100,00
22:55:54          9      0,00      0,00      0,00      0,00      0,00      0,00      0,00      0,00      0,00    100,00
22:55:54         10      0,00      0,00      0,00      0,00      0,00      0,00      0,00      0,00      0,00    100,00
22:55:54         11      0,00      0,00      0,00      0,00      0,00      0,00      0,00      0,00      0,00    100,00
22:55:54         12      0,00      0,00      0,00      0,00      0,00      0,00      0,00      0,00      0,00    100,00
22:55:54         13      0,00      0,00      0,00      0,00      0,00      0,00      0,00      0,00      0,00    100,00
22:55:54         14      0,00      0,00      0,00      0,00      0,00      0,00      0,00      0,00      0,00    100,00
22:55:54         15      0,00      0,00      0,00      0,00      0,00      0,00      0,00      0,00      0,00    100,00

22:55:52        IFACE   rxpck/s   txpck/s    rxkB/s    txkB/s   rxcmp/s   txcmp/s  rxmcst/s   %ifutil
22:55:54           lo      0,00      0,00      0,00      0,00      0,00      0,00      0,00      0,00
22:55:54         eno1      7,00      0,00      0,44      0,00      0,00      0,00      1,50      0,00
22:55:54         eno2      0,00      0,00      0,00      0,00      0,00      0,00      0,00      0,00
22:55:54      docker0      0,00      0,00      0,00      0,00      0,00      0,00      0,00      0,00
22:55:54      ens2np0      0,00      0,00      0,00      0,00      0,00      0,00      0,00      0,00
22:55:54      ens2np1      0,00      0,00      0,00      0,00      0,00      0,00      0,00      0,00

22:55:54        CPU      %usr     %nice      %sys   %iowait    %steal      %irq     %soft    %guest    %gnice     %idle
22:55:56        all      0,38      0,00      0,09      0,00      0,00      0,00      0,00      0,00      0,00     99,53
22:55:56          0      0,50      0,00      0,00      0,00      0,00      0,00      0,00      0,00      0,00     99,50
22:55:56          1      0,00      0,00      0,00      0,00      0,00      0,00      0,00      0,00      0,00    100,00
22:55:56          2      0,50      0,00      0,00      0,00      0,00      0,00      0,00      0,00      0,00     99,50
22:55:56          3      0,00      0,00      0,00      0,00      0,00      0,00      0,00      0,00      0,00    100,00
22:55:56          4      1,00      0,00      0,50      0,00      0,00      0,00      0,00      0,00      0,00     98,50
22:55:56          5      0,50      0,00      0,00      0,00      0,00      0,00      0,00      0,00      0,00     99,50
22:55:56          6      0,00      0,00      0,00      0,00      0,00      0,00      0,00      0,00      0,00    100,00
22:55:56          7      1,50      0,00      0,00      0,00      0,00      0,00      0,00      0,00      0,00     98,50
22:55:56          8      0,00      0,00      0,00      0,00      0,00      0,00      0,00      0,00      0,00    100,00
22:55:56          9      0,00      0,00      0,50      0,00      0,00      0,00      0,00      0,00      0,00     99,50
22:55:56         10      0,50      0,00      0,00      0,00      0,00      0,00      0,00      0,00      0,00     99,50
22:55:56         11      0,00      0,00      0,00      0,00      0,00      0,00      0,00      0,00      0,00    100,00
22:55:56         12      0,50      0,00      0,00      0,00      0,00      0,00      0,00      0,00      0,00     99,50
22:55:56         13      0,50      0,00      0,00      0,00      0,00      0,00      0,00      0,00      0,00     99,50
22:55:56         14      0,00      0,00      0,00      0,00      0,00      0,00      0,00      0,00      0,00    100,00
22:55:56         15      0,50      0,00      0,50      0,00      0,00      0,00      0,00      0,00      0,00     99,00

22:55:54        IFACE   rxpck/s   txpck/s    rxkB/s    txkB/s   rxcmp/s   txcmp/s  rxmcst/s   %ifutil
22:55:56           lo      0,00      0,00      0,00      0,00      0,00      0,00      0,00      0,00
22:55:56         eno1      5,50      0,00      0,35      0,00      0,00      0,00      1,00      0,00
22:55:56         eno2      0,00      0,00      0,00      0,00      0,00      0,00      0,00      0,00
22:55:56      docker0      0,00      0,00      0,00      0,00      0,00      0,00      0,00      0,00
22:55:56      ens2np0      0,00      0,00      0,00      0,00      0,00      0,00      0,00      0,00
22:55:56      ens2np1      0,00      0,00      0,00      0,00      0,00      0,00      0,00      0,00

22:55:56        CPU      %usr     %nice      %sys   %iowait    %steal      %irq     %soft    %guest    %gnice     %idle
22:55:58        all      0,00      0,00      0,00      0,00      0,00      0,00      0,00      0,00      0,00    100,00
22:55:58          0      0,00      0,00      0,00      0,00      0,00      0,00      0,00      0,00      0,00    100,00
22:55:58          1      0,00      0,00      0,00      0,00      0,00      0,00      0,00      0,00      0,00    100,00
22:55:58          2      0,00      0,00      0,00      0,00      0,00      0,00      0,00      0,00      0,00    100,00
22:55:58          3      0,00      0,00      0,00      0,00      0,00      0,00      0,00      0,00      0,00    100,00
22:55:58          4      0,00      0,00      0,00      0,00      0,00      0,00      0,00      0,00      0,00    100,00
22:55:58          5      0,00      0,00      0,00      0,00      0,00      0,00      0,00      0,00      0,00    100,00
22:55:58          6      0,00      0,00      0,00      0,00      0,00      0,00      0,00      0,00      0,00    100,00
22:55:58          7      0,00      0,00      0,00      0,00      0,00      0,00      0,00      0,00      0,00    100,00
22:55:58          8      0,00      0,00      0,00      0,00      0,00      0,00      0,00      0,00      0,00    100,00
22:55:58          9      0,00      0,00      0,00      0,00      0,00      0,00      0,00      0,00      0,00    100,00
22:55:58         10      0,00      0,00      0,00      0,00      0,00      0,00      0,00      0,00      0,00    100,00
22:55:58         11      0,00      0,00      0,00      0,00      0,00      0,00      0,00      0,00      0,00    100,00
22:55:58         12      0,00      0,00      0,00      0,00      0,00      0,00      0,00      0,00      0,00    100,00
22:55:58         13      0,00      0,00      0,00      0,00      0,00      0,00      0,00      0,00      0,00    100,00
22:55:58         14      0,00      0,00      0,00      0,00      0,00      0,00      0,00      0,00      0,00    100,00
22:55:58         15      0,00      0,00      0,00      0,00      0,00      0,00      0,00      0,00      0,00    100,00

22:55:56        IFACE   rxpck/s   txpck/s    rxkB/s    txkB/s   rxcmp/s   txcmp/s  rxmcst/s   %ifutil
22:55:58           lo      0,00      0,00      0,00      0,00      0,00      0,00      0,00      0,00
22:55:58         eno1      7,50      1,00      0,47      0,06      0,00      0,00      1,00      0,00
22:55:58         eno2      0,00      0,00      0,00      0,00      0,00      0,00      0,00      0,00
22:55:58      docker0      0,00      0,00      0,00      0,00      0,00      0,00      0,00      0,00
22:55:58      ens2np0      0,00      0,00      0,00      0,00      0,00      0,00      0,00      0,00
22:55:58      ens2np1      0,00      0,00      0,00      0,00      0,00      0,00      0,00      0,00

22:55:58        CPU      %usr     %nice      %sys   %iowait    %steal      %irq     %soft    %guest    %gnice     %idle
22:56:00        all      0,06      0,00      0,06      0,00      0,00      0,00      0,00      0,00      0,00     99,88
22:56:00          0      0,00      0,00      0,00      0,00      0,00      0,00      0,00      0,00      0,00    100,00
22:56:00          1      0,00      0,00      0,00      0,00      0,00      0,00      0,00      0,00      0,00    100,00
22:56:00          2      0,00      0,00      0,00      0,00      0,00      0,00      0,00      0,00      0,00    100,00
22:56:00          3      0,00      0,00      0,00      0,00      0,00      0,00      0,00      0,00      0,00    100,00
22:56:00          4      0,00      0,00      0,00      0,00      0,00      0,00      0,00      0,00      0,00    100,00
22:56:00          5      0,00      0,00      0,00      0,00      0,00      0,00      0,00      0,00      0,00    100,00
22:56:00          6      0,00      0,00      0,00      0,00      0,00      0,00      0,00      0,00      0,00    100,00
22:56:00          7      0,00      0,00      0,50      0,00      0,00      0,00      0,00      0,00      0,00     99,50
22:56:00          8      0,00      0,00      0,50      0,00      0,00      0,00      0,00      0,00      0,00     99,50
22:56:00          9      0,00      0,00      0,00      0,00      0,00      0,00      0,00      0,00      0,00    100,00
22:56:00         10      0,00      0,00      0,00      0,00      0,00      0,00      0,00      0,00      0,00    100,00
22:56:00         11      0,50      0,00      0,00      0,00      0,00      0,00      0,00      0,00      0,00     99,50
22:56:00         12      0,00      0,00      0,00      0,00      0,00      0,00      0,00      0,00      0,00    100,00
22:56:00         13      0,50      0,00      0,00      0,00      0,00      0,00      0,00      0,00      0,00     99,50
22:56:00         14      0,00      0,00      0,00      0,00      0,00      0,00      0,00      0,00      0,00    100,00
22:56:00         15      0,00      0,00      0,00      0,00      0,00      0,00      0,00      0,00      0,00    100,00

22:55:58        IFACE   rxpck/s   txpck/s    rxkB/s    txkB/s   rxcmp/s   txcmp/s  rxmcst/s   %ifutil
22:56:00           lo      0,00      0,00      0,00      0,00      0,00      0,00      0,00      0,00
22:56:00         eno1      4,50      0,50      0,38      0,03      0,00      0,00      1,00      0,00
22:56:00         eno2      0,00      0,00      0,00      0,00      0,00      0,00      0,00      0,00
22:56:00      docker0      0,00      0,00      0,00      0,00      0,00      0,00      0,00      0,00
22:56:00      ens2np0      0,00      0,00      0,00      0,00      0,00      0,00      0,00      0,00
22:56:00      ens2np1      0,00      0,00      0,00      0,00      0,00      0,00      0,00      0,00

22:56:00        CPU      %usr     %nice      %sys   %iowait    %steal      %irq     %soft    %guest    %gnice     %idle
22:56:02        all      0,00      0,00      0,12      0,00      0,00      0,00     16,67      0,00      0,00     83,20
22:56:02          0      0,00      0,00      0,00      0,00      0,00      0,00     63,82      0,00      0,00     36,18
22:56:02          1      0,00      0,00      0,50      0,00      0,00      0,00     63,00      0,00      0,00     36,50
22:56:02          2      0,00      0,00      0,50      0,00      0,00      0,00     63,00      0,00      0,00     36,50
22:56:02          3      0,00      0,00      0,50      0,00      0,00      0,00     63,18      0,00      0,00     36,32
22:56:02          4      0,00      0,00      0,00      0,00      0,00      0,00     14,22      0,00      0,00     85,78
22:56:02          5      0,00      0,00      0,00      0,00      0,00      0,00      0,00      0,00      0,00    100,00
22:56:02          6      0,00      0,00      0,00      0,00      0,00      0,00      0,00      0,00      0,00    100,00
22:56:02          7      0,00      0,00      0,00      0,00      0,00      0,00      0,00      0,00      0,00    100,00
22:56:02          8      0,00      0,00      0,00      0,00      0,00      0,00      0,00      0,00      0,00    100,00
22:56:02          9      0,00      0,00      0,00      0,00      0,00      0,00      0,00      0,00      0,00    100,00
22:56:02         10      0,00      0,00      0,00      0,00      0,00      0,00      0,00      0,00      0,00    100,00
22:56:02         11      0,00      0,00      0,00      0,00      0,00      0,00      0,00      0,00      0,00    100,00
22:56:02         12      0,00      0,00      0,00      0,00      0,00      0,00      0,00      0,00      0,00    100,00
22:56:02         13      0,00      0,00      0,50      0,00      0,00      0,00      0,00      0,00      0,00     99,50
22:56:02         14      0,00      0,00      0,00      0,00      0,00      0,00      0,00      0,00      0,00    100,00
22:56:02         15      0,00      0,00      0,00      0,00      0,00      0,00      0,00      0,00      0,00    100,00

22:56:00        IFACE   rxpck/s   txpck/s    rxkB/s    txkB/s   rxcmp/s   txcmp/s  rxmcst/s   %ifutil
22:56:02           lo      0,00      0,00      0,00      0,00      0,00      0,00      0,00      0,00
22:56:02         eno1      6,50      0,00      0,41      0,00      0,00      0,00      1,00      0,00
22:56:02         eno2      0,00      0,00      0,00      0,00      0,00      0,00      0,00      0,00
22:56:02      docker0      0,00      0,00      0,00      0,00      0,00      0,00      0,00      0,00
22:56:02      ens2np0 5267516,00 5262336,00 637863,27 637236,00      0,00      0,00      0,00     52,25
22:56:02      ens2np1      0,00      0,00      0,00      0,00      0,00      0,00      0,00      0,00

22:56:02        CPU      %usr     %nice      %sys   %iowait    %steal      %irq     %soft    %guest    %gnice     %idle
22:56:04        all      0,00      0,00      0,09      0,00      0,00      0,00     26,38      0,00      0,00     73,53
22:56:04          0      0,00      0,00      0,50      0,00      0,00      0,00     99,50      0,00      0,00      0,00
22:56:04          1      0,00      0,00      0,50      0,00      0,00      0,00     99,50      0,00      0,00      0,00
22:56:04          2      0,00      0,00      0,50      0,00      0,00      0,00     99,50      0,00      0,00      0,00
22:56:04          3      0,00      0,00      0,00      0,00      0,00      0,00    100,00      0,00      0,00      0,00
22:56:04          4      0,00      0,00      0,00      0,00      0,00      0,00     23,95      0,00      0,00     76,05
22:56:04          5      0,00      0,00      0,00      0,00      0,00      0,00      0,00      0,00      0,00    100,00
22:56:04          6      0,00      0,00      0,00      0,00      0,00      0,00      0,00      0,00      0,00    100,00
22:56:04          7      0,00      0,00      0,00      0,00      0,00      0,00      0,00      0,00      0,00    100,00
22:56:04          8      0,00      0,00      0,00      0,00      0,00      0,00      0,00      0,00      0,00    100,00
22:56:04          9      0,00      0,00      0,00      0,00      0,00      0,00      0,00      0,00      0,00    100,00
22:56:04         10      0,00      0,00      0,00      0,00      0,00      0,00      0,00      0,00      0,00    100,00
22:56:04         11      0,00      0,00      0,00      0,00      0,00      0,00      0,00      0,00      0,00    100,00
22:56:04         12      0,00      0,00      0,00      0,00      0,00      0,00      0,00      0,00      0,00    100,00
22:56:04         13      0,00      0,00      0,00      0,00      0,00      0,00      0,00      0,00      0,00    100,00
22:56:04         14      0,00      0,00      0,00      0,00      0,00      0,00      0,00      0,00      0,00    100,00
22:56:04         15      0,00      0,00      0,00      0,00      0,00      0,00      0,00      0,00      0,00    100,00

22:56:02        IFACE   rxpck/s   txpck/s    rxkB/s    txkB/s   rxcmp/s   txcmp/s  rxmcst/s   %ifutil
22:56:04           lo      0,00      0,00      0,00      0,00      0,00      0,00      0,00      0,00
22:56:04         eno1      4,50      0,50      0,28      0,03      0,00      0,00      1,00      0,00
22:56:04         eno2      0,00      0,00      0,00      0,00      0,00      0,00      0,00      0,00
22:56:04      docker0      0,00      0,00      0,00      0,00      0,00      0,00      0,00      0,00
22:56:04      ens2np0 8377496,00 8376320,00 1014462,41 1014320,00      0,00      0,00      0,00     83,10
22:56:04      ens2np1      0,00      0,00      0,00      0,00      0,00      0,00      0,00      0,00

22:56:04        CPU      %usr     %nice      %sys   %iowait    %steal      %irq     %soft    %guest    %gnice     %idle
22:56:06        all      0,49      0,00      0,31      0,03      0,00      0,00     25,85      0,00      0,00     73,31
22:56:06          0      0,00      0,00      1,50      0,00      0,00      0,00     98,50      0,00      0,00      0,00
22:56:06          1      0,00      0,00      0,50      0,00      0,00      0,00     99,50      0,00      0,00      0,00
22:56:06          2      0,00      0,00      0,50      0,00      0,00      0,00     99,50      0,00      0,00      0,00
22:56:06          3      0,00      0,00      1,00      0,00      0,00      0,00     99,00      0,00      0,00      0,00
22:56:06          4      0,81      0,00      0,81      0,00      0,00      0,00     18,70      0,00      0,00     79,67
22:56:06          5      0,50      0,00      0,00      0,00      0,00      0,00      0,00      0,00      0,00     99,50
22:56:06          6      1,00      0,00      0,00      0,50      0,00      0,00      0,00      0,00      0,00     98,51
22:56:06          7      1,00      0,00      0,00      0,00      0,00      0,00      0,00      0,00      0,00     99,00
22:56:06          8      0,50      0,00      0,00      0,00      0,00      0,00      0,00      0,00      0,00     99,50
22:56:06          9      0,50      0,00      0,00      0,00      0,00      0,00      0,00      0,00      0,00     99,50
22:56:06         10      0,50      0,00      0,00      0,00      0,00      0,00      0,00      0,00      0,00     99,50
22:56:06         11      0,50      0,00      0,00      0,00      0,00      0,00      0,00      0,00      0,00     99,50
22:56:06         12      1,00      0,00      0,00      0,00      0,00      0,00      0,00      0,00      0,00     99,00
22:56:06         13      0,00      0,00      0,00      0,00      0,00      0,00      0,00      0,00      0,00    100,00
22:56:06         14      0,50      0,00      0,50      0,00      0,00      0,00      0,00      0,00      0,00     99,00
22:56:06         15      1,00      0,00      0,00      0,00      0,00      0,00      0,00      0,00      0,00     99,00

22:56:04        IFACE   rxpck/s   txpck/s    rxkB/s    txkB/s   rxcmp/s   txcmp/s  rxmcst/s   %ifutil
22:56:06           lo      0,00      0,00      0,00      0,00      0,00      0,00      0,00      0,00
22:56:06         eno1      4,50      0,00      0,28      0,00      0,00      0,00      1,00      0,00
22:56:06         eno2      0,00      0,00      0,00      0,00      0,00      0,00      0,00      0,00
22:56:06      docker0      0,00      0,00      0,00      0,00      0,00      0,00      0,00      0,00
22:56:06      ens2np0 8371158,00 8371200,00 1013694,91 1013700,00      0,00      0,00      0,00     83,04
22:56:06      ens2np1      0,00      0,00      0,00      0,00      0,00      0,00      0,00      0,00

22:56:06        CPU      %usr     %nice      %sys   %iowait    %steal      %irq     %soft    %guest    %gnice     %idle
22:56:08        all      0,00      0,00      0,06      0,03      0,00      0,00     25,76      0,00      0,00     74,15
22:56:08          0      0,00      0,00      0,00      0,00      0,00      0,00    100,00      0,00      0,00      0,00
22:56:08          1      0,00      0,00      0,50      0,00      0,00      0,00     99,50      0,00      0,00      0,00
22:56:08          2      0,00      0,00      0,00      0,00      0,00      0,00    100,00      0,00      0,00      0,00
22:56:08          3      0,00      0,00      0,50      0,00      0,00      0,00     99,50      0,00      0,00      0,00
22:56:08          4      0,00      0,00      0,00      0,00      0,00      0,00     15,32      0,00      0,00     84,68
22:56:08          5      0,00      0,00      0,00      0,00      0,00      0,00      0,00      0,00      0,00    100,00
22:56:08          6      0,00      0,00      0,00      0,00      0,00      0,00      0,00      0,00      0,00    100,00
22:56:08          7      0,00      0,00      0,00      0,50      0,00      0,00      0,00      0,00      0,00     99,50
22:56:08          8      0,00      0,00      0,00      0,00      0,00      0,00      0,00      0,00      0,00    100,00
22:56:08          9      0,00      0,00      0,00      0,00      0,00      0,00      0,00      0,00      0,00    100,00
22:56:08         10      0,00      0,00      0,00      0,00      0,00      0,00      0,00      0,00      0,00    100,00
22:56:08         11      0,00      0,00      0,00      0,00      0,00      0,00      0,00      0,00      0,00    100,00
22:56:08         12      0,00      0,00      0,00      0,00      0,00      0,00      0,00      0,00      0,00    100,00
22:56:08         13      0,00      0,00      0,00      0,00      0,00      0,00      0,00      0,00      0,00    100,00
22:56:08         14      0,00      0,00      0,00      0,00      0,00      0,00      0,00      0,00      0,00    100,00
22:56:08         15      0,00      0,00      0,00      0,00      0,00      0,00      0,00      0,00      0,00    100,00

22:56:06        IFACE   rxpck/s   txpck/s    rxkB/s    txkB/s   rxcmp/s   txcmp/s  rxmcst/s   %ifutil
22:56:08           lo      0,00      0,00      0,00      0,00      0,00      0,00      0,00      0,00
22:56:08         eno1      6,50      0,00      0,41      0,00      0,00      0,00      1,00      0,00
22:56:08         eno2      0,00      0,00      0,00      0,00      0,00      0,00      0,00      0,00
22:56:08      docker0      0,00      0,00      0,00      0,00      0,00      0,00      0,00      0,00
22:56:08      ens2np0 8380475,00 8381440,00 1014823,14 1014940,00      0,00      0,00      0,00     83,14
22:56:08      ens2np1      0,00      0,00      0,00      0,00      0,00      0,00      0,00      0,00

22:56:08        CPU      %usr     %nice      %sys   %iowait    %steal      %irq     %soft    %guest    %gnice     %idle
22:56:10        all      0,06      0,00      0,12      0,00      0,00      0,00     25,50      0,00      0,00     74,31
22:56:10          0      0,00      0,00      0,50      0,00      0,00      0,00     99,50      0,00      0,00      0,00
22:56:10          1      0,00      0,00      1,00      0,00      0,00      0,00     99,00      0,00      0,00      0,00
22:56:10          2      0,00      0,00      0,00      0,00      0,00      0,00    100,00      0,00      0,00      0,00
22:56:10          3      0,00      0,00      0,50      0,00      0,00      0,00     99,50      0,00      0,00      0,00
22:56:10          4      0,00      0,00      0,00      0,00      0,00      0,00     11,89      0,00      0,00     88,11
22:56:10          5      0,00      0,00      0,00      0,00      0,00      0,00      0,00      0,00      0,00    100,00
22:56:10          6      0,00      0,00      0,00      0,00      0,00      0,00      0,00      0,00      0,00    100,00
22:56:10          7      0,00      0,00      0,00      0,00      0,00      0,00      0,00      0,00      0,00    100,00
22:56:10          8      0,00      0,00      0,00      0,00      0,00      0,00      0,00      0,00      0,00    100,00
22:56:10          9      0,00      0,00      0,00      0,00      0,00      0,00      0,00      0,00      0,00    100,00
22:56:10         10      1,00      0,00      0,00      0,00      0,00      0,00      0,00      0,00      0,00     99,00
22:56:10         11      0,00      0,00      0,00      0,00      0,00      0,00      0,00      0,00      0,00    100,00
22:56:10         12      0,00      0,00      0,00      0,00      0,00      0,00      0,00      0,00      0,00    100,00
22:56:10         13      0,00      0,00      0,00      0,00      0,00      0,00      0,00      0,00      0,00    100,00
22:56:10         14      0,00      0,00      0,00      0,00      0,00      0,00      0,00      0,00      0,00    100,00
22:56:10         15      0,00      0,00      0,00      0,00      0,00      0,00      0,00      0,00      0,00    100,00

22:56:08        IFACE   rxpck/s   txpck/s    rxkB/s    txkB/s   rxcmp/s   txcmp/s  rxmcst/s   %ifutil
22:56:10           lo      0,00      0,00      0,00      0,00      0,00      0,00      0,00      0,00
22:56:10         eno1      3,50      0,00      0,28      0,00      0,00      0,00      1,50      0,00
22:56:10         eno2      0,00      0,00      0,00      0,00      0,00      0,00      0,00      0,00
22:56:10      docker0      0,00      0,00      0,00      0,00      0,00      0,00      0,00      0,00
22:56:10      ens2np0 8376289,00 8375296,00 1014316,25 1014196,00      0,00      0,00      0,00     83,09
22:56:10      ens2np1      0,00      0,00      0,00      0,00      0,00      0,00      0,00      0,00

22:56:10        CPU      %usr     %nice      %sys   %iowait    %steal      %irq     %soft    %guest    %gnice     %idle
22:56:12        all      0,03      0,00      0,06      0,00      0,00      0,00     25,70      0,00      0,00     74,20
22:56:12          0      0,00      0,00      0,00      0,00      0,00      0,00    100,00      0,00      0,00      0,00
22:56:12          1      0,00      0,00      0,50      0,00      0,00      0,00     99,50      0,00      0,00      0,00
22:56:12          2      0,00      0,00      0,50      0,00      0,00      0,00     99,50      0,00      0,00      0,00
22:56:12          3      0,00      0,00      0,00      0,00      0,00      0,00    100,00      0,00      0,00      0,00
22:56:12          4      0,00      0,00      0,00      0,00      0,00      0,00     14,22      0,00      0,00     85,78
22:56:12          5      0,00      0,00      0,00      0,00      0,00      0,00      0,00      0,00      0,00    100,00
22:56:12          6      0,00      0,00      0,00      0,00      0,00      0,00      0,00      0,00      0,00    100,00
22:56:12          7      0,50      0,00      0,00      0,00      0,00      0,00      0,00      0,00      0,00     99,50
22:56:12          8      0,00      0,00      0,00      0,00      0,00      0,00      0,00      0,00      0,00    100,00
22:56:12          9      0,00      0,00      0,00      0,00      0,00      0,00      0,00      0,00      0,00    100,00
22:56:12         10      0,00      0,00      0,00      0,00      0,00      0,00      0,00      0,00      0,00    100,00
22:56:12         11      0,00      0,00      0,00      0,00      0,00      0,00      0,00      0,00      0,00    100,00
22:56:12         12      0,00      0,00      0,00      0,00      0,00      0,00      0,00      0,00      0,00    100,00
22:56:12         13      0,00      0,00      0,00      0,00      0,00      0,00      0,00      0,00      0,00    100,00
22:56:12         14      0,00      0,00      0,00      0,00      0,00      0,00      0,00      0,00      0,00    100,00
22:56:12         15      0,00      0,00      0,00      0,00      0,00      0,00      0,00      0,00      0,00    100,00

22:56:10        IFACE   rxpck/s   txpck/s    rxkB/s    txkB/s   rxcmp/s   txcmp/s  rxmcst/s   %ifutil
22:56:12           lo      0,00      0,00      0,00      0,00      0,00      0,00      0,00      0,00
22:56:12         eno1      5,50      0,00      0,35      0,00      0,00      0,00      1,00      0,00
22:56:12         eno2      0,00      0,00      0,00      0,00      0,00      0,00      0,00      0,00
22:56:12      docker0      0,00      0,00      0,00      0,00      0,00      0,00      0,00      0,00
22:56:12      ens2np0 8375259,00 8376320,00 1014191,52 1014320,00      0,00      0,00      0,00     83,09
22:56:12      ens2np1      0,00      0,00      0,00      0,00      0,00      0,00      0,00      0,00

22:56:12        CPU      %usr     %nice      %sys   %iowait    %steal      %irq     %soft    %guest    %gnice     %idle
22:56:14        all      0,03      0,00      0,12      0,00      0,00      0,00     25,67      0,00      0,00     74,17
22:56:14          0      0,00      0,00      0,50      0,00      0,00      0,00     99,50      0,00      0,00      0,00
22:56:14          1      0,00      0,00      1,50      0,00      0,00      0,00     98,50      0,00      0,00      0,00
22:56:14          2      0,00      0,00      0,00      0,00      0,00      0,00    100,00      0,00      0,00      0,00
22:56:14          3      0,00      0,00      0,00      0,00      0,00      0,00    100,00      0,00      0,00      0,00
22:56:14          4      0,00      0,00      0,00      0,00      0,00      0,00     14,59      0,00      0,00     85,41
22:56:14          5      0,50      0,00      0,00      0,00      0,00      0,00      0,00      0,00      0,00     99,50
22:56:14          6      0,00      0,00      0,00      0,00      0,00      0,00      0,00      0,00      0,00    100,00
22:56:14          7      0,00      0,00      0,00      0,00      0,00      0,00      0,00      0,00      0,00    100,00
22:56:14          8      0,00      0,00      0,00      0,00      0,00      0,00      0,00      0,00      0,00    100,00
22:56:14          9      0,00      0,00      0,00      0,00      0,00      0,00      0,00      0,00      0,00    100,00
22:56:14         10      0,00      0,00      0,00      0,00      0,00      0,00      0,00      0,00      0,00    100,00
22:56:14         11      0,00      0,00      0,00      0,00      0,00      0,00      0,00      0,00      0,00    100,00
22:56:14         12      0,00      0,00      0,00      0,00      0,00      0,00      0,00      0,00      0,00    100,00
22:56:14         13      0,00      0,00      0,00      0,00      0,00      0,00      0,00      0,00      0,00    100,00
22:56:14         14      0,00      0,00      0,00      0,00      0,00      0,00      0,00      0,00      0,00    100,00
22:56:14         15      0,00      0,00      0,00      0,00      0,00      0,00      0,00      0,00      0,00    100,00

22:56:12        IFACE   rxpck/s   txpck/s    rxkB/s    txkB/s   rxcmp/s   txcmp/s  rxmcst/s   %ifutil
22:56:14           lo      0,00      0,00      0,00      0,00      0,00      0,00      0,00      0,00
22:56:14         eno1      4,50      0,00      0,28      0,00      0,00      0,00      1,00      0,00
22:56:14         eno2      0,00      0,00      0,00      0,00      0,00      0,00      0,00      0,00
22:56:14      docker0      0,00      0,00      0,00      0,00      0,00      0,00      0,00      0,00
22:56:14      ens2np0 8376801,00 8377344,00 1014378,25 1014444,00      0,00      0,00      0,00     83,10
22:56:14      ens2np1      0,00      0,00      0,00      0,00      0,00      0,00      0,00      0,00

22:56:14        CPU      %usr     %nice      %sys   %iowait    %steal      %irq     %soft    %guest    %gnice     %idle
22:56:16        all      0,56      0,00      0,40      0,00      0,00      0,00     25,51      0,00      0,00     73,53
22:56:16          0      0,00      0,00      0,00      0,00      0,00      0,00    100,00      0,00      0,00      0,00
22:56:16          1      0,00      0,00      1,00      0,00      0,00      0,00     99,00      0,00      0,00      0,00
22:56:16          2      0,00      0,00      0,50      0,00      0,00      0,00     99,50      0,00      0,00      0,00
22:56:16          3      0,00      0,00      0,50      0,00      0,00      0,00     99,50      0,00      0,00      0,00
22:56:16          4      0,86      0,00      0,43      0,00      0,00      0,00     13,36      0,00      0,00     85,34
22:56:16          5      0,50      0,00      0,50      0,00      0,00      0,00      0,00      0,00      0,00     99,00
22:56:16          6      0,50      0,00      0,50      0,00      0,00      0,00      0,00      0,00      0,00     99,00
22:56:16          7      0,50      0,00      0,00      0,00      0,00      0,00      0,00      0,00      0,00     99,50
22:56:16          8      0,50      0,00      0,00      0,00      0,00      0,00      0,00      0,00      0,00     99,50
22:56:16          9      0,50      0,00      0,50      0,00      0,00      0,00      0,00      0,00      0,00     99,00
22:56:16         10      0,50      0,00      0,50      0,00      0,00      0,00      0,00      0,00      0,00     99,00
22:56:16         11      0,50      0,00      0,50      0,00      0,00      0,00      0,00      0,00      0,00     99,00
22:56:16         12      0,50      0,00      0,50      0,00      0,00      0,00      0,00      0,00      0,00     99,00
22:56:16         13      1,00      0,00      0,00      0,00      0,00      0,00      0,00      0,00      0,00     99,00
22:56:16         14      1,99      0,00      0,50      0,00      0,00      0,00      0,00      0,00      0,00     97,51
22:56:16         15      1,00      0,00      0,50      0,00      0,00      0,00      0,00      0,00      0,00     98,50

22:56:14        IFACE   rxpck/s   txpck/s    rxkB/s    txkB/s   rxcmp/s   txcmp/s  rxmcst/s   %ifutil
22:56:16           lo      0,00      0,00      0,00      0,00      0,00      0,00      0,00      0,00
22:56:16         eno1      5,00      0,00      0,31      0,00      0,00      0,00      1,00      0,00
22:56:16         eno2      0,00      0,00      0,00      0,00      0,00      0,00      0,00      0,00
22:56:16      docker0      0,00      0,00      0,00      0,00      0,00      0,00      0,00      0,00
22:56:16      ens2np0 8371155,50 8369152,00 1013694,61 1013452,00      0,00      0,00      0,00     83,04
22:56:16      ens2np1      0,00      0,00      0,00      0,00      0,00      0,00      0,00      0,00

22:56:16        CPU      %usr     %nice      %sys   %iowait    %steal      %irq     %soft    %guest    %gnice     %idle
22:56:18        all      0,00      0,00      0,09      0,00      0,00      0,00     25,53      0,00      0,00     74,38
22:56:18          0      0,00      0,00      0,00      0,00      0,00      0,00    100,00      0,00      0,00      0,00
22:56:18          1      0,00      0,00      0,50      0,00      0,00      0,00     99,50      0,00      0,00      0,00
22:56:18          2      0,00      0,00      0,50      0,00      0,00      0,00     99,50      0,00      0,00      0,00
22:56:18          3      0,00      0,00      0,50      0,00      0,00      0,00     99,50      0,00      0,00      0,00
22:56:18          4      0,00      0,00      0,00      0,00      0,00      0,00     11,16      0,00      0,00     88,84
22:56:18          5      0,00      0,00      0,00      0,00      0,00      0,00      0,00      0,00      0,00    100,00
22:56:18          6      0,00      0,00      0,00      0,00      0,00      0,00      0,00      0,00      0,00    100,00
22:56:18          7      0,00      0,00      0,00      0,00      0,00      0,00      0,00      0,00      0,00    100,00
22:56:18          8      0,00      0,00      0,00      0,00      0,00      0,00      0,00      0,00      0,00    100,00
22:56:18          9      0,00      0,00      0,00      0,00      0,00      0,00      0,00      0,00      0,00    100,00
22:56:18         10      0,00      0,00      0,00      0,00      0,00      0,00      0,00      0,00      0,00    100,00
22:56:18         11      0,00      0,00      0,00      0,00      0,00      0,00      0,00      0,00      0,00    100,00
22:56:18         12      0,00      0,00      0,00      0,00      0,00      0,00      0,00      0,00      0,00    100,00
22:56:18         13      0,00      0,00      0,00      0,00      0,00      0,00      0,00      0,00      0,00    100,00
22:56:18         14      0,00      0,00      0,00      0,00      0,00      0,00      0,00      0,00      0,00    100,00
22:56:18         15      0,00      0,00      0,00      0,00      0,00      0,00      0,00      0,00      0,00    100,00

22:56:16        IFACE   rxpck/s   txpck/s    rxkB/s    txkB/s   rxcmp/s   txcmp/s  rxmcst/s   %ifutil
22:56:18           lo      0,00      0,00      0,00      0,00      0,00      0,00      0,00      0,00
22:56:18         eno1      6,50      0,00      0,41      0,00      0,00      0,00      1,00      0,00
22:56:18         eno2      0,00      0,00      0,00      0,00      0,00      0,00      0,00      0,00
22:56:18      docker0      0,00      0,00      0,00      0,00      0,00      0,00      0,00      0,00
22:56:18      ens2np0 8374205,00 8374272,00 1014063,89 1014072,00      0,00      0,00      0,00     83,07
22:56:18      ens2np1      0,00      0,00      0,00      0,00      0,00      0,00      0,00      0,00

22:56:18        CPU      %usr     %nice      %sys   %iowait    %steal      %irq     %soft    %guest    %gnice     %idle
22:56:20        all      0,00      0,00      0,06      0,00      0,00      0,00     25,72      0,00      0,00     74,22
22:56:20          0      0,00      0,00      0,50      0,00      0,00      0,00     99,50      0,00      0,00      0,00
22:56:20          1      0,00      0,00      0,50      0,00      0,00      0,00     99,50      0,00      0,00      0,00
22:56:20          2      0,00      0,00      0,00      0,00      0,00      0,00    100,00      0,00      0,00      0,00
22:56:20          3      0,00      0,00      0,00      0,00      0,00      0,00    100,00      0,00      0,00      0,00
22:56:20          4      0,00      0,00      0,00      0,00      0,00      0,00     14,59      0,00      0,00     85,41
22:56:20          5      0,00      0,00      0,00      0,00      0,00      0,00      0,00      0,00      0,00    100,00
22:56:20          6      0,00      0,00      0,00      0,00      0,00      0,00      0,00      0,00      0,00    100,00
22:56:20          7      0,00      0,00      0,00      0,00      0,00      0,00      0,00      0,00      0,00    100,00
22:56:20          8      0,00      0,00      0,00      0,00      0,00      0,00      0,00      0,00      0,00    100,00
22:56:20          9      0,00      0,00      0,00      0,00      0,00      0,00      0,00      0,00      0,00    100,00
22:56:20         10      0,00      0,00      0,00      0,00      0,00      0,00      0,00      0,00      0,00    100,00
22:56:20         11      0,00      0,00      0,00      0,00      0,00      0,00      0,00      0,00      0,00    100,00
22:56:20         12      0,00      0,00      0,00      0,00      0,00      0,00      0,00      0,00      0,00    100,00
22:56:20         13      0,00      0,00      0,00      0,00      0,00      0,00      0,00      0,00      0,00    100,00
22:56:20         14      0,00      0,00      0,00      0,00      0,00      0,00      0,00      0,00      0,00    100,00
22:56:20         15      0,00      0,00      0,00      0,00      0,00      0,00      0,00      0,00      0,00    100,00

22:56:18        IFACE   rxpck/s   txpck/s    rxkB/s    txkB/s   rxcmp/s   txcmp/s  rxmcst/s   %ifutil
22:56:20           lo      0,00      0,00      0,00      0,00      0,00      0,00      0,00      0,00
22:56:20         eno1      5,00      0,00      0,31      0,00      0,00      0,00      1,00      0,00
22:56:20         eno2      0,00      0,00      0,00      0,00      0,00      0,00      0,00      0,00
22:56:20      docker0      0,00      0,00      0,00      0,00      0,00      0,00      0,00      0,00
22:56:20      ens2np0 8376886,00 8377344,00 1014388,54 1014444,00      0,00      0,00      0,00     83,10
22:56:20      ens2np1      0,00      0,00      0,00      0,00      0,00      0,00      0,00      0,00

22:56:20        CPU      %usr     %nice      %sys   %iowait    %steal      %irq     %soft    %guest    %gnice     %idle
22:56:22        all      0,00      0,00      0,12      0,00      0,00      0,00     25,48      0,00      0,00     74,40
22:56:22          0      0,00      0,00      0,50      0,00      0,00      0,00     99,50      0,00      0,00      0,00
22:56:22          1      0,00      0,00      0,00      0,00      0,00      0,00    100,00      0,00      0,00      0,00
22:56:22          2      0,00      0,00      1,00      0,00      0,00      0,00     99,00      0,00      0,00      0,00
22:56:22          3      0,00      0,00      0,50      0,00      0,00      0,00     99,50      0,00      0,00      0,00
22:56:22          4      0,00      0,00      0,00      0,00      0,00      0,00     11,50      0,00      0,00     88,50
22:56:22          5      0,00      0,00      0,00      0,00      0,00      0,00      0,00      0,00      0,00    100,00
22:56:22          6      0,00      0,00      0,00      0,00      0,00      0,00      0,00      0,00      0,00    100,00
22:56:22          7      0,00      0,00      0,00      0,00      0,00      0,00      0,00      0,00      0,00    100,00
22:56:22          8      0,00      0,00      0,00      0,00      0,00      0,00      0,00      0,00      0,00    100,00
22:56:22          9      0,00      0,00      0,00      0,00      0,00      0,00      0,00      0,00      0,00    100,00
22:56:22         10      0,00      0,00      0,00      0,00      0,00      0,00      0,00      0,00      0,00    100,00
22:56:22         11      0,00      0,00      0,00      0,00      0,00      0,00      0,00      0,00      0,00    100,00
22:56:22         12      0,00      0,00      0,00      0,00      0,00      0,00      0,00      0,00      0,00    100,00
22:56:22         13      0,00      0,00      0,00      0,00      0,00      0,00      0,00      0,00      0,00    100,00
22:56:22         14      0,00      0,00      0,00      0,00      0,00      0,00      0,00      0,00      0,00    100,00
22:56:22         15      0,00      0,00      0,00      0,00      0,00      0,00      0,00      0,00      0,00    100,00

22:56:20        IFACE   rxpck/s   txpck/s    rxkB/s    txkB/s   rxcmp/s   txcmp/s  rxmcst/s   %ifutil
22:56:22           lo      0,00      0,00      0,00      0,00      0,00      0,00      0,00      0,00
22:56:22         eno1      4,00      0,00      0,25      0,00      0,00      0,00      1,00      0,00
22:56:22         eno2      0,00      0,00      0,00      0,00      0,00      0,00      0,00      0,00
22:56:22      docker0      0,00      0,00      0,00      0,00      0,00      0,00      0,00      0,00
22:56:22      ens2np0 8375973,50 8376320,00 1014278,04 1014320,00      0,00      0,00      0,00     83,09
22:56:22      ens2np1      0,00      0,00      0,00      0,00      0,00      0,00      0,00      0,00

22:56:22        CPU      %usr     %nice      %sys   %iowait    %steal      %irq     %soft    %guest    %gnice     %idle
22:56:24        all      0,00      0,00      0,19      0,00      0,00      0,00     25,54      0,00      0,00     74,27
22:56:24          0      0,00      0,00      0,50      0,00      0,00      0,00     99,50      0,00      0,00      0,00
22:56:24          1      0,00      0,00      0,50      0,00      0,00      0,00     99,50      0,00      0,00      0,00
22:56:24          2      0,00      0,00      1,00      0,00      0,00      0,00     99,00      0,00      0,00      0,00
22:56:24          3      0,00      0,00      0,50      0,00      0,00      0,00     99,50      0,00      0,00      0,00
22:56:24          4      0,00      0,00      0,00      0,00      0,00      0,00     12,72      0,00      0,00     87,28
22:56:24          5      0,00      0,00      0,00      0,00      0,00      0,00      0,00      0,00      0,00    100,00
22:56:24          6      0,00      0,00      0,00      0,00      0,00      0,00      0,00      0,00      0,00    100,00
22:56:24          7      0,00      0,00      0,00      0,00      0,00      0,00      0,00      0,00      0,00    100,00
22:56:24          8      0,00      0,00      0,50      0,00      0,00      0,00      0,00      0,00      0,00     99,50
22:56:24          9      0,00      0,00      0,00      0,00      0,00      0,00      0,00      0,00      0,00    100,00
22:56:24         10      0,00      0,00      0,00      0,00      0,00      0,00      0,00      0,00      0,00    100,00
22:56:24         11      0,00      0,00      0,00      0,00      0,00      0,00      0,00      0,00      0,00    100,00
22:56:24         12      0,00      0,00      0,00      0,00      0,00      0,00      0,00      0,00      0,00    100,00
22:56:24         13      0,00      0,00      0,00      0,00      0,00      0,00      0,00      0,00      0,00    100,00
22:56:24         14      0,00      0,00      0,00      0,00      0,00      0,00      0,00      0,00      0,00    100,00
22:56:24         15      0,00      0,00      0,00      0,00      0,00      0,00      0,00      0,00      0,00    100,00

22:56:22        IFACE   rxpck/s   txpck/s    rxkB/s    txkB/s   rxcmp/s   txcmp/s  rxmcst/s   %ifutil
22:56:24           lo      0,00      0,00      0,00      0,00      0,00      0,00      0,00      0,00
22:56:24         eno1      4,50      0,00      0,28      0,00      0,00      0,00      1,50      0,00
22:56:24         eno2      0,00      0,00      0,00      0,00      0,00      0,00      0,00      0,00
22:56:24      docker0      0,00      0,00      0,00      0,00      0,00      0,00      0,00      0,00
22:56:24      ens2np0 8375457,00 8374272,00 1014215,50 1014072,00      0,00      0,00      0,00     83,08
22:56:24      ens2np1      0,00      0,00      0,00      0,00      0,00      0,00      0,00      0,00

22:56:24        CPU      %usr     %nice      %sys   %iowait    %steal      %irq     %soft    %guest    %gnice     %idle
22:56:26        all      0,46      0,00      0,06      0,00      0,00      0,00     25,57      0,00      0,00     73,90
22:56:26          0      0,00      0,00      0,50      0,00      0,00      0,00     99,50      0,00      0,00      0,00
22:56:26          1      0,00      0,00      0,00      0,00      0,00      0,00    100,00      0,00      0,00      0,00
22:56:26          2      0,00      0,00      0,00      0,00      0,00      0,00    100,00      0,00      0,00      0,00
22:56:26          3      0,00      0,00      0,00      0,00      0,00      0,00    100,00      0,00      0,00      0,00
22:56:26          4      0,44      0,00      0,44      0,00      0,00      0,00     11,50      0,00      0,00     87,61
22:56:26          5      0,50      0,00      0,00      0,00      0,00      0,00      0,00      0,00      0,00     99,50
22:56:26          6      1,00      0,00      0,00      0,00      0,00      0,00      0,00      0,00      0,00     99,00
22:56:26          7      1,00      0,00      0,00      0,00      0,00      0,00      0,00      0,00      0,00     99,00
22:56:26          8      0,50      0,00      0,00      0,00      0,00      0,00      0,00      0,00      0,00     99,50
22:56:26          9      0,50      0,00      0,00      0,00      0,00      0,00      0,00      0,00      0,00     99,50
22:56:26         10      0,50      0,00      0,00      0,00      0,00      0,00      0,00      0,00      0,00     99,50
22:56:26         11      1,00      0,00      0,00      0,00      0,00      0,00      0,00      0,00      0,00     99,00
22:56:26         12      0,50      0,00      0,00      0,00      0,00      0,00      0,00      0,00      0,00     99,50
22:56:26         13      0,00      0,00      0,00      0,00      0,00      0,00      0,00      0,00      0,00    100,00
22:56:26         14      0,50      0,00      0,00      0,00      0,00      0,00      0,00      0,00      0,00     99,50
22:56:26         15      1,00      0,00      0,00      0,00      0,00      0,00      0,00      0,00      0,00     99,00

22:56:24        IFACE   rxpck/s   txpck/s    rxkB/s    txkB/s   rxcmp/s   txcmp/s  rxmcst/s   %ifutil
22:56:26           lo      0,00      0,00      0,00      0,00      0,00      0,00      0,00      0,00
22:56:26         eno1      5,50      0,00      0,35      0,00      0,00      0,00      1,00      0,00
22:56:26         eno2      0,00      0,00      0,00      0,00      0,00      0,00      0,00      0,00
22:56:26      docker0      0,00      0,00      0,00      0,00      0,00      0,00      0,00      0,00
22:56:26      ens2np0 8356081,50 8356864,00 1011869,24 1011964,00      0,00      0,00      0,00     82,90
22:56:26      ens2np1      0,00      0,00      0,00      0,00      0,00      0,00      0,00      0,00

22:56:26        CPU      %usr     %nice      %sys   %iowait    %steal      %irq     %soft    %guest    %gnice     %idle
22:56:28        all      0,00      0,00      0,12      0,00      0,00      0,00     25,54      0,00      0,00     74,33
22:56:28          0      0,00      0,00      0,50      0,00      0,00      0,00     99,50      0,00      0,00      0,00
22:56:28          1      0,00      0,00      1,00      0,00      0,00      0,00     99,00      0,00      0,00      0,00
22:56:28          2      0,00      0,00      0,00      0,00      0,00      0,00    100,00      0,00      0,00      0,00
22:56:28          3      0,00      0,00      0,50      0,00      0,00      0,00     99,50      0,00      0,00      0,00
22:56:28          4      0,00      0,00      0,00      0,00      0,00      0,00     12,33      0,00      0,00     87,67
22:56:28          5      0,00      0,00      0,00      0,00      0,00      0,00      0,00      0,00      0,00    100,00
22:56:28          6      0,00      0,00      0,00      0,00      0,00      0,00      0,00      0,00      0,00    100,00
22:56:28          7      0,00      0,00      0,00      0,00      0,00      0,00      0,00      0,00      0,00    100,00
22:56:28          8      0,00      0,00      0,00      0,00      0,00      0,00      0,00      0,00      0,00    100,00
22:56:28          9      0,00      0,00      0,00      0,00      0,00      0,00      0,00      0,00      0,00    100,00
22:56:28         10      0,00      0,00      0,00      0,00      0,00      0,00      0,00      0,00      0,00    100,00
22:56:28         11      0,00      0,00      0,00      0,00      0,00      0,00      0,00      0,00      0,00    100,00
22:56:28         12      0,00      0,00      0,00      0,00      0,00      0,00      0,00      0,00      0,00    100,00
22:56:28         13      0,00      0,00      0,00      0,00      0,00      0,00      0,00      0,00      0,00    100,00
22:56:28         14      0,00      0,00      0,00      0,00      0,00      0,00      0,00      0,00      0,00    100,00
22:56:28         15      0,00      0,00      0,00      0,00      0,00      0,00      0,00      0,00      0,00    100,00

22:56:26        IFACE   rxpck/s   txpck/s    rxkB/s    txkB/s   rxcmp/s   txcmp/s  rxmcst/s   %ifutil
22:56:28           lo      0,00      0,00      0,00      0,00      0,00      0,00      0,00      0,00
22:56:28         eno1      4,00      0,00      0,25      0,00      0,00      0,00      1,00      0,00
22:56:28         eno2      0,00      0,00      0,00      0,00      0,00      0,00      0,00      0,00
22:56:28      docker0      0,00      0,00      0,00      0,00      0,00      0,00      0,00      0,00
22:56:28      ens2np0 8379742,50 8380416,00 1014734,44 1014816,00      0,00      0,00      0,00     83,13
22:56:28      ens2np1      0,00      0,00      0,00      0,00      0,00      0,00      0,00      0,00

22:56:28        CPU      %usr     %nice      %sys   %iowait    %steal      %irq     %soft    %guest    %gnice     %idle
22:56:30        all      0,00      0,00      0,03      0,00      0,00      0,00     25,74      0,00      0,00     74,23
22:56:30          0      0,00      0,00      0,00      0,00      0,00      0,00    100,00      0,00      0,00      0,00
22:56:30          1      0,00      0,00      0,50      0,00      0,00      0,00     99,50      0,00      0,00      0,00
22:56:30          2      0,00      0,00      0,00      0,00      0,00      0,00    100,00      0,00      0,00      0,00
22:56:30          3      0,00      0,00      0,00      0,00      0,00      0,00    100,00      0,00      0,00      0,00
22:56:30          4      0,00      0,00      0,00      0,00      0,00      0,00     14,22      0,00      0,00     85,78
22:56:30          5      0,00      0,00      0,00      0,00      0,00      0,00      0,00      0,00      0,00    100,00
22:56:30          6      0,00      0,00      0,00      0,00      0,00      0,00      0,00      0,00      0,00    100,00
22:56:30          7      0,00      0,00      0,00      0,00      0,00      0,00      0,00      0,00      0,00    100,00
22:56:30          8      0,00      0,00      0,00      0,00      0,00      0,00      0,00      0,00      0,00    100,00
22:56:30          9      0,00      0,00      0,00      0,00      0,00      0,00      0,00      0,00      0,00    100,00
22:56:30         10      0,00      0,00      0,00      0,00      0,00      0,00      0,00      0,00      0,00    100,00
22:56:30         11      0,00      0,00      0,00      0,00      0,00      0,00      0,00      0,00      0,00    100,00
22:56:30         12      0,00      0,00      0,00      0,00      0,00      0,00      0,00      0,00      0,00    100,00
22:56:30         13      0,00      0,00      0,00      0,00      0,00      0,00      0,00      0,00      0,00    100,00
22:56:30         14      0,00      0,00      0,00      0,00      0,00      0,00      0,00      0,00      0,00    100,00
22:56:30         15      0,00      0,00      0,00      0,00      0,00      0,00      0,00      0,00      0,00    100,00

22:56:28        IFACE   rxpck/s   txpck/s    rxkB/s    txkB/s   rxcmp/s   txcmp/s  rxmcst/s   %ifutil
22:56:30           lo      0,00      0,00      0,00      0,00      0,00      0,00      0,00      0,00
22:56:30         eno1      4,50      0,00      0,28      0,00      0,00      0,00      1,00      0,00
22:56:30         eno2      0,00      0,00      0,00      0,00      0,00      0,00      0,00      0,00
22:56:30      docker0      0,00      0,00      0,00      0,00      0,00      0,00      0,00      0,00
22:56:30      ens2np0 8376760,50 8375296,00 1014373,34 1014196,00      0,00      0,00      0,00     83,10
22:56:30      ens2np1      0,00      0,00      0,00      0,00      0,00      0,00      0,00      0,00

22:56:30        CPU      %usr     %nice      %sys   %iowait    %steal      %irq     %soft    %guest    %gnice     %idle
22:56:32        all      0,00      0,00      0,09      0,00      0,00      0,00     25,73      0,00      0,00     74,18
22:56:32          0      0,00      0,00      1,00      0,00      0,00      0,00     99,00      0,00      0,00      0,00
22:56:32          1      0,00      0,00      0,00      0,00      0,00      0,00    100,00      0,00      0,00      0,00
22:56:32          2      0,00      0,00      0,00      0,00      0,00      0,00    100,00      0,00      0,00      0,00
22:56:32          3      0,00      0,00      0,50      0,00      0,00      0,00     99,50      0,00      0,00      0,00
22:56:32          4      0,00      0,00      0,00      0,00      0,00      0,00     15,32      0,00      0,00     84,68
22:56:32          5      0,00      0,00      0,00      0,00      0,00      0,00      0,00      0,00      0,00    100,00
22:56:32          6      0,00      0,00      0,00      0,00      0,00      0,00      0,00      0,00      0,00    100,00
22:56:32          7      0,00      0,00      0,00      0,00      0,00      0,00      0,00      0,00      0,00    100,00
22:56:32          8      0,00      0,00      0,00      0,00      0,00      0,00      0,00      0,00      0,00    100,00
22:56:32          9      0,00      0,00      0,00      0,00      0,00      0,00      0,00      0,00      0,00    100,00
22:56:32         10      0,00      0,00      0,00      0,00      0,00      0,00      0,00      0,00      0,00    100,00
22:56:32         11      0,00      0,00      0,00      0,00      0,00      0,00      0,00      0,00      0,00    100,00
22:56:32         12      0,00      0,00      0,00      0,00      0,00      0,00      0,00      0,00      0,00    100,00
22:56:32         13      0,00      0,00      0,00      0,00      0,00      0,00      0,00      0,00      0,00    100,00
22:56:32         14      0,00      0,00      0,00      0,00      0,00      0,00      0,00      0,00      0,00    100,00
22:56:32         15      0,00      0,00      0,00      0,00      0,00      0,00      0,00      0,00      0,00    100,00

22:56:30        IFACE   rxpck/s   txpck/s    rxkB/s    txkB/s   rxcmp/s   txcmp/s  rxmcst/s   %ifutil
22:56:32           lo      0,00      0,00      0,00      0,00      0,00      0,00      0,00      0,00
22:56:32         eno1      3,00      0,00      0,19      0,00      0,00      0,00      1,00      0,00
22:56:32         eno2      0,00      0,00      0,00      0,00      0,00      0,00      0,00      0,00
22:56:32      docker0      0,00      0,00      0,00      0,00      0,00      0,00      0,00      0,00
22:56:32      ens2np0 8378129,00 8379392,50 1014539,06 1014692,04      0,00      0,00      0,00     83,12
22:56:32      ens2np1      0,00      0,00      0,00      0,00      0,00      0,00      0,00      0,00

22:56:32        CPU      %usr     %nice      %sys   %iowait    %steal      %irq     %soft    %guest    %gnice     %idle
22:56:34        all      0,00      0,00      0,15      0,00      0,00      0,00     25,75      0,00      0,00     74,10
22:56:34          0      0,00      0,00      1,00      0,00      0,00      0,00     99,00      0,00      0,00      0,00
22:56:34          1      0,00      0,00      1,00      0,00      0,00      0,00     99,00      0,00      0,00      0,00
22:56:34          2      0,00      0,00      0,50      0,00      0,00      0,00     99,50      0,00      0,00      0,00
22:56:34          3      0,00      0,00      0,00      0,00      0,00      0,00    100,00      0,00      0,00      0,00
22:56:34          4      0,00      0,00      0,00      0,00      0,00      0,00     16,32      0,00      0,00     83,68
22:56:34          5      0,00      0,00      0,00      0,00      0,00      0,00      0,00      0,00      0,00    100,00
22:56:34          6      0,00      0,00      0,00      0,00      0,00      0,00      0,00      0,00      0,00    100,00
22:56:34          7      0,00      0,00      0,00      0,00      0,00      0,00      0,00      0,00      0,00    100,00
22:56:34          8      0,00      0,00      0,00      0,00      0,00      0,00      0,00      0,00      0,00    100,00
22:56:34          9      0,00      0,00      0,00      0,00      0,00      0,00      0,00      0,00      0,00    100,00
22:56:34         10      0,00      0,00      0,00      0,00      0,00      0,00      0,00      0,00      0,00    100,00
22:56:34         11      0,00      0,00      0,00      0,00      0,00      0,00      0,00      0,00      0,00    100,00
22:56:34         12      0,00      0,00      0,00      0,00      0,00      0,00      0,00      0,00      0,00    100,00
22:56:34         13      0,00      0,00      0,00      0,00      0,00      0,00      0,00      0,00      0,00    100,00
22:56:34         14      0,00      0,00      0,00      0,00      0,00      0,00      0,00      0,00      0,00    100,00
22:56:34         15      0,00      0,00      0,00      0,00      0,00      0,00      0,00      0,00      0,00    100,00

22:56:32        IFACE   rxpck/s   txpck/s    rxkB/s    txkB/s   rxcmp/s   txcmp/s  rxmcst/s   %ifutil
22:56:34           lo      0,00      0,00      0,00      0,00      0,00      0,00      0,00      0,00
22:56:34         eno1      4,00      0,00      0,25      0,00      0,00      0,00      1,00      0,00
22:56:34         eno2      0,00      0,00      0,00      0,00      0,00      0,00      0,00      0,00
22:56:34      docker0      0,00      0,00      0,00      0,00      0,00      0,00      0,00      0,00
22:56:34      ens2np0 8379120,50 8379392,00 1014659,12 1014692,00      0,00      0,00      0,00     83,12
22:56:34      ens2np1      0,00      0,00      0,00      0,00      0,00      0,00      0,00      0,00

22:56:34        CPU      %usr     %nice      %sys   %iowait    %steal      %irq     %soft    %guest    %gnice     %idle
22:56:36        all      0,00      0,00      0,03      0,00      0,00      0,00     25,91      0,00      0,00     74,06
22:56:36          0      0,00      0,00      0,00      0,00      0,00      0,00    100,00      0,00      0,00      0,00
22:56:36          1      0,00      0,00      0,00      0,00      0,00      0,00    100,00      0,00      0,00      0,00
22:56:36          2      0,00      0,00      0,00      0,00      0,00      0,00    100,00      0,00      0,00      0,00
22:56:36          3      0,00      0,00      0,50      0,00      0,00      0,00     99,50      0,00      0,00      0,00
22:56:36          4      0,00      0,00      0,00      0,00      0,00      0,00     16,39      0,00      0,00     83,61
22:56:36          5      0,00      0,00      0,00      0,00      0,00      0,00      0,00      0,00      0,00    100,00
22:56:36          6      0,00      0,00      0,00      0,00      0,00      0,00      0,00      0,00      0,00    100,00
22:56:36          7      0,00      0,00      0,00      0,00      0,00      0,00      0,00      0,00      0,00    100,00
22:56:36          8      0,00      0,00      0,00      0,00      0,00      0,00      0,00      0,00      0,00    100,00
22:56:36          9      0,00      0,00      0,00      0,00      0,00      0,00      0,00      0,00      0,00    100,00
22:56:36         10      0,00      0,00      0,00      0,00      0,00      0,00      0,00      0,00      0,00    100,00
22:56:36         11      0,00      0,00      0,00      0,00      0,00      0,00      0,00      0,00      0,00    100,00
22:56:36         12      0,00      0,00      0,00      0,00      0,00      0,00      0,00      0,00      0,00    100,00
22:56:36         13      0,00      0,00      0,00      0,00      0,00      0,00      0,00      0,00      0,00    100,00
22:56:36         14      0,00      0,00      0,00      0,00      0,00      0,00      0,00      0,00      0,00    100,00
22:56:36         15      0,00      0,00      0,00      0,00      0,00      0,00      0,00      0,00      0,00    100,00

22:56:34        IFACE   rxpck/s   txpck/s    rxkB/s    txkB/s   rxcmp/s   txcmp/s  rxmcst/s   %ifutil
22:56:36           lo      0,00      0,00      0,00      0,00      0,00      0,00      0,00      0,00
22:56:36         eno1      3,50      0,00      0,22      0,00      0,00      0,00      1,00      0,00
22:56:36         eno2      0,00      0,00      0,00      0,00      0,00      0,00      0,00      0,00
22:56:36      docker0      0,00      0,00      0,00      0,00      0,00      0,00      0,00      0,00
22:56:36      ens2np0 8382241,50 8381440,00 1015037,06 1014940,00      0,00      0,00      0,00     83,15
22:56:36      ens2np1      0,00      0,00      0,00      0,00      0,00      0,00      0,00      0,00

22:56:36        CPU      %usr     %nice      %sys   %iowait    %steal      %irq     %soft    %guest    %gnice     %idle
22:56:38        all      0,37      0,00      0,22      0,00      0,00      0,00     25,50      0,00      0,00     73,91
22:56:38          0      0,00      0,00      0,50      0,00      0,00      0,00     99,50      0,00      0,00      0,00
22:56:38          1      0,00      0,00      0,50      0,00      0,00      0,00     99,50      0,00      0,00      0,00
22:56:38          2      0,00      0,00      0,50      0,00      0,00      0,00     99,50      0,00      0,00      0,00
22:56:38          3      0,00      0,00      0,50      0,00      0,00      0,00     99,50      0,00      0,00      0,00
22:56:38          4      0,89      0,00      0,44      0,00      0,00      0,00     11,11      0,00      0,00     87,56
22:56:38          5      0,50      0,00      0,50      0,00      0,00      0,00      0,00      0,00      0,00     99,00
22:56:38          6      0,50      0,00      0,00      0,00      0,00      0,00      0,00      0,00      0,00     99,50
22:56:38          7      0,00      0,00      0,00      0,00      0,00      0,00      0,00      0,00      0,00    100,00
22:56:38          8      0,50      0,00      0,00      0,00      0,00      0,00      0,00      0,00      0,00     99,50
22:56:38          9      0,00      0,00      0,00      0,00      0,00      0,00      0,00      0,00      0,00    100,00
22:56:38         10      0,50      0,00      0,00      0,00      0,00      0,00      0,00      0,00      0,00     99,50
22:56:38         11      0,50      0,00      0,00      0,00      0,00      0,00      0,00      0,00      0,00     99,50
22:56:38         12      0,00      0,00      0,00      0,00      0,00      0,00      0,00      0,00      0,00    100,00
22:56:38         13      0,00      0,00      0,50      0,00      0,00      0,00      0,00      0,00      0,00     99,50
22:56:38         14      1,51      0,00      0,00      0,00      0,00      0,00      0,00      0,00      0,00     98,49
22:56:38         15      1,00      0,00      0,00      0,00      0,00      0,00      0,00      0,00      0,00     99,00

22:56:36        IFACE   rxpck/s   txpck/s    rxkB/s    txkB/s   rxcmp/s   txcmp/s  rxmcst/s   %ifutil
22:56:38           lo      0,00      0,00      0,00      0,00      0,00      0,00      0,00      0,00
22:56:38         eno1      5,50      0,00      0,35      0,00      0,00      0,00      1,00      0,00
22:56:38         eno2      0,00      0,00      0,00      0,00      0,00      0,00      0,00      0,00
22:56:38      docker0      0,00      0,00      0,00      0,00      0,00      0,00      0,00      0,00
22:56:38      ens2np0 8367617,50 8367104,00 1013266,18 1013204,00      0,00      0,00      0,00     83,01
22:56:38      ens2np1      0,00      0,00      0,00      0,00      0,00      0,00      0,00      0,00

22:56:38        CPU      %usr     %nice      %sys   %iowait    %steal      %irq     %soft    %guest    %gnice     %idle
22:56:40        all      0,00      0,00      0,03      0,00      0,00      0,00     25,67      0,00      0,00     74,30
22:56:40          0      0,00      0,00      0,00      0,00      0,00      0,00    100,00      0,00      0,00      0,00
22:56:40          1      0,00      0,00      0,50      0,00      0,00      0,00     99,50      0,00      0,00      0,00
22:56:40          2      0,00      0,00      0,00      0,00      0,00      0,00    100,00      0,00      0,00      0,00
22:56:40          3      0,00      0,00      0,00      0,00      0,00      0,00    100,00      0,00      0,00      0,00
22:56:40          4      0,00      0,00      0,00      0,00      0,00      0,00     13,48      0,00      0,00     86,52
22:56:40          5      0,00      0,00      0,00      0,00      0,00      0,00      0,00      0,00      0,00    100,00
22:56:40          6      0,00      0,00      0,00      0,00      0,00      0,00      0,00      0,00      0,00    100,00
22:56:40          7      0,00      0,00      0,00      0,00      0,00      0,00      0,00      0,00      0,00    100,00
22:56:40          8      0,00      0,00      0,00      0,00      0,00      0,00      0,00      0,00      0,00    100,00
22:56:40          9      0,00      0,00      0,00      0,00      0,00      0,00      0,00      0,00      0,00    100,00
22:56:40         10      0,00      0,00      0,00      0,00      0,00      0,00      0,00      0,00      0,00    100,00
22:56:40         11      0,00      0,00      0,00      0,00      0,00      0,00      0,00      0,00      0,00    100,00
22:56:40         12      0,00      0,00      0,00      0,00      0,00      0,00      0,00      0,00      0,00    100,00
22:56:40         13      0,00      0,00      0,00      0,00      0,00      0,00      0,00      0,00      0,00    100,00
22:56:40         14      0,00      0,00      0,00      0,00      0,00      0,00      0,00      0,00      0,00    100,00
22:56:40         15      0,00      0,00      0,00      0,00      0,00      0,00      0,00      0,00      0,00    100,00

22:56:38        IFACE   rxpck/s   txpck/s    rxkB/s    txkB/s   rxcmp/s   txcmp/s  rxmcst/s   %ifutil
22:56:40           lo      0,00      0,00      0,00      0,00      0,00      0,00      0,00      0,00
22:56:40         eno1      4,00      0,00      0,25      0,00      0,00      0,00      1,00      0,00
22:56:40         eno2      0,00      0,00      0,00      0,00      0,00      0,00      0,00      0,00
22:56:40      docker0      0,00      0,00      0,00      0,00      0,00      0,00      0,00      0,00
22:56:40      ens2np0 8381435,50 8382464,00 1014939,46 1015064,00      0,00      0,00      0,00     83,15
22:56:40      ens2np1      0,00      0,00      0,00      0,00      0,00      0,00      0,00      0,00

Average:        CPU      %usr     %nice      %sys   %iowait    %steal      %irq     %soft    %guest    %gnice     %idle
Average:        all      0,10      0,00      0,11      0,00      0,00      0,00     20,23      0,00      0,00     79,56
Average:          0      0,02      0,00      0,32      0,00      0,00      0,00     78,24      0,00      0,00     21,42
Average:          1      0,00      0,00      0,44      0,00      0,00      0,00     78,12      0,00      0,00     21,44
Average:          2      0,04      0,00      0,24      0,00      0,00      0,00     78,30      0,00      0,00     21,42
Average:          3      0,00      0,00      0,26      0,00      0,00      0,00     78,30      0,00      0,00     21,44
Average:          4      0,16      0,00      0,11      0,00      0,00      0,00     11,90      0,00      0,00     87,83
Average:          5      0,12      0,00      0,04      0,00      0,00      0,00      0,00      0,00      0,00     99,84
Average:          6      0,12      0,00      0,02      0,02      0,00      0,00      0,00      0,00      0,00     99,84
Average:          7      0,18      0,00      0,02      0,02      0,00      0,00      0,00      0,00      0,00     99,78
Average:          8      0,08      0,00      0,04      0,00      0,00      0,00      0,00      0,00      0,00     99,88
Average:          9      0,06      0,00      0,04      0,00      0,00      0,00      0,00      0,00      0,00     99,90
Average:         10      0,14      0,00      0,02      0,00      0,00      0,00      0,00      0,00      0,00     99,84
Average:         11      0,14      0,00      0,02      0,00      0,00      0,00      0,00      0,00      0,00     99,84
Average:         12      0,12      0,00      0,02      0,00      0,00      0,00      0,00      0,00      0,00     99,86
Average:         13      0,08      0,00      0,04      0,00      0,00      0,00      0,00      0,00      0,00     99,88
Average:         14      0,18      0,00      0,04      0,00      0,00      0,00      0,00      0,00      0,00     99,78
Average:         15      0,18      0,00      0,04      0,00      0,00      0,00      0,00      0,00      0,00     99,78

Average:        IFACE   rxpck/s   txpck/s    rxkB/s    txkB/s   rxcmp/s   txcmp/s  rxmcst/s   %ifutil
Average:           lo      0,00      0,00      0,00      0,00      0,00      0,00      0,00      0,00
Average:         eno1      5,48      0,74      0,44      0,13      0,00      0,00      1,06      0,00
Average:         eno2      0,00      0,00      0,00      0,00      0,00      0,00      0,00      0,00
Average:      docker0      0,00      0,00      0,00      0,00      0,00      0,00      0,00      0,00
Average:      ens2np0 6575991,98 6575759,38 796311,53 796283,36      0,00      0,00      0,00     65,23
Average:      ens2np1      0,00      0,00      0,00      0,00      0,00      0,00      0,00      0,00
