  Time    TX Packets     TX Packet Rate Avg TX Packet Rate    RX Packets     RX Packet Rate Avg RX Packet Rate       Latency mean  Core  Port
 1.000,     15790558,       15760702.18,       15863789.54,            0,              0.00,              0.00,              0.00,    1,    0
 1.500,            0,              0.00,              0.00,            0,              0.00,              0.00,                    0.0000000000,    2,    0
 2.000,     31654808,       15926242.90,       15864060.61,            0,              0.00,              0.00,              0.00,    1,    0
 2.500,            0,              0.00,              0.00,            0,              0.00,              0.00,                    0.0000000000,    2,    0
 3.000,     47517011,       15789879.67,       15863867.90,            0,              0.00,              0.00,              0.00,    1,    0
 3.500,            0,              0.00,              0.00,            0,              0.00,              0.00,                    0.0000000000,    2,    0
 4.000,     63381261,       15781358.41,       15863718.71,            0,              0.00,              0.00,              0.00,    1,    0
 4.500,            0,              0.00,              0.00,            0,              0.00,              0.00,                    0.0000000000,    2,    0
 5.000,     79243464,       15803288.82,       15863528.40,            0,              0.00,              0.00,              0.00,    1,    0
 5.500,            0,              0.00,              0.00,            0,              0.00,              0.00,                    0.0000000000,    2,    0
 6.000,     95105667,       15809391.41,       15863265.10,            0,              0.00,              0.00,              0.00,    1,    0
 6.500,            0,              0.00,              0.00,            0,              0.00,              0.00,                    0.0000000000,    2,    0
 7.000,    110967870,       15849787.07,       15862923.63,            0,              0.00,              0.00,              0.00,    1,    0
 7.500,            0,              0.00,              0.00,            0,              0.00,              0.00,                    0.0000000000,    2,    0
 8.000,    126825979,       15864527.63,       15862527.31,            0,              0.00,              0.00,              0.00,    1,    0
 8.500,            0,              0.00,              0.00,            0,              0.00,              0.00,                    0.0000000000,    2,    0
 9.000,    142686135,       15761915.77,       15862153.20,            0,              0.00,              0.00,              0.00,    1,    0
 9.500,            0,              0.00,              0.00,            0,              0.00,              0.00,                    0.0000000000,    2,    0
10.000,    158544244,       15881759.64,       15861764.57,            0,              0.00,              0.00,              0.00,    1,    0
10.500,            0,              0.00,              0.00,            0,              0.00,              0.00,                    0.0000000000,    2,    0
11.000,    174402353,       15947378.46,       15861459.52,            0,              0.00,              0.00,              0.00,    1,    0
11.500,            0,              0.00,              0.00,            0,              0.00,              0.00,                    0.0000000000,    2,    0
12.000,    190260462,       15858382.40,       15861247.69,            0,              0.00,              0.00,              0.00,    1,    0
12.500,            0,              0.00,              0.00,            0,              0.00,              0.00,                    0.0000000000,    2,    0
13.000,    206120618,       15852241.93,       15861046.01,            0,              0.00,              0.00,              0.00,    1,    0
13.500,            0,              0.00,              0.00,            0,              0.00,              0.00,                    0.0000000000,    2,    0
14.000,    221978727,       15817942.97,       15860835.68,            0,              0.00,              0.00,              0.00,    1,    0
14.500,            0,              0.00,              0.00,            0,              0.00,              0.00,                    0.0000000000,    2,    0
15.000,    237836836,       15941126.08,       15860642.18,            0,              0.00,              0.00,              0.00,    1,    0
15.500,            0,              0.00,              0.00,            0,              0.00,              0.00,                    0.0000000000,    2,    0
16.000,    253692898,       15851014.40,       15860385.11,            0,              0.00,              0.00,              0.00,    1,    0
16.500,            0,              0.00,              0.00,            0,              0.00,              0.00,                    0.0000000000,    2,    0
17.000,    269548960,       15925003.89,       15860137.25,            0,              0.00,              0.00,              0.00,    1,    0
17.500,            0,              0.00,              0.00,            0,              0.00,              0.00,                    0.0000000000,    2,    0
18.000,    285405022,       15820387.98,       15859934.84,            0,              0.00,              0.00,              0.00,    1,    0
18.500,            0,              0.00,              0.00,            0,              0.00,              0.00,                    0.0000000000,    2,    0
19.000,    301263131,       15712311.94,       15859778.61,            0,              0.00,              0.00,              0.00,    1,    0
19.500,            0,              0.00,              0.00,            0,              0.00,              0.00,                    0.0000000000,    2,    0
20.000,    317119193,       15810612.50,       15859616.77,            0,              0.00,              0.00,              0.00,    1,    0
20.500,            0,              0.00,              0.00,            0,              0.00,              0.00,                    0.0000000000,    2,    0
21.000,    332975255,       15967238.69,       15859489.30,            0,              0.00,              0.00,              0.00,    1,    0
21.500,            0,              0.00,              0.00,            0,              0.00,              0.00,                    0.0000000000,    2,    0
22.000,    348831317,       15897794.35,       15859358.08,            0,              0.00,              0.00,              0.00,    1,    0
22.500,            0,              0.00,              0.00,            0,              0.00,              0.00,                    0.0000000000,    2,    0
23.000,    364689426,       15731632.33,       15859259.01,            0,              0.00,              0.00,              0.00,    1,    0
23.500,            0,              0.00,              0.00,            0,              0.00,              0.00,                    0.0000000000,    2,    0
24.000,    380547535,       15969730.07,       15859198.32,            0,              0.00,              0.00,              0.00,    1,    0
24.500,            0,              0.00,              0.00,            0,              0.00,              0.00,                    0.0000000000,    2,    0
25.000,    396405644,       15956037.10,       15859142.59,            0,              0.00,              0.00,              0.00,    1,    0
25.500,            0,              0.00,              0.00,            0,              0.00,              0.00,                    0.0000000000,    2,    0
26.000,    412261706,       15921288.02,       15859061.14,            0,              0.00,              0.00,              0.00,    1,    0
26.500,            0,              0.00,              0.00,            0,              0.00,              0.00,                    0.0000000000,    2,    0
27.000,    428119815,       15821610.76,       15858999.43,            0,              0.00,              0.00,              0.00,    1,    0
27.500,            0,              0.00,              0.00,            0,              0.00,              0.00,                    0.0000000000,    2,    0
28.000,    443975877,       15892857.15,       15858894.70,            0,              0.00,              0.00,              0.00,    1,    0
28.500,            0,              0.00,              0.00,            0,              0.00,              0.00,                    0.0000000000,    2,    0
29.000,    459833986,       15895325.36,       15858851.37,            0,              0.00,              0.00,              0.00,    1,    0
29.500,            0,              0.00,              0.00,            0,              0.00,              0.00,                    0.0000000000,    2,    0
30.000,    475690048,       15961013.65,       15858809.37,            0,              0.00,              0.00,              0.00,    1,    0
30.500,            0,              0.00,              0.00,            0,              0.00,              0.00,                    0.0000000000,    2,    0
31.000,    491548157,       15916336.20,       15858777.44,            0,              0.00,              0.00,              0.00,    1,    0
31.500,            0,              0.00,              0.00,            0,              0.00,              0.00,                    0.0000000000,    2,    0
32.000,    507406266,       15814319.02,       15858737.89,            0,              0.00,              0.00,              0.00,    1,    0
32.500,            0,              0.00,              0.00,            0,              0.00,              0.00,                    0.0000000000,    2,    0
33.000,    523264375,       15900264.10,       15858713.87,            0,              0.00,              0.00,              0.00,    1,    0
33.500,            0,              0.00,              0.00,            0,              0.00,              0.00,                    0.0000000000,    2,    0
34.000,    539122484,       15892857.14,       15858681.96,            0,              0.00,              0.00,              0.00,    1,    0
34.500,            0,              0.00,              0.00,            0,              0.00,              0.00,                    0.0000000000,    2,    0
35.000,    554980593,       15886689.95,       15858682.38,            0,              0.00,              0.00,              0.00,    1,    0
35.500,            0,              0.00,              0.00,            0,              0.00,              0.00,                    0.0000000000,    2,    0
36.000,    570838702,       15895325.36,       15858676.83,            0,              0.00,              0.00,              0.00,    1,    0
36.500,            0,              0.00,              0.00,            0,              0.00,              0.00,                    0.0000000000,    2,    0
37.000,    586696811,       15858382.40,       15858665.18,            0,              0.00,              0.00,              0.00,    1,    0
37.500,            0,              0.00,              0.00,            0,              0.00,              0.00,                    0.0000000000,    2,    0
38.000,    602556967,       15782575.18,       15858672.40,            0,              0.00,              0.00,              0.00,    1,    0
38.500,            0,              0.00,              0.00,            0,              0.00,              0.00,                    0.0000000000,    2,    0
39.000,    618415076,       15757062.58,       15858678.06,            0,              0.00,              0.00,              0.00,    1,    0
39.500,            0,              0.00,              0.00,            0,              0.00,              0.00,                    0.0000000000,    2,    0
40.000,    634273185,       15921288.01,       15858662.31,            0,              0.00,              0.00,              0.00,    1,    0
40.500,            0,              0.00,              0.00,            0,              0.00,              0.00,                    0.0000000000,    2,    0
41.000,    650131294,       15884224.42,       15858670.69,            0,              0.00,              0.00,              0.00,    1,    0
41.500,            0,              0.00,              0.00,            0,              0.00,              0.00,                    0.0000000000,    2,    0
42.000,    665991450,       15854739.89,       15858676.04,            0,              0.00,              0.00,              0.00,    1,    0
42.500,            0,              0.00,              0.00,            0,              0.00,              0.00,                    0.0000000000,    2,    0
43.000,    681849559,       15782575.18,       15858682.90,            0,              0.00,              0.00,              0.00,    1,    0
43.500,            0,              0.00,              0.00,            0,              0.00,              0.00,                    0.0000000000,    2,    0
44.000,    697709715,       15903970.16,       15858691.37,            0,              0.00,              0.00,              0.00,    1,    0
44.500,            0,              0.00,              0.00,            0,              0.00,              0.00,                    0.0000000000,    2,    0
45.000,    713567824,       15956037.10,       15858684.98,            0,              0.00,              0.00,              0.00,    1,    0
45.500,            0,              0.00,              0.00,            0,              0.00,              0.00,                    0.0000000000,    2,    0
46.000,    729425933,       15824056.89,       15858676.25,            0,              0.00,              0.00,              0.00,    1,    0
46.500,            0,              0.00,              0.00,            0,              0.00,              0.00,                    0.0000000000,    2,    0
47.000,    745284042,       15839975.23,       15858676.28,            0,              0.00,              0.00,              0.00,    1,    0
47.500,            0,              0.00,              0.00,            0,              0.00,              0.00,                    0.0000000000,    2,    0
48.000,    761142151,       15846106.21,       15858672.96,            0,              0.00,              0.00,              0.00,    1,    0
48.500,            0,              0.00,              0.00,            0,              0.00,              0.00,                    0.0000000000,    2,    0
49.000,    777000260,       15789879.67,       15858668.37,            0,              0.00,              0.00,              0.00,    1,    0
49.500,            0,              0.00,              0.00,            0,              0.00,              0.00,                    0.0000000000,    2,    0
50.000,    792860416,       15831399.84,       15858668.30,            0,              0.00,              0.00,              0.00,    1,    0
50.500,            0,              0.00,              0.00,            0,              0.00,              0.00,                    0.0000000000,    2,    0
51.000,    808718525,       15838749.62,       15858663.79,            0,              0.00,              0.00,              0.00,    1,    0
51.500,            0,              0.00,              0.00,            0,              0.00,              0.00,                    0.0000000000,    2,    0
52.000,    824576634,       16013455.37,       15858650.62,            0,              0.00,              0.00,              0.00,    1,    0
52.500,            0,              0.00,              0.00,            0,              0.00,              0.00,                    0.0000000000,    2,    0
53.000,    840434743,       15776493.26,       15858651.46,            0,              0.00,              0.00,              0.00,    1,    0
53.500,            0,              0.00,              0.00,            0,              0.00,              0.00,                    0.0000000000,    2,    0
54.000,    856292852,       15766771.93,       15858655.89,            0,              0.00,              0.00,              0.00,    1,    0
54.500,            0,              0.00,              0.00,            0,              0.00,              0.00,                    0.0000000000,    2,    0
55.000,    872153008,       16113035.27,       15858648.17,            0,              0.00,              0.00,              0.00,    1,    0
55.500,            0,              0.00,              0.00,            0,              0.00,              0.00,                    0.0000000000,    2,    0
56.000,    888011117,       15777709.27,       15858641.56,            0,              0.00,              0.00,              0.00,    1,    0
56.500,            0,              0.00,              0.00,            0,              0.00,              0.00,                    0.0000000000,    2,    0
57.000,    903869226,       15953550.00,       15858633.70,            0,              0.00,              0.00,              0.00,    1,    0
57.500,            0,              0.00,              0.00,            0,              0.00,              0.00,                    0.0000000000,    2,    0
58.000,    919727335,       15817942.97,       15858627.53,            0,              0.00,              0.00,              0.00,    1,    0
58.500,            0,              0.00,              0.00,            0,              0.00,              0.00,                    0.0000000000,    2,    0
59.000,    935585444,       15816720.76,       15858623.24,            0,              0.00,              0.00,              0.00,    1,    0
59.500,            0,              0.00,              0.00,            0,              0.00,              0.00,                    0.0000000000,    2,    0
60.000,    951443553,       15791097.74,       15858626.27,            0,              0.00,              0.00,              0.00,    1,    0
