  Time    TX Packets     TX Packet Rate Avg TX Packet Rate    RX Packets     RX Packet Rate Avg RX Packet Rate       Latency mean  Core  Port
 1.000,      3584297,        3641247.31,        3653041.25,            0,              0.00,              0.00,              0.00,    1,    0
 1.500,            0,              0.00,              0.00,            0,              0.00,              0.00,              0.00,    2,    0
 2.000,      7234098,        3635233.53,        3651411.15,            0,              0.00,              0.00,              0.00,    1,    0
 2.500,            0,              0.00,              0.00,            0,              0.00,              0.00,              0.00,    2,    0
 3.001,     10883899,        3637623.73,        3650565.02,            0,              0.00,              0.00,              0.00,    1,    0
 3.500,            0,              0.00,              0.00,            0,              0.00,              0.00,              0.00,    2,    0
 4.000,     14529606,        3648906.40,        3649775.82,            0,              0.00,              0.00,              0.00,    1,    0
 4.500,            0,              0.00,              0.00,            0,              0.00,              0.00,              0.00,    2,    0
 5.000,     18175313,        3631621.90,        3648994.50,            0,              0.00,              0.00,              0.00,    1,    0
 5.500,            0,              0.00,              0.00,            0,              0.00,              0.00,              0.00,    2,    0
 6.000,     21821020,        3659474.05,        3648384.16,            0,              0.00,              0.00,              0.00,    1,    0
 6.500,            0,              0.00,              0.00,            0,              0.00,              0.00,              0.00,    2,    0
 7.000,     25466727,        3651575.15,        3647866.41,            0,              0.00,              0.00,              0.00,    1,    0
 7.500,            0,              0.00,              0.00,            0,              0.00,              0.00,              0.00,    2,    0
 8.000,     29110387,        3630269.39,        3647435.28,            0,              0.00,              0.00,              0.00,    1,    0
 8.500,            0,              0.00,              0.00,            0,              0.00,              0.00,              0.00,    2,    0
 9.000,     32754047,        3620061.54,        3647074.35,            0,              0.00,              0.00,              0.00,    1,    0
 9.500,            0,              0.00,              0.00,            0,              0.00,              0.00,              0.00,    2,    0
10.000,     36399754,        3641117.77,        3646791.33,            0,              0.00,              0.00,              0.00,    1,    0
10.500,            0,              0.00,              0.00,            0,              0.00,              0.00,              0.00,    2,    0
11.000,     40043414,        3651119.24,        3646565.68,            0,              0.00,              0.00,              0.00,    1,    0
11.500,            0,              0.00,              0.00,            0,              0.00,              0.00,              0.00,    2,    0
12.000,     43687074,        3628917.88,        3646317.25,            0,              0.00,              0.00,              0.00,    1,    0
12.500,            0,              0.00,              0.00,            0,              0.00,              0.00,              0.00,    2,    0
13.000,     47330734,        3654182.58,        3646114.59,            0,              0.00,              0.00,              0.00,    1,    0
13.500,            0,              0.00,              0.00,            0,              0.00,              0.00,              0.00,    2,    0
14.000,     50974394,        3636331.34,        3645956.68,            0,              0.00,              0.00,              0.00,    1,    0
14.500,            0,              0.00,              0.00,            0,              0.00,              0.00,              0.00,    2,    0
15.000,     54618054,        3640470.22,        3645809.06,            0,              0.00,              0.00,              0.00,    1,    0
15.500,            0,              0.00,              0.00,            0,              0.00,              0.00,              0.00,    2,    0
16.000,     58261714,        3636266.74,        3645684.87,            0,              0.00,              0.00,              0.00,    1,    0
16.500,            0,              0.00,              0.00,            0,              0.00,              0.00,              0.00,    2,    0
17.000,     61905374,        3649687.09,        3645585.03,            0,              0.00,              0.00,              0.00,    1,    0
17.500,            0,              0.00,              0.00,            0,              0.00,              0.00,              0.00,    2,    0
18.000,     65549034,        3656663.09,        3645483.24,            0,              0.00,              0.00,              0.00,    1,    0
18.500,            0,              0.00,              0.00,            0,              0.00,              0.00,              0.00,    2,    0
19.000,     69194741,        3668524.53,        3645419.07,            0,              0.00,              0.00,              0.00,    1,    0
19.500,            0,              0.00,              0.00,            0,              0.00,              0.00,              0.00,    2,    0
20.000,     72838401,        3652748.04,        3645338.35,            0,              0.00,              0.00,              0.00,    1,    0
20.500,            0,              0.00,              0.00,            0,              0.00,              0.00,              0.00,    2,    0
21.000,     76482061,        3636137.56,        3645271.10,            0,              0.00,              0.00,              0.00,    1,    0
21.500,            0,              0.00,              0.00,            0,              0.00,              0.00,              0.00,    2,    0
22.000,     80125721,        3641506.41,        3645175.63,            0,              0.00,              0.00,              0.00,    1,    0
22.500,            0,              0.00,              0.00,            0,              0.00,              0.00,              0.00,    2,    0
23.000,     83767334,        3636589.74,        3645077.45,            0,              0.00,              0.00,              0.00,    1,    0
23.500,            0,              0.00,              0.00,            0,              0.00,              0.00,              0.00,    2,    0
24.001,     87410994,        3642543.20,        3644951.29,            0,              0.00,              0.00,              0.00,    1,    0
24.500,            0,              0.00,              0.00,            0,              0.00,              0.00,              0.00,    2,    0
25.000,     91052607,        3618589.69,        3644839.79,            0,              0.00,              0.00,              0.00,    1,    0
25.500,            0,              0.00,              0.00,            0,              0.00,              0.00,              0.00,    2,    0
26.000,     94694220,        3639954.58,        3644723.48,            0,              0.00,              0.00,              0.00,    1,    0
26.500,            0,              0.00,              0.00,            0,              0.00,              0.00,              0.00,    2,    0
27.000,     98335833,        3661306.77,        3644620.97,            0,              0.00,              0.00,              0.00,    1,    0
27.500,            0,              0.00,              0.00,            0,              0.00,              0.00,              0.00,    2,    0
28.000,    101977446,        3648061.02,        3644521.13,            0,              0.00,              0.00,              0.00,    1,    0
28.500,            0,              0.00,              0.00,            0,              0.00,              0.00,              0.00,    2,    0
29.000,    105619059,        3616671.67,        3644409.86,            0,              0.00,              0.00,              0.00,    1,    0
29.500,            0,              0.00,              0.00,            0,              0.00,              0.00,              0.00,    2,    0
30.000,    109260672,        3642413.57,        3644314.48,            0,              0.00,              0.00,              0.00,    1,    0
30.500,            0,              0.00,              0.00,            0,              0.00,              0.00,              0.00,    2,    0
31.000,    112900238,        3638658.30,        3644182.79,            0,              0.00,              0.00,              0.00,    1,    0
31.500,            0,              0.00,              0.00,            0,              0.00,              0.00,              0.00,    2,    0
32.000,    116541851,        3636718.96,        3644058.35,            0,              0.00,              0.00,              0.00,    1,    0
32.500,            0,              0.00,              0.00,            0,              0.00,              0.00,              0.00,    2,    0
33.000,    120181417,        3649296.70,        3643925.38,            0,              0.00,              0.00,              0.00,    1,    0
33.500,            0,              0.00,              0.00,            0,              0.00,              0.00,              0.00,    2,    0
34.000,    123820983,        3622816.49,        3643797.08,            0,              0.00,              0.00,              0.00,    1,    0
34.500,            0,              0.00,              0.00,            0,              0.00,              0.00,              0.00,    2,    0
35.000,    127460549,        3658035.35,        3643676.44,            0,              0.00,              0.00,              0.00,    1,    0
35.500,            0,              0.00,              0.00,            0,              0.00,              0.00,              0.00,    2,    0
36.000,    131100115,        3649752.17,        3643570.49,            0,              0.00,              0.00,              0.00,    1,    0
36.500,            0,              0.00,              0.00,            0,              0.00,              0.00,              0.00,    2,    0
37.000,    134739681,        3630398.16,        3643477.14,            0,              0.00,              0.00,              0.00,    1,    0
37.500,            0,              0.00,              0.00,            0,              0.00,              0.00,              0.00,    2,    0
38.000,    138379247,        3621598.67,        3643383.02,            0,              0.00,              0.00,              0.00,    1,    0
38.500,            0,              0.00,              0.00,            0,              0.00,              0.00,              0.00,    2,    0
39.001,    142020860,        3633362.32,        3643295.38,            0,              0.00,              0.00,              0.00,    1,    0
39.500,            0,              0.00,              0.00,            0,              0.00,              0.00,              0.00,    2,    0
40.000,    145660426,        3617055.11,        3643221.77,            0,              0.00,              0.00,              0.00,    1,    0
40.500,            0,              0.00,              0.00,            0,              0.00,              0.00,              0.00,    2,    0
41.000,    149299992,        3645010.16,        3643151.70,            0,              0.00,              0.00,              0.00,    1,    0
41.500,            0,              0.00,              0.00,            0,              0.00,              0.00,              0.00,    2,    0
42.000,    152941605,        3658885.35,        3643081.63,            0,              0.00,              0.00,              0.00,    1,    0
42.500,            0,              0.00,              0.00,            0,              0.00,              0.00,              0.00,    2,    0
43.000,    156581171,        3603936.69,        3643007.67,            0,              0.00,              0.00,              0.00,    1,    0
43.500,            0,              0.00,              0.00,            0,              0.00,              0.00,              0.00,    2,    0
44.000,    160220737,        3639628.75,        3642932.63,            0,              0.00,              0.00,              0.00,    1,    0
44.500,            0,              0.00,              0.00,            0,              0.00,              0.00,              0.00,    2,    0
45.000,    163860303,        3645916.82,        3642866.12,            0,              0.00,              0.00,              0.00,    1,    0
45.500,            0,              0.00,              0.00,            0,              0.00,              0.00,              0.00,    2,    0
46.000,    167499869,        3652096.34,        3642809.99,            0,              0.00,              0.00,              0.00,    1,    0
46.500,            0,              0.00,              0.00,            0,              0.00,              0.00,              0.00,    2,    0
47.001,    171141482,        3635233.53,        3642750.21,            0,              0.00,              0.00,              0.00,    1,    0
47.500,            0,              0.00,              0.00,            0,              0.00,              0.00,              0.00,    2,    0
48.000,    174781048,        3638270.27,        3642698.95,            0,              0.00,              0.00,              0.00,    1,    0
48.500,            0,              0.00,              0.00,            0,              0.00,              0.00,              0.00,    2,    0
49.000,    178420614,        3647021.10,        3642647.48,            0,              0.00,              0.00,              0.00,    1,    0
49.500,            0,              0.00,              0.00,            0,              0.00,              0.00,              0.00,    2,    0
50.001,    182062227,        3626731.87,        3642599.17,            0,              0.00,              0.00,              0.00,    1,    0
50.500,            0,              0.00,              0.00,            0,              0.00,              0.00,              0.00,    2,    0
51.000,    185701793,        3657708.53,        3642563.20,            0,              0.00,              0.00,              0.00,    1,    0
51.500,            0,              0.00,              0.00,            0,              0.00,              0.00,              0.00,    2,    0
52.000,    189343406,        3645267.56,        3642528.17,            0,              0.00,              0.00,              0.00,    1,    0
52.500,            0,              0.00,              0.00,            0,              0.00,              0.00,              0.00,    2,    0
53.000,    192982972,        3647216.04,        3642494.99,            0,              0.00,              0.00,              0.00,    1,    0
53.500,            0,              0.00,              0.00,            0,              0.00,              0.00,              0.00,    2,    0
54.000,    196624585,        3612905.50,        3642467.35,            0,              0.00,              0.00,              0.00,    1,    0
54.500,            0,              0.00,              0.00,            0,              0.00,              0.00,              0.00,    2,    0
55.000,    200266198,        3643256.33,        3642444.03,            0,              0.00,              0.00,              0.00,    1,    0
55.500,            0,              0.00,              0.00,            0,              0.00,              0.00,              0.00,    2,    0
56.000,    203905764,        3651379.75,        3642413.85,            0,              0.00,              0.00,              0.00,    1,    0
56.500,            0,              0.00,              0.00,            0,              0.00,              0.00,              0.00,    2,    0
57.000,    207547377,        3634717.14,        3642391.25,            0,              0.00,              0.00,              0.00,    1,    0
57.500,            0,              0.00,              0.00,            0,              0.00,              0.00,              0.00,    2,    0
58.000,    211188990,        3647996.01,        3642368.30,            0,              0.00,              0.00,              0.00,    1,    0
58.500,            0,              0.00,              0.00,            0,              0.00,              0.00,              0.00,    2,    0
59.000,    214828556,        3621150.21,        3642337.97,            0,              0.00,              0.00,              0.00,    1,    0
59.500,            0,              0.00,              0.00,            0,              0.00,              0.00,              0.00,    2,    0
60.000,    218470169,        3649817.24,        3642310.32,            0,              0.00,              0.00,              0.00,    1,    0
