  Time    TX Packets     TX Packet Rate Avg TX Packet Rate    RX Packets     RX Packet Rate Avg RX Packet Rate  Core  Port
 1.000,      3584297,        3651966.03,        3652883.39,            0,              0.00,              0.00,    1,    0
 1.500,            0,              0.00,              0.00,            0,              0.00,              0.00,    2,    0
 2.000,      7234098,        3643191.48,        3651454.85,            0,              0.00,              0.00,    1,    0
 2.500,            0,              0.00,              0.00,            0,              0.00,              0.00,    2,    0
 3.000,     10881852,        3649491.89,        3650180.02,            0,              0.00,              0.00,    1,    0
 3.500,            0,              0.00,              0.00,            0,              0.00,              0.00,    2,    0
 4.000,     14527559,        3650077.57,        3649165.61,            0,              0.00,              0.00,    1,    0
 4.500,            0,              0.00,              0.00,            0,              0.00,              0.00,    2,    0
 5.000,     18173266,        3630398.16,        3648362.41,            0,              0.00,              0.00,    1,    0
 5.500,            0,              0.00,              0.00,            0,              0.00,              0.00,    2,    0
 6.000,     21816926,        3645202.65,        3647692.18,            0,              0.00,              0.00,    1,    0
 6.500,            0,              0.00,              0.00,            0,              0.00,              0.00,    2,    0
 7.000,     25460586,        3636331.34,        3647099.86,            0,              0.00,              0.00,    1,    0
 7.500,            0,              0.00,              0.00,            0,              0.00,              0.00,    2,    0
 8.000,     29104246,        3653334.76,        3646597.73,            0,              0.00,              0.00,    1,    0
 8.500,            0,              0.00,              0.00,            0,              0.00,              0.00,    2,    0
 9.001,     32747906,        3632717.53,        3646165.64,            0,              0.00,              0.00,    1,    0
 9.500,            0,              0.00,              0.00,            0,              0.00,              0.00,    2,    0
10.000,     36389519,        3626796.13,        3645847.71,            0,              0.00,              0.00,    1,    0
10.500,            0,              0.00,              0.00,            0,              0.00,              0.00,    2,    0
11.000,     40033179,        3624933.59,        3645601.33,            0,              0.00,              0.00,    1,    0
11.500,            0,              0.00,              0.00,            0,              0.00,              0.00,    2,    0
12.000,     43674792,        3665568.37,        3645348.47,            0,              0.00,              0.00,    1,    0
12.500,            0,              0.00,              0.00,            0,              0.00,              0.00,    2,    0
13.000,     47318452,        3659999.75,        3645147.65,            0,              0.00,              0.00,    1,    0
13.500,            0,              0.00,              0.00,            0,              0.00,              0.00,    2,    0
14.000,     50960065,        3630269.39,        3644952.93,            0,              0.00,              0.00,    1,    0
14.500,            0,              0.00,              0.00,            0,              0.00,              0.00,    2,    0
15.000,     54601678,        3648711.28,        3644745.43,            0,              0.00,              0.00,    1,    0
15.500,            0,              0.00,              0.00,            0,              0.00,              0.00,    2,    0
16.000,     58245338,        3638334.93,        3644576.58,            0,              0.00,              0.00,    1,    0
16.500,            0,              0.00,              0.00,            0,              0.00,              0.00,    2,    0
17.000,     61886951,        3616735.57,        3644409.17,            0,              0.00,              0.00,    1,    0
17.500,            0,              0.00,              0.00,            0,              0.00,              0.00,    2,    0
18.000,     65528564,        3630913.32,        3644280.03,            0,              0.00,              0.00,    1,    0
18.500,            0,              0.00,              0.00,            0,              0.00,              0.00,    2,    0
19.000,     69170177,        3626539.11,        3644179.05,            0,              0.00,              0.00,    1,    0
19.500,            0,              0.00,              0.00,            0,              0.00,              0.00,    2,    0
20.000,     72813837,        3654247.82,        3644088.46,            0,              0.00,              0.00,    1,    0
20.500,            0,              0.00,              0.00,            0,              0.00,              0.00,    2,    0
21.000,     76455450,        3632975.42,        3643976.27,            0,              0.00,              0.00,    1,    0
21.500,            0,              0.00,              0.00,            0,              0.00,              0.00,    2,    0
22.000,     80097063,        3628596.25,        3643897.52,            0,              0.00,              0.00,    1,    0
22.500,            0,              0.00,              0.00,            0,              0.00,              0.00,    2,    0
23.000,     83738676,        3641765.56,        3643826.09,            0,              0.00,              0.00,    1,    0
23.500,            0,              0.00,              0.00,            0,              0.00,              0.00,    2,    0
24.000,     87380289,        3636977.42,        3643734.47,            0,              0.00,              0.00,    1,    0
24.500,            0,              0.00,              0.00,            0,              0.00,              0.00,    2,    0
25.001,     91023949,        3655683.54,        3643668.42,            0,              0.00,              0.00,    1,    0
25.500,            0,              0.00,              0.00,            0,              0.00,              0.00,    2,    0
26.001,     94665562,        3632330.76,        3643583.76,            0,              0.00,              0.00,    1,    0
26.500,            0,              0.00,              0.00,            0,              0.00,              0.00,    2,    0
27.000,     98307175,        3616416.09,        3643528.01,            0,              0.00,              0.00,    1,    0
27.500,            0,              0.00,              0.00,            0,              0.00,              0.00,    2,    0
28.000,    101948788,        3651054.11,        3643469.64,            0,              0.00,              0.00,    1,    0
28.500,            0,              0.00,              0.00,            0,              0.00,              0.00,    2,    0
29.000,    105590401,        3629368.27,        3643400.82,            0,              0.00,              0.00,    1,    0
29.500,            0,              0.00,              0.00,            0,              0.00,              0.00,    2,    0
30.000,    109229967,        3628917.88,        3643316.92,            0,              0.00,              0.00,    1,    0
30.500,            0,              0.00,              0.00,            0,              0.00,              0.00,    2,    0
31.000,    112871580,        3631750.76,        3643244.09,            0,              0.00,              0.00,    1,    0
31.500,            0,              0.00,              0.00,            0,              0.00,              0.00,    2,    0
32.000,    116513193,        3632782.00,        3643170.59,            0,              0.00,              0.00,    1,    0
32.500,            0,              0.00,              0.00,            0,              0.00,              0.00,    2,    0
33.000,    120152759,        3646371.44,        3643082.26,            0,              0.00,              0.00,    1,    0
33.500,            0,              0.00,              0.00,            0,              0.00,              0.00,    2,    0
34.000,    123794372,        3632975.42,        3643013.09,            0,              0.00,              0.00,    1,    0
34.500,            0,              0.00,              0.00,            0,              0.00,              0.00,    2,    0
35.000,    127433938,        3660390.18,        3642938.72,            0,              0.00,              0.00,    1,    0
35.500,            0,              0.00,              0.00,            0,              0.00,              0.00,    2,    0
36.000,    131075551,        3648581.20,        3642881.25,            0,              0.00,              0.00,    1,    0
36.500,            0,              0.00,              0.00,            0,              0.00,              0.00,    2,    0
37.000,    134715117,        3661634.23,        3642818.29,            0,              0.00,              0.00,    1,    0
37.500,            0,              0.00,              0.00,            0,              0.00,              0.00,    2,    0
38.000,    138356730,        3638013.85,        3642761.57,            0,              0.00,              0.00,    1,    0
38.500,            0,              0.00,              0.00,            0,              0.00,              0.00,    2,    0
39.000,    141996296,        3655096.06,        3642703.90,            0,              0.00,              0.00,    1,    0
39.500,            0,              0.00,              0.00,            0,              0.00,              0.00,    2,    0
40.000,    145637909,        3658754.56,        3642652.24,            0,              0.00,              0.00,    1,    0
40.500,            0,              0.00,              0.00,            0,              0.00,              0.00,    2,    0
41.000,    149277475,        3625575.63,        3642607.04,            0,              0.00,              0.00,    1,    0
41.500,            0,              0.00,              0.00,            0,              0.00,              0.00,    2,    0
42.000,    152919088,        3644034.61,        3642551.90,            0,              0.00,              0.00,    1,    0
42.500,            0,              0.00,              0.00,            0,              0.00,              0.00,    2,    0
43.000,    156558654,        3622367.72,        3642495.72,            0,              0.00,              0.00,    1,    0
43.500,            0,              0.00,              0.00,            0,              0.00,              0.00,    2,    0
44.001,    160200267,        3635814.64,        3642453.74,            0,              0.00,              0.00,    1,    0
44.500,            0,              0.00,              0.00,            0,              0.00,              0.00,    2,    0
45.000,    163839833,        3630398.16,        3642410.40,            0,              0.00,              0.00,    1,    0
45.500,            0,              0.00,              0.00,            0,              0.00,              0.00,    2,    0
46.000,    167481446,        3644618.53,        3642374.89,            0,              0.00,              0.00,    1,    0
46.500,            0,              0.00,              0.00,            0,              0.00,              0.00,    2,    0
47.001,    171123059,        3635168.97,        3642353.17,            0,              0.00,              0.00,    1,    0
47.500,            0,              0.00,              0.00,            0,              0.00,              0.00,    2,    0
48.000,    174762625,        3629561.33,        3642321.58,            0,              0.00,              0.00,    1,    0
48.500,            0,              0.00,              0.00,            0,              0.00,              0.00,    2,    0
49.000,    178404238,        3649296.71,        3642287.39,            0,              0.00,              0.00,    1,    0
49.500,            0,              0.00,              0.00,            0,              0.00,              0.00,    2,    0
50.001,    182045851,        3641441.63,        3642267.94,            0,              0.00,              0.00,    1,    0
50.500,            0,              0.00,              0.00,            0,              0.00,              0.00,    2,    0
51.000,    185685417,        3634910.77,        3642249.87,            0,              0.00,              0.00,    1,    0
51.500,            0,              0.00,              0.00,            0,              0.00,              0.00,    2,    0
52.000,    189327030,        3628531.93,        3642226.50,            0,              0.00,              0.00,    1,    0
52.500,            0,              0.00,              0.00,            0,              0.00,              0.00,    2,    0
53.000,    192968643,        3629561.33,        3642202.06,            0,              0.00,              0.00,    1,    0
53.500,            0,              0.00,              0.00,            0,              0.00,              0.00,    2,    0
54.000,    196610256,        3653399.96,        3642185.42,            0,              0.00,              0.00,    1,    0
54.500,            0,              0.00,              0.00,            0,              0.00,              0.00,    2,    0
55.000,    200249822,        3629239.58,        3642160.42,            0,              0.00,              0.00,    1,    0
55.500,            0,              0.00,              0.00,            0,              0.00,              0.00,    2,    0
56.000,    203891435,        3648971.44,        3642138.59,            0,              0.00,              0.00,    1,    0
56.500,            0,              0.00,              0.00,            0,              0.00,              0.00,    2,    0
57.000,    207533048,        3649752.17,        3642122.71,            0,              0.00,              0.00,    1,    0
57.500,            0,              0.00,              0.00,            0,              0.00,              0.00,    2,    0
58.000,    211172614,        3646631.28,        3642106.05,            0,              0.00,              0.00,    1,    0
58.500,            0,              0.00,              0.00,            0,              0.00,              0.00,    2,    0
59.000,    214814227,        3622880.61,        3642086.60,            0,              0.00,              0.00,    1,    0
59.500,            0,              0.00,              0.00,            0,              0.00,              0.00,    2,    0
60.000,    218455840,        3654378.29,        3642070.52,            0,              0.00,              0.00,    1,    0
