  Time    TX Packets     TX Packet Rate Avg TX Packet Rate    RX Packets     RX Packet Rate Avg RX Packet Rate       Latency mean  Core  Port
 1.000,     16058715,       16212577.21,       16095360.92,            0,              0.00,              0.00,              0.00,    1,    0
 1.500,            0,              0.00,              0.00,            0,              0.00,              0.00,              0.00,    2,    0
 2.000,     32154276,       16138442.15,       16095665.40,            0,              0.00,              0.00,              0.00,    1,    0
 2.500,            0,              0.00,              0.00,            0,              0.00,              0.00,              0.00,    2,    0
 3.000,     48249837,       16070026.68,       16095948.55,            0,              0.00,              0.00,              0.00,    1,    0
 3.500,            0,              0.00,              0.00,            0,              0.00,              0.00,              0.00,    2,    0
 4.000,     64351539,       16052383.91,       16097151.28,            0,              0.00,              0.00,              0.00,    1,    0
 4.500,            0,              0.00,              0.00,            0,              0.00,              0.00,              0.00,    2,    0
 5.000,     80443006,       16201028.91,       16096289.17,            0,              0.00,              0.00,              0.00,    1,    0
 5.500,            0,              0.00,              0.00,            0,              0.00,              0.00,              0.00,    2,    0
 6.000,     96542661,       16038548.94,       16096548.52,            0,              0.00,              0.00,              0.00,    1,    0
 6.500,            0,              0.00,              0.00,            0,              0.00,              0.00,              0.00,    2,    0
 7.000,    112636175,       16180539.09,       16096279.55,            0,              0.00,              0.00,              0.00,    1,    0
 7.500,            0,              0.00,              0.00,            0,              0.00,              0.00,              0.00,    2,    0
 8.000,    128733783,       16039805.67,       16096518.79,            0,              0.00,              0.00,              0.00,    1,    0
 8.500,            0,              0.00,              0.00,            0,              0.00,              0.00,              0.00,    2,    0
 9.000,    144833438,       16129540.64,       16096745.49,            0,              0.00,              0.00,              0.00,    1,    0
 9.500,            0,              0.00,              0.00,            0,              0.00,              0.00,              0.00,    2,    0
10.000,    160926952,       16132082.90,       16096529.22,            0,              0.00,              0.00,              0.00,    1,    0
10.500,            0,              0.00,              0.00,            0,              0.00,              0.00,              0.00,    2,    0
11.000,    177024560,       16211293.26,       16096470.26,            0,              0.00,              0.00,              0.00,    1,    0
11.500,            0,              0.00,              0.00,            0,              0.00,              0.00,              0.00,    2,    0
12.000,    193120121,       16203593.76,       16096528.14,            0,              0.00,              0.00,              0.00,    1,    0
12.500,            0,              0.00,              0.00,            0,              0.00,              0.00,              0.00,    2,    0
13.000,    209215682,       15920049.76,       16096351.89,            0,              0.00,              0.00,              0.00,    1,    0
13.500,            0,              0.00,              0.00,            0,              0.00,              0.00,              0.00,    2,    0
14.000,    225313290,       16157549.94,       16096489.10,            0,              0.00,              0.00,              0.00,    1,    0
14.500,            0,              0.00,              0.00,            0,              0.00,              0.00,              0.00,    2,    0
15.000,    241410898,       15951063.66,       16096597.42,            0,              0.00,              0.00,              0.00,    1,    0
15.500,            0,              0.00,              0.00,            0,              0.00,              0.00,              0.00,    2,    0
16.000,    257504412,       16043577.09,       16096384.18,            0,              0.00,              0.00,              0.00,    1,    0
16.500,            0,              0.00,              0.00,            0,              0.00,              0.00,              0.00,    2,    0
17.000,    273606114,       16066242.84,       16096647.06,            0,              0.00,              0.00,              0.00,    1,    0
17.500,            0,              0.00,              0.00,            0,              0.00,              0.00,              0.00,    2,    0
18.000,    289699628,       16128269.75,       16096528.05,            0,              0.00,              0.00,              0.00,    1,    0
18.500,            0,              0.00,              0.00,            0,              0.00,              0.00,              0.00,    2,    0
19.000,    305791095,       16116841.20,       16096275.21,            0,              0.00,              0.00,              0.00,    1,    0
19.500,            0,              0.00,              0.00,            0,              0.00,              0.00,              0.00,    2,    0
20.000,    321890750,       16110499.00,       16096429.57,            0,              0.00,              0.00,              0.00,    1,    0
20.500,            0,              0.00,              0.00,            0,              0.00,              0.00,              0.00,    2,    0
21.000,    337988358,       15961013.65,       16096502.29,            0,              0.00,              0.00,              0.00,    1,    0
21.500,            0,              0.00,              0.00,            0,              0.00,              0.00,              0.00,    2,    0
22.000,    354085966,       16068765.21,       16096564.35,            0,              0.00,              0.00,              0.00,    1,    0
22.500,            0,              0.00,              0.00,            0,              0.00,              0.00,              0.00,    2,    0
23.000,    370177433,       16138442.15,       16096333.23,            0,              0.00,              0.00,              0.00,    1,    0
23.500,            0,              0.00,              0.00,            0,              0.00,              0.00,              0.00,    2,    0
24.000,    386275041,       16121918.55,       16096339.94,            0,              0.00,              0.00,              0.00,    1,    0
24.500,            0,              0.00,              0.00,            0,              0.00,              0.00,              0.00,    2,    0
25.000,    402370602,       16165205.71,       16096288.66,            0,              0.00,              0.00,              0.00,    1,    0
25.500,            0,              0.00,              0.00,            0,              0.00,              0.00,              0.00,    2,    0
26.000,    418468210,       16095298.01,       16096349.68,            0,              0.00,              0.00,              0.00,    1,    0
26.500,            0,              0.00,              0.00,            0,              0.00,              0.00,              0.00,    2,    0
27.000,    434561724,       16041062.62,       16096301.30,            0,              0.00,              0.00,              0.00,    1,    0
27.500,            0,              0.00,              0.00,            0,              0.00,              0.00,              0.00,    2,    0
28.000,    450663426,       15992187.51,       16096442.31,            0,              0.00,              0.00,              0.00,    1,    0
28.500,            0,              0.00,              0.00,            0,              0.00,              0.00,              0.00,    2,    0
29.000,    466758987,       16000938.02,       16096400.83,            0,              0.00,              0.00,              0.00,    1,    0
29.500,            0,              0.00,              0.00,            0,              0.00,              0.00,              0.00,    2,    0
30.000,    482854548,       16124458.44,       16096374.01,            0,              0.00,              0.00,              0.00,    1,    0
30.500,            0,              0.00,              0.00,            0,              0.00,              0.00,              0.00,    2,    0
31.000,    498954203,       16041062.62,       16096477.55,            0,              0.00,              0.00,              0.00,    1,    0
31.500,            0,              0.00,              0.00,            0,              0.00,              0.00,              0.00,    2,    0
32.000,    515049764,       16025992.32,       16096509.89,            0,              0.00,              0.00,              0.00,    1,    0
32.500,            0,              0.00,              0.00,            0,              0.00,              0.00,              0.00,    2,    0
33.000,    531147372,       16099095.58,       16096494.85,            0,              0.00,              0.00,              0.00,    1,    0
33.500,            0,              0.00,              0.00,            0,              0.00,              0.00,              0.00,    2,    0
34.000,    547247027,       16007194.24,       16096626.85,            0,              0.00,              0.00,              0.00,    1,    0
34.500,            0,              0.00,              0.00,            0,              0.00,              0.00,              0.00,    2,    0
35.000,    563340541,       15983446.57,       16096497.39,            0,              0.00,              0.00,              0.00,    1,    0
35.500,            0,              0.00,              0.00,            0,              0.00,              0.00,              0.00,    2,    0
36.000,    579436102,       15847332.97,       16096491.11,            0,              0.00,              0.00,              0.00,    1,    0
36.500,            0,              0.00,              0.00,            0,              0.00,              0.00,              0.00,    2,    0
37.000,    595535757,       16116841.20,       16096602.13,            0,              0.00,              0.00,              0.00,    1,    0
37.500,            0,              0.00,              0.00,            0,              0.00,              0.00,              0.00,    2,    0
38.000,    611633365,       16033523.93,       16096626.34,            0,              0.00,              0.00,              0.00,    1,    0
38.500,            0,              0.00,              0.00,            0,              0.00,              0.00,              0.00,    2,    0
39.000,    627730973,       16052383.94,       16096616.27,            0,              0.00,              0.00,              0.00,    1,    0
39.500,            0,              0.00,              0.00,            0,              0.00,              0.00,              0.00,    2,    0
40.000,    643826534,       16115572.35,       16096625.03,            0,              0.00,              0.00,              0.00,    1,    0
40.500,            0,              0.00,              0.00,            0,              0.00,              0.00,              0.00,    2,    0
41.000,    659922095,       16193339.15,       16096582.86,            0,              0.00,              0.00,              0.00,    1,    0
41.500,            0,              0.00,              0.00,            0,              0.00,              0.00,              0.00,    2,    0
42.000,    676017656,       15995936.55,       16096564.23,            0,              0.00,              0.00,              0.00,    1,    0
42.500,            0,              0.00,              0.00,            0,              0.00,              0.00,              0.00,    2,    0
43.000,    692117311,       16286100.72,       16096605.53,            0,              0.00,              0.00,              0.00,    1,    0
43.500,            0,              0.00,              0.00,            0,              0.00,              0.00,              0.00,    2,    0
44.000,    708214919,       16099095.55,       16096644.55,            0,              0.00,              0.00,              0.00,    1,    0
44.500,            0,              0.00,              0.00,            0,              0.00,              0.00,              0.00,    2,    0
45.000,    724308433,       16025992.32,       16096596.64,            0,              0.00,              0.00,              0.00,    1,    0
45.500,            0,              0.00,              0.00,            0,              0.00,              0.00,              0.00,    2,    0
46.000,    740410135,       16163929.25,       16096668.55,            0,              0.00,              0.00,              0.00,    1,    0
46.500,            0,              0.00,              0.00,            0,              0.00,              0.00,              0.00,    2,    0
47.000,    756505696,       16121918.58,       16096660.19,            0,              0.00,              0.00,              0.00,    1,    0
47.500,            0,              0.00,              0.00,            0,              0.00,              0.00,              0.00,    2,    0
48.000,    772605351,       15983446.54,       16096721.65,            0,              0.00,              0.00,              0.00,    1,    0
48.500,            0,              0.00,              0.00,            0,              0.00,              0.00,              0.00,    2,    0
49.000,    788698865,       16144806.35,       16096680.58,            0,              0.00,              0.00,              0.00,    1,    0
49.500,            0,              0.00,              0.00,            0,              0.00,              0.00,              0.00,    2,    0
50.000,    804794426,       16109231.11,       16096653.48,            0,              0.00,              0.00,              0.00,    1,    0
50.500,            0,              0.00,              0.00,            0,              0.00,              0.00,              0.00,    2,    0
51.000,    820896128,       16153724.74,       16096730.94,            0,              0.00,              0.00,              0.00,    1,    0
51.500,            0,              0.00,              0.00,            0,              0.00,              0.00,              0.00,    2,    0
52.000,    836995783,       16138442.15,       16096804.55,            0,              0.00,              0.00,              0.00,    1,    0
52.500,            0,              0.00,              0.00,            0,              0.00,              0.00,              0.00,    2,    0
53.000,    853093391,       16022229.19,       16096825.20,            0,              0.00,              0.00,              0.00,    1,    0
53.500,            0,              0.00,              0.00,            0,              0.00,              0.00,              0.00,    2,    0
54.000,    869193046,       16123232.21,       16096853.12,            0,              0.00,              0.00,              0.00,    1,    0
54.500,            0,              0.00,              0.00,            0,              0.00,              0.00,              0.00,    2,    0
55.000,    885288607,       16167759.25,       16096856.59,            0,              0.00,              0.00,              0.00,    1,    0
55.500,            0,              0.00,              0.00,            0,              0.00,              0.00,              0.00,    2,    0
56.000,    901386215,       15972222.22,       16096864.81,            0,              0.00,              0.00,              0.00,    1,    0
56.500,            0,              0.00,              0.00,            0,              0.00,              0.00,              0.00,    2,    0
57.000,    917485870,       16109231.14,       16096891.81,            0,              0.00,              0.00,              0.00,    1,    0
57.500,            0,              0.00,              0.00,            0,              0.00,              0.00,              0.00,    2,    0
58.000,    933581431,       15951063.69,       16096874.31,            0,              0.00,              0.00,              0.00,    1,    0
58.500,            0,              0.00,              0.00,            0,              0.00,              0.00,              0.00,    2,    0
59.000,    949674945,       15952306.74,       16096821.81,            0,              0.00,              0.00,              0.00,    1,    0
59.500,            0,              0.00,              0.00,            0,              0.00,              0.00,              0.00,    2,    0
60.000,    965774600,       16297770.69,       16096880.03,            0,              0.00,              0.00,              0.00,    1,    0
