Linux 5.13.0-52-generic (w1) 	21/07/2022 	_x86_64_	(16 CPU)

19:13:14        CPU      %usr     %nice      %sys   %iowait    %steal      %irq     %soft    %guest    %gnice     %idle
19:13:16        all      0,25      0,00      0,00      0,00      0,00      0,00      0,00      0,00      0,00     99,75
19:13:16          0      0,00      0,00      0,00      0,00      0,00      0,00      0,00      0,00      0,00    100,00
19:13:16          1      0,00      0,00      0,00      0,00      0,00      0,00      0,00      0,00      0,00    100,00
19:13:16          2      0,00      0,00      0,00      0,00      0,00      0,00      0,00      0,00      0,00    100,00
19:13:16          3      0,00      0,00      0,00      0,00      0,00      0,00      0,00      0,00      0,00    100,00
19:13:16          4      2,00      0,00      0,00      0,00      0,00      0,00      0,00      0,00      0,00     98,00
19:13:16          5      1,00      0,00      0,00      0,00      0,00      0,00      0,00      0,00      0,00     99,00
19:13:16          6      0,00      0,00      0,00      0,00      0,00      0,00      0,00      0,00      0,00    100,00
19:13:16          7      0,00      0,00      0,00      0,00      0,00      0,00      0,00      0,00      0,00    100,00
19:13:16          8      0,50      0,00      0,00      0,00      0,00      0,00      0,00      0,00      0,00     99,50
19:13:16          9      0,00      0,00      0,00      0,00      0,00      0,00      0,00      0,00      0,00    100,00
19:13:16         10      0,00      0,00      0,00      0,00      0,00      0,00      0,00      0,00      0,00    100,00
19:13:16         11      0,00      0,00      0,00      0,00      0,00      0,00      0,00      0,00      0,00    100,00
19:13:16         12      0,50      0,00      0,00      0,00      0,00      0,00      0,00      0,00      0,00     99,50
19:13:16         13      0,00      0,00      0,00      0,00      0,00      0,00      0,00      0,00      0,00    100,00
19:13:16         14      0,00      0,00      0,00      0,00      0,00      0,00      0,00      0,00      0,00    100,00
19:13:16         15      0,00      0,00      0,00      0,00      0,00      0,00      0,00      0,00      0,00    100,00

19:13:14        IFACE   rxpck/s   txpck/s    rxkB/s    txkB/s   rxcmp/s   txcmp/s  rxmcst/s   %ifutil
19:13:16           lo      1,00      1,00      0,08      0,08      0,00      0,00      0,00      0,00
19:13:16         eno1     30,00     28,00      4,88      4,51      0,00      0,00      1,50      0,00
19:13:16         eno2      0,00      0,00      0,00      0,00      0,00      0,00      0,00      0,00
19:13:16      docker0      0,00      0,00      0,00      0,00      0,00      0,00      0,00      0,00
19:13:16      ens2np0      0,00      0,00      0,00      0,00      0,00      0,00      0,00      0,00
19:13:16      ens2np1      0,00      0,00      0,00      0,00      0,00      0,00      0,00      0,00

19:13:16        CPU      %usr     %nice      %sys   %iowait    %steal      %irq     %soft    %guest    %gnice     %idle
19:13:18        all      0,19      0,00      0,09      0,00      0,00      0,00      0,00      0,00      0,00     99,72
19:13:18          0      0,00      0,00      0,00      0,00      0,00      0,00      0,00      0,00      0,00    100,00
19:13:18          1      0,00      0,00      0,50      0,00      0,00      0,00      0,00      0,00      0,00     99,50
19:13:18          2      0,00      0,00      0,00      0,00      0,00      0,00      0,00      0,00      0,00    100,00
19:13:18          3      1,01      0,00      0,00      0,00      0,00      0,00      0,00      0,00      0,00     98,99
19:13:18          4      1,00      0,00      1,00      0,00      0,00      0,00      0,00      0,00      0,00     98,00
19:13:18          5      0,00      0,00      0,00      0,00      0,00      0,00      0,00      0,00      0,00    100,00
19:13:18          6      0,00      0,00      0,00      0,00      0,00      0,00      0,00      0,00      0,00    100,00
19:13:18          7      0,00      0,00      0,00      0,00      0,00      0,00      0,00      0,00      0,00    100,00
19:13:18          8      0,00      0,00      0,00      0,00      0,00      0,00      0,00      0,00      0,00    100,00
19:13:18          9      0,51      0,00      0,00      0,00      0,00      0,00      0,00      0,00      0,00     99,49
19:13:18         10      0,00      0,00      0,00      0,00      0,00      0,00      0,00      0,00      0,00    100,00
19:13:18         11      0,50      0,00      0,00      0,00      0,00      0,00      0,00      0,00      0,00     99,50
19:13:18         12      0,00      0,00      0,00      0,00      0,00      0,00      0,00      0,00      0,00    100,00
19:13:18         13      0,00      0,00      0,00      0,00      0,00      0,00      0,00      0,00      0,00    100,00
19:13:18         14      0,00      0,00      0,00      0,00      0,00      0,00      0,00      0,00      0,00    100,00
19:13:18         15      0,00      0,00      0,00      0,00      0,00      0,00      0,00      0,00      0,00    100,00

19:13:16        IFACE   rxpck/s   txpck/s    rxkB/s    txkB/s   rxcmp/s   txcmp/s  rxmcst/s   %ifutil
19:13:18           lo      0,00      0,00      0,00      0,00      0,00      0,00      0,00      0,00
19:13:18         eno1     10,00      2,00      0,67      0,18      0,00      0,00      2,00      0,00
19:13:18         eno2      0,00      0,00      0,00      0,00      0,00      0,00      0,00      0,00
19:13:18      docker0      0,00      0,00      0,00      0,00      0,00      0,00      0,00      0,00
19:13:18      ens2np0      0,00      0,00      0,00      0,00      0,00      0,00      0,00      0,00
19:13:18      ens2np1      0,00      0,00      0,00      0,00      0,00      0,00      0,00      0,00

19:13:18        CPU      %usr     %nice      %sys   %iowait    %steal      %irq     %soft    %guest    %gnice     %idle
19:13:20        all      0,00      0,00      0,03      0,00      0,00      0,00      0,00      0,00      0,00     99,97
19:13:20          0      0,00      0,00      0,00      0,00      0,00      0,00      0,00      0,00      0,00    100,00
19:13:20          1      0,00      0,00      0,00      0,00      0,00      0,00      0,00      0,00      0,00    100,00
19:13:20          2      0,00      0,00      0,00      0,00      0,00      0,00      0,00      0,00      0,00    100,00
19:13:20          3      0,00      0,00      0,00      0,00      0,00      0,00      0,00      0,00      0,00    100,00
19:13:20          4      0,00      0,00      0,00      0,00      0,00      0,00      0,00      0,00      0,00    100,00
19:13:20          5      0,00      0,00      0,50      0,00      0,00      0,00      0,00      0,00      0,00     99,50
19:13:20          6      0,00      0,00      0,00      0,00      0,00      0,00      0,00      0,00      0,00    100,00
19:13:20          7      0,00      0,00      0,00      0,00      0,00      0,00      0,00      0,00      0,00    100,00
19:13:20          8      0,00      0,00      0,00      0,00      0,00      0,00      0,00      0,00      0,00    100,00
19:13:20          9      0,00      0,00      0,00      0,00      0,00      0,00      0,00      0,00      0,00    100,00
19:13:20         10      0,00      0,00      0,00      0,00      0,00      0,00      0,00      0,00      0,00    100,00
19:13:20         11      0,00      0,00      0,00      0,00      0,00      0,00      0,00      0,00      0,00    100,00
19:13:20         12      0,00      0,00      0,00      0,00      0,00      0,00      0,00      0,00      0,00    100,00
19:13:20         13      0,00      0,00      0,00      0,00      0,00      0,00      0,00      0,00      0,00    100,00
19:13:20         14      0,00      0,00      0,00      0,00      0,00      0,00      0,00      0,00      0,00    100,00
19:13:20         15      0,00      0,00      0,00      0,00      0,00      0,00      0,00      0,00      0,00    100,00

19:13:18        IFACE   rxpck/s   txpck/s    rxkB/s    txkB/s   rxcmp/s   txcmp/s  rxmcst/s   %ifutil
19:13:20           lo      0,00      0,00      0,00      0,00      0,00      0,00      0,00      0,00
19:13:20         eno1      9,00      2,00      1,04      0,17      0,00      0,00      1,00      0,00
19:13:20         eno2      0,00      0,00      0,00      0,00      0,00      0,00      0,00      0,00
19:13:20      docker0      0,00      0,00      0,00      0,00      0,00      0,00      0,00      0,00
19:13:20      ens2np0      0,00      0,00      0,00      0,00      0,00      0,00      0,00      0,00
19:13:20      ens2np1      0,00      0,00      0,00      0,00      0,00      0,00      0,00      0,00

19:13:20        CPU      %usr     %nice      %sys   %iowait    %steal      %irq     %soft    %guest    %gnice     %idle
19:13:22        all      0,03      0,00      0,03      0,00      0,00      0,00      0,00      0,00      0,00     99,94
19:13:22          0      0,00      0,00      0,00      0,00      0,00      0,00      0,00      0,00      0,00    100,00
19:13:22          1      0,00      0,00      0,00      0,00      0,00      0,00      0,00      0,00      0,00    100,00
19:13:22          2      0,00      0,00      0,00      0,00      0,00      0,00      0,00      0,00      0,00    100,00
19:13:22          3      0,00      0,00      0,00      0,00      0,00      0,00      0,00      0,00      0,00    100,00
19:13:22          4      0,00      0,00      0,00      0,00      0,00      0,00      0,00      0,00      0,00    100,00
19:13:22          5      0,50      0,00      0,00      0,00      0,00      0,00      0,00      0,00      0,00     99,50
19:13:22          6      0,00      0,00      0,00      0,00      0,00      0,00      0,00      0,00      0,00    100,00
19:13:22          7      0,00      0,00      0,00      0,00      0,00      0,00      0,00      0,00      0,00    100,00
19:13:22          8      0,00      0,00      0,00      0,00      0,00      0,00      0,00      0,00      0,00    100,00
19:13:22          9      0,00      0,00      0,00      0,00      0,00      0,00      0,00      0,00      0,00    100,00
19:13:22         10      0,00      0,00      0,00      0,00      0,00      0,00      0,00      0,00      0,00    100,00
19:13:22         11      0,00      0,00      0,00      0,00      0,00      0,00      0,00      0,00      0,00    100,00
19:13:22         12      0,00      0,00      0,50      0,00      0,00      0,00      0,00      0,00      0,00     99,50
19:13:22         13      0,00      0,00      0,00      0,00      0,00      0,00      0,00      0,00      0,00    100,00
19:13:22         14      0,00      0,00      0,00      0,00      0,00      0,00      0,00      0,00      0,00    100,00
19:13:22         15      0,00      0,00      0,00      0,00      0,00      0,00      0,00      0,00      0,00    100,00

19:13:20        IFACE   rxpck/s   txpck/s    rxkB/s    txkB/s   rxcmp/s   txcmp/s  rxmcst/s   %ifutil
19:13:22           lo      0,00      0,00      0,00      0,00      0,00      0,00      0,00      0,00
19:13:22         eno1     11,50      5,50      1,17      1,07      0,00      0,00      1,00      0,00
19:13:22         eno2      0,00      0,00      0,00      0,00      0,00      0,00      0,00      0,00
19:13:22      docker0      0,00      0,00      0,00      0,00      0,00      0,00      0,00      0,00
19:13:22      ens2np0      0,00      0,00      0,00      0,00      0,00      0,00      0,00      0,00
19:13:22      ens2np1      0,00      0,00      0,00      0,00      0,00      0,00      0,00      0,00

19:13:22        CPU      %usr     %nice      %sys   %iowait    %steal      %irq     %soft    %guest    %gnice     %idle
19:13:24        all      0,06      0,00      0,09      0,00      0,00      0,00      0,00      0,00      0,00     99,84
19:13:24          0      0,00      0,00      0,00      0,00      0,00      0,00      0,00      0,00      0,00    100,00
19:13:24          1      0,00      0,00      0,00      0,00      0,00      0,00      0,00      0,00      0,00    100,00
19:13:24          2      0,00      0,00      0,50      0,00      0,00      0,00      0,00      0,00      0,00     99,50
19:13:24          3      0,00      0,00      0,00      0,00      0,00      0,00      0,00      0,00      0,00    100,00
19:13:24          4      0,00      0,00      0,00      0,00      0,00      0,00      0,00      0,00      0,00    100,00
19:13:24          5      0,00      0,00      0,00      0,00      0,00      0,00      0,00      0,00      0,00    100,00
19:13:24          6      0,00      0,00      0,00      0,00      0,00      0,00      0,00      0,00      0,00    100,00
19:13:24          7      0,00      0,00      0,00      0,00      0,00      0,00      0,00      0,00      0,00    100,00
19:13:24          8      0,00      0,00      0,00      0,00      0,00      0,00      0,00      0,00      0,00    100,00
19:13:24          9      0,00      0,00      0,00      0,00      0,00      0,00      0,00      0,00      0,00    100,00
19:13:24         10      0,00      0,00      0,00      0,00      0,00      0,00      0,00      0,00      0,00    100,00
19:13:24         11      0,00      0,00      0,00      0,00      0,00      0,00      0,00      0,00      0,00    100,00
19:13:24         12      1,00      0,00      0,50      0,00      0,00      0,00      0,00      0,00      0,00     98,51
19:13:24         13      0,00      0,00      0,50      0,00      0,00      0,00      0,00      0,00      0,00     99,50
19:13:24         14      0,00      0,00      0,00      0,00      0,00      0,00      0,00      0,00      0,00    100,00
19:13:24         15      0,00      0,00      0,00      0,00      0,00      0,00      0,00      0,00      0,00    100,00

19:13:22        IFACE   rxpck/s   txpck/s    rxkB/s    txkB/s   rxcmp/s   txcmp/s  rxmcst/s   %ifutil
19:13:24           lo      0,00      0,00      0,00      0,00      0,00      0,00      0,00      0,00
19:13:24         eno1     10,50      3,00      0,96      0,74      0,00      0,00      1,00      0,00
19:13:24         eno2      0,00      0,00      0,00      0,00      0,00      0,00      0,00      0,00
19:13:24      docker0      0,00      0,00      0,00      0,00      0,00      0,00      0,00      0,00
19:13:24      ens2np0      0,00      0,00      0,00      0,00      0,00      0,00      0,00      0,00
19:13:24      ens2np1      0,00      0,00      0,00      0,00      0,00      0,00      0,00      0,00

19:13:24        CPU      %usr     %nice      %sys   %iowait    %steal      %irq     %soft    %guest    %gnice     %idle
19:13:26        all      0,10      0,00      0,00      0,00      0,00      0,00      0,37      0,00      0,00     99,53
19:13:26          0      0,00      0,00      0,00      0,00      0,00      0,00      1,71      0,00      0,00     98,29
19:13:26          1      0,00      0,00      0,00      0,00      0,00      0,00      0,58      0,00      0,00     99,42
19:13:26          2      0,56      0,00      0,00      0,00      0,00      0,00      0,56      0,00      0,00     98,88
19:13:26          3      0,00      0,00      0,00      0,00      0,00      0,00      1,69      0,00      0,00     98,31
19:13:26          4      0,00      0,00      0,00      0,00      0,00      0,00      0,61      0,00      0,00     99,39
19:13:26          5      1,14      0,00      0,00      0,00      0,00      0,00      0,57      0,00      0,00     98,29
19:13:26          6      0,00      0,00      0,00      0,00      0,00      0,00      0,58      0,00      0,00     99,42
19:13:26          7      0,00      0,00      0,00      0,00      0,00      0,00      0,00      0,00      0,00    100,00
19:13:26          8      0,00      0,00      0,00      0,00      0,00      0,00      0,00      0,00      0,00    100,00
19:13:26          9      0,00      0,00      0,00      0,00      0,00      0,00      0,00      0,00      0,00    100,00
19:13:26         10      0,00      0,00      0,00      0,00      0,00      0,00      0,00      0,00      0,00    100,00
19:13:26         11      0,00      0,00      0,00      0,00      0,00      0,00      0,00      0,00      0,00    100,00
19:13:26         12      0,00      0,00      0,00      0,00      0,00      0,00      0,00      0,00      0,00    100,00
19:13:26         13      0,00      0,00      0,00      0,00      0,00      0,00      0,00      0,00      0,00    100,00
19:13:26         14      0,00      0,00      0,00      0,00      0,00      0,00      0,00      0,00      0,00    100,00
19:13:26         15      0,00      0,00      0,00      0,00      0,00      0,00      0,00      0,00      0,00    100,00

19:13:24        IFACE   rxpck/s   txpck/s    rxkB/s    txkB/s   rxcmp/s   txcmp/s  rxmcst/s   %ifutil
19:13:26           lo      0,00      0,00      0,00      0,00      0,00      0,00      0,00      0,00
19:13:26         eno1      9,00      2,50      0,63      0,34      0,00      0,00      1,50      0,00
19:13:26         eno2      0,00      0,00      0,00      0,00      0,00      0,00      0,00      0,00
19:13:26      docker0      0,00      0,00      0,00      0,00      0,00      0,00      0,00      0,00
19:13:26      ens2np0 692390,50 692095,50 689685,85 689392,00      0,00      0,00      0,00     56,50
19:13:26      ens2np1      0,00      0,00      0,00      0,00      0,00      0,00      0,00      0,00

19:13:26        CPU      %usr     %nice      %sys   %iowait    %steal      %irq     %soft    %guest    %gnice     %idle
19:13:28        all      0,69      0,00      0,21      0,00      0,00      0,00      1,14      0,00      0,00     97,96
19:13:28          0      0,62      0,00      0,00      0,00      0,00      0,00      2,48      0,00      0,00     96,89
19:13:28          1      0,00      0,00      0,00      0,00      0,00      0,00      2,50      0,00      0,00     97,50
19:13:28          2      0,63      0,00      0,00      0,00      0,00      0,00      2,52      0,00      0,00     96,86
19:13:28          3      1,23      0,00      0,00      0,00      0,00      0,00      3,07      0,00      0,00     95,71
19:13:28          4      0,63      0,00      0,00      0,00      0,00      0,00      1,27      0,00      0,00     98,10
19:13:28          5      0,61      0,00      0,00      0,00      0,00      0,00      3,07      0,00      0,00     96,32
19:13:28          6      0,61      0,00      0,61      0,00      0,00      0,00      3,07      0,00      0,00     95,71
19:13:28          7      2,47      0,00      1,23      0,00      0,00      0,00      2,47      0,00      0,00     93,83
19:13:28          8      0,00      0,00      0,50      0,00      0,00      0,00      0,00      0,00      0,00     99,50
19:13:28          9      0,99      0,00      0,99      0,00      0,00      0,00      0,00      0,00      0,00     98,02
19:13:28         10      0,50      0,00      0,00      0,00      0,00      0,00      0,00      0,00      0,00     99,50
19:13:28         11      0,50      0,00      0,00      0,00      0,00      0,00      0,00      0,00      0,00     99,50
19:13:28         12      0,50      0,00      0,00      0,00      0,00      0,00      0,00      0,00      0,00     99,50
19:13:28         13      0,50      0,00      0,00      0,00      0,00      0,00      0,00      0,00      0,00     99,50
19:13:28         14      0,50      0,00      0,00      0,00      0,00      0,00      0,00      0,00      0,00     99,50
19:13:28         15      1,00      0,00      0,00      0,00      0,00      0,00      0,00      0,00      0,00     99,00

19:13:26        IFACE   rxpck/s   txpck/s    rxkB/s    txkB/s   rxcmp/s   txcmp/s  rxmcst/s   %ifutil
19:13:28           lo      0,00      0,00      0,00      0,00      0,00      0,00      0,00      0,00
19:13:28         eno1      8,50      2,00      0,62      0,16      0,00      0,00      1,00      0,00
19:13:28         eno2      0,00      0,00      0,00      0,00      0,00      0,00      0,00      0,00
19:13:28      docker0      0,00      0,00      0,00      0,00      0,00      0,00      0,00      0,00
19:13:28      ens2np0 1197278,50 1197020,00 1192601,63 1192344,14      0,00      0,00      0,00     97,70
19:13:28      ens2np1      0,00      0,00      0,00      0,00      0,00      0,00      0,00      0,00

19:13:28        CPU      %usr     %nice      %sys   %iowait    %steal      %irq     %soft    %guest    %gnice     %idle
19:13:30        all      0,00      0,00      0,00      0,00      0,00      0,00      0,38      0,00      0,00     99,62
19:13:30          0      0,00      0,00      0,00      0,00      0,00      0,00      0,63      0,00      0,00     99,37
19:13:30          1      0,00      0,00      0,00      0,00      0,00      0,00      0,00      0,00      0,00    100,00
19:13:30          2      0,00      0,00      0,00      0,00      0,00      0,00      0,64      0,00      0,00     99,36
19:13:30          3      0,00      0,00      0,00      0,00      0,00      0,00      2,48      0,00      0,00     97,52
19:13:30          4      0,00      0,00      0,00      0,00      0,00      0,00      1,26      0,00      0,00     98,74
19:13:30          5      0,00      0,00      0,00      0,00      0,00      0,00      1,20      0,00      0,00     98,80
19:13:30          6      0,00      0,00      0,00      0,00      0,00      0,00      0,63      0,00      0,00     99,37
19:13:30          7      0,00      0,00      0,00      0,00      0,00      0,00      0,00      0,00      0,00    100,00
19:13:30          8      0,00      0,00      0,00      0,00      0,00      0,00      0,00      0,00      0,00    100,00
19:13:30          9      0,00      0,00      0,00      0,00      0,00      0,00      0,00      0,00      0,00    100,00
19:13:30         10      0,00      0,00      0,00      0,00      0,00      0,00      0,00      0,00      0,00    100,00
19:13:30         11      0,00      0,00      0,00      0,00      0,00      0,00      0,00      0,00      0,00    100,00
19:13:30         12      0,00      0,00      0,00      0,00      0,00      0,00      0,00      0,00      0,00    100,00
19:13:30         13      0,00      0,00      0,00      0,00      0,00      0,00      0,00      0,00      0,00    100,00
19:13:30         14      0,00      0,00      0,00      0,00      0,00      0,00      0,00      0,00      0,00    100,00
19:13:30         15      0,00      0,00      0,00      0,00      0,00      0,00      0,00      0,00      0,00    100,00

19:13:28        IFACE   rxpck/s   txpck/s    rxkB/s    txkB/s   rxcmp/s   txcmp/s  rxmcst/s   %ifutil
19:13:30           lo      0,00      0,00      0,00      0,00      0,00      0,00      0,00      0,00
19:13:30         eno1      6,00      0,50      0,38      0,07      0,00      0,00      1,00      0,00
19:13:30         eno2      0,00      0,00      0,00      0,00      0,00      0,00      0,00      0,00
19:13:30      docker0      0,00      0,00      0,00      0,00      0,00      0,00      0,00      0,00
19:13:30      ens2np0 1197312,00 1197443,50 1192635,00 1192765,99      0,00      0,00      0,00     97,71
19:13:30      ens2np1      0,00      0,00      0,00      0,00      0,00      0,00      0,00      0,00

19:13:30        CPU      %usr     %nice      %sys   %iowait    %steal      %irq     %soft    %guest    %gnice     %idle
19:13:32        all      0,00      0,00      0,03      0,00      0,00      0,00      0,56      0,00      0,00     99,41
19:13:32          0      0,00      0,00      0,00      0,00      0,00      0,00      1,27      0,00      0,00     98,73
19:13:32          1      0,00      0,00      0,00      0,00      0,00      0,00      1,26      0,00      0,00     98,74
19:13:32          2      0,00      0,00      0,63      0,00      0,00      0,00      0,63      0,00      0,00     98,73
19:13:32          3      0,00      0,00      0,00      0,00      0,00      0,00      3,09      0,00      0,00     96,91
19:13:32          4      0,00      0,00      0,00      0,00      0,00      0,00      1,26      0,00      0,00     98,74
19:13:32          5      0,00      0,00      0,00      0,00      0,00      0,00      1,26      0,00      0,00     98,74
19:13:32          6      0,00      0,00      0,00      0,00      0,00      0,00      0,63      0,00      0,00     99,37
19:13:32          7      0,00      0,00      0,00      0,00      0,00      0,00      0,64      0,00      0,00     99,36
19:13:32          8      0,00      0,00      0,00      0,00      0,00      0,00      0,00      0,00      0,00    100,00
19:13:32          9      0,00      0,00      0,00      0,00      0,00      0,00      0,00      0,00      0,00    100,00
19:13:32         10      0,00      0,00      0,00      0,00      0,00      0,00      0,00      0,00      0,00    100,00
19:13:32         11      0,00      0,00      0,00      0,00      0,00      0,00      0,00      0,00      0,00    100,00
19:13:32         12      0,00      0,00      0,00      0,00      0,00      0,00      0,00      0,00      0,00    100,00
19:13:32         13      0,00      0,00      0,00      0,00      0,00      0,00      0,00      0,00      0,00    100,00
19:13:32         14      0,00      0,00      0,00      0,00      0,00      0,00      0,00      0,00      0,00    100,00
19:13:32         15      0,00      0,00      0,00      0,00      0,00      0,00      0,00      0,00      0,00    100,00

19:13:30        IFACE   rxpck/s   txpck/s    rxkB/s    txkB/s   rxcmp/s   txcmp/s  rxmcst/s   %ifutil
19:13:32           lo      0,00      0,00      0,00      0,00      0,00      0,00      0,00      0,00
19:13:32         eno1      6,00      1,00      0,41      0,07      0,00      0,00      1,00      0,00
19:13:32         eno2      0,00      0,00      0,00      0,00      0,00      0,00      0,00      0,00
19:13:32      docker0      0,00      0,00      0,00      0,00      0,00      0,00      0,00      0,00
19:13:32      ens2np0 1197329,50 1197223,50 1192652,43 1192546,85      0,00      0,00      0,00     97,70
19:13:32      ens2np1      0,00      0,00      0,00      0,00      0,00      0,00      0,00      0,00

19:13:32        CPU      %usr     %nice      %sys   %iowait    %steal      %irq     %soft    %guest    %gnice     %idle
19:13:34        all      0,00      0,00      0,00      0,00      0,00      0,00      0,49      0,00      0,00     99,51
19:13:34          0      0,00      0,00      0,00      0,00      0,00      0,00      2,48      0,00      0,00     97,52
19:13:34          1      0,00      0,00      0,00      0,00      0,00      0,00      0,64      0,00      0,00     99,36
19:13:34          2      0,00      0,00      0,00      0,00      0,00      0,00      2,52      0,00      0,00     97,48
19:13:34          3      0,00      0,00      0,00      0,00      0,00      0,00      1,26      0,00      0,00     98,74
19:13:34          4      0,00      0,00      0,00      0,00      0,00      0,00      1,26      0,00      0,00     98,74
19:13:34          5      0,00      0,00      0,00      0,00      0,00      0,00      0,00      0,00      0,00    100,00
19:13:34          6      0,00      0,00      0,00      0,00      0,00      0,00      0,00      0,00      0,00    100,00
19:13:34          7      0,00      0,00      0,00      0,00      0,00      0,00      0,64      0,00      0,00     99,36
19:13:34          8      0,00      0,00      0,00      0,00      0,00      0,00      0,00      0,00      0,00    100,00
19:13:34          9      0,00      0,00      0,00      0,00      0,00      0,00      0,00      0,00      0,00    100,00
19:13:34         10      0,00      0,00      0,00      0,00      0,00      0,00      0,00      0,00      0,00    100,00
19:13:34         11      0,00      0,00      0,00      0,00      0,00      0,00      0,00      0,00      0,00    100,00
19:13:34         12      0,00      0,00      0,00      0,00      0,00      0,00      0,00      0,00      0,00    100,00
19:13:34         13      0,00      0,00      0,00      0,00      0,00      0,00      0,00      0,00      0,00    100,00
19:13:34         14      0,00      0,00      0,00      0,00      0,00      0,00      0,00      0,00      0,00    100,00
19:13:34         15      0,00      0,00      0,00      0,00      0,00      0,00      0,00      0,00      0,00    100,00

19:13:32        IFACE   rxpck/s   txpck/s    rxkB/s    txkB/s   rxcmp/s   txcmp/s  rxmcst/s   %ifutil
19:13:34           lo      0,00      0,00      0,00      0,00      0,00      0,00      0,00      0,00
19:13:34         eno1      3,50      0,00      0,22      0,00      0,00      0,00      0,00      0,00
19:13:34         eno2      0,00      0,00      0,00      0,00      0,00      0,00      0,00      0,00
19:13:34      docker0      0,00      0,00      0,00      0,00      0,00      0,00      0,00      0,00
19:13:34      ens2np0 1197309,50 1197301,00 1192632,51 1192624,04      0,00      0,00      0,00     97,70
19:13:34      ens2np1      0,00      0,00      0,00      0,00      0,00      0,00      0,00      0,00

19:13:34        CPU      %usr     %nice      %sys   %iowait    %steal      %irq     %soft    %guest    %gnice     %idle
19:13:36        all      0,03      0,00      0,00      0,00      0,00      0,00      0,70      0,00      0,00     99,27
19:13:36          0      0,00      0,00      0,00      0,00      0,00      0,00      2,50      0,00      0,00     97,50
19:13:36          1      0,00      0,00      0,00      0,00      0,00      0,00      3,09      0,00      0,00     96,91
19:13:36          2      0,62      0,00      0,00      0,00      0,00      0,00      1,88      0,00      0,00     97,50
19:13:36          3      0,00      0,00      0,00      0,00      0,00      0,00      1,88      0,00      0,00     98,12
19:13:36          4      0,00      0,00      0,00      0,00      0,00      0,00      0,63      0,00      0,00     99,37
19:13:36          5      0,00      0,00      0,00      0,00      0,00      0,00      1,26      0,00      0,00     98,74
19:13:36          6      0,00      0,00      0,00      0,00      0,00      0,00      0,00      0,00      0,00    100,00
19:13:36          7      0,00      0,00      0,00      0,00      0,00      0,00      1,27      0,00      0,00     98,73
19:13:36          8      0,00      0,00      0,00      0,00      0,00      0,00      0,00      0,00      0,00    100,00
19:13:36          9      0,00      0,00      0,00      0,00      0,00      0,00      0,00      0,00      0,00    100,00
19:13:36         10      0,00      0,00      0,00      0,00      0,00      0,00      0,00      0,00      0,00    100,00
19:13:36         11      0,00      0,00      0,00      0,00      0,00      0,00      0,00      0,00      0,00    100,00
19:13:36         12      0,00      0,00      0,00      0,00      0,00      0,00      0,00      0,00      0,00    100,00
19:13:36         13      0,00      0,00      0,00      0,00      0,00      0,00      0,00      0,00      0,00    100,00
19:13:36         14      0,00      0,00      0,00      0,00      0,00      0,00      0,00      0,00      0,00    100,00
19:13:36         15      0,00      0,00      0,00      0,00      0,00      0,00      0,00      0,00      0,00    100,00

19:13:34        IFACE   rxpck/s   txpck/s    rxkB/s    txkB/s   rxcmp/s   txcmp/s  rxmcst/s   %ifutil
19:13:36           lo      0,00      0,00      0,00      0,00      0,00      0,00      0,00      0,00
19:13:36         eno1      6,00      0,00      0,38      0,00      0,00      0,00      1,00      0,00
19:13:36         eno2      0,00      0,00      0,00      0,00      0,00      0,00      0,00      0,00
19:13:36      docker0      0,00      0,00      0,00      0,00      0,00      0,00      0,00      0,00
19:13:36      ens2np0 1197315,00 1197398,00 1192637,99 1192720,66      0,00      0,00      0,00     97,71
19:13:36      ens2np1      0,00      0,00      0,00      0,00      0,00      0,00      0,00      0,00

19:13:36        CPU      %usr     %nice      %sys   %iowait    %steal      %irq     %soft    %guest    %gnice     %idle
19:13:38        all      0,59      0,00      0,17      0,03      0,00      0,00      1,04      0,00      0,00     98,16
19:13:38          0      0,00      0,00      0,00      0,00      0,00      0,00      2,50      0,00      0,00     97,50
19:13:38          1      0,00      0,00      0,00      0,63      0,00      0,00      1,26      0,00      0,00     98,11
19:13:38          2      0,00      0,00      0,00      0,00      0,00      0,00      3,73      0,00      0,00     96,27
19:13:38          3      0,00      0,00      0,00      0,00      0,00      0,00      1,89      0,00      0,00     98,11
19:13:38          4      0,62      0,00      0,00      0,00      0,00      0,00      1,88      0,00      0,00     97,50
19:13:38          5      1,22      0,00      0,00      0,00      0,00      0,00      2,44      0,00      0,00     96,34
19:13:38          6      1,23      0,00      0,00      0,00      0,00      0,00      2,47      0,00      0,00     96,30
19:13:38          7      0,00      0,00      0,00      0,00      0,00      0,00      2,50      0,00      0,00     97,50
19:13:38          8      0,50      0,00      0,00      0,00      0,00      0,00      0,00      0,00      0,00     99,50
19:13:38          9      1,01      0,00      0,00      0,00      0,00      0,00      0,00      0,00      0,00     98,99
19:13:38         10      0,50      0,00      0,50      0,00      0,00      0,00      0,00      0,00      0,00     99,00
19:13:38         11      1,00      0,00      0,00      0,00      0,00      0,00      0,00      0,00      0,00     99,00
19:13:38         12      0,50      0,00      0,50      0,00      0,00      0,00      0,00      0,00      0,00     99,00
19:13:38         13      0,50      0,00      0,00      0,00      0,00      0,00      0,00      0,00      0,00     99,50
19:13:38         14      0,50      0,00      0,00      0,00      0,00      0,00      0,00      0,00      0,00     99,50
19:13:38         15      1,50      0,00      1,50      0,00      0,00      0,00      0,00      0,00      0,00     97,00

19:13:36        IFACE   rxpck/s   txpck/s    rxkB/s    txkB/s   rxcmp/s   txcmp/s  rxmcst/s   %ifutil
19:13:38           lo      0,00      0,00      0,00      0,00      0,00      0,00      0,00      0,00
19:13:38         eno1      5,00      0,00      0,31      0,00      0,00      0,00      1,00      0,00
19:13:38         eno2      0,00      0,00      0,00      0,00      0,00      0,00      0,00      0,00
19:13:38      docker0      0,00      0,00      0,00      0,00      0,00      0,00      0,00      0,00
19:13:38      ens2np0 1197346,50 1197296,50 1192669,37 1192619,56      0,00      0,00      0,00     97,70
19:13:38      ens2np1      0,00      0,00      0,00      0,00      0,00      0,00      0,00      0,00

19:13:38        CPU      %usr     %nice      %sys   %iowait    %steal      %irq     %soft    %guest    %gnice     %idle
19:13:40        all      0,03      0,00      0,10      0,07      0,00      0,00      0,80      0,00      0,00     98,99
19:13:40          0      0,61      0,00      0,61      0,00      0,00      0,00      3,66      0,00      0,00     95,12
19:13:40          1      0,00      0,00      0,00      0,00      0,00      0,00      0,63      0,00      0,00     99,37
19:13:40          2      0,00      0,00      0,62      0,62      0,00      0,00      1,86      0,00      0,00     96,89
19:13:40          3      0,00      0,00      0,62      0,62      0,00      0,00      1,85      0,00      0,00     96,91
19:13:40          4      0,00      0,00      0,00      0,00      0,00      0,00      2,48      0,00      0,00     97,52
19:13:40          5      0,00      0,00      0,00      0,00      0,00      0,00      1,88      0,00      0,00     98,12
19:13:40          6      0,00      0,00      0,00      0,00      0,00      0,00      1,26      0,00      0,00     98,74
19:13:40          7      0,00      0,00      0,00      0,00      0,00      0,00      0,64      0,00      0,00     99,36
19:13:40          8      0,00      0,00      0,00      0,00      0,00      0,00      0,00      0,00      0,00    100,00
19:13:40          9      0,00      0,00      0,00      0,00      0,00      0,00      0,00      0,00      0,00    100,00
19:13:40         10      0,00      0,00      0,00      0,00      0,00      0,00      0,00      0,00      0,00    100,00
19:13:40         11      0,00      0,00      0,00      0,00      0,00      0,00      0,00      0,00      0,00    100,00
19:13:40         12      0,00      0,00      0,00      0,00      0,00      0,00      0,00      0,00      0,00    100,00
19:13:40         13      0,00      0,00      0,00      0,00      0,00      0,00      0,00      0,00      0,00    100,00
19:13:40         14      0,00      0,00      0,00      0,00      0,00      0,00      0,00      0,00      0,00    100,00
19:13:40         15      0,00      0,00      0,00      0,00      0,00      0,00      0,00      0,00      0,00    100,00

19:13:38        IFACE   rxpck/s   txpck/s    rxkB/s    txkB/s   rxcmp/s   txcmp/s  rxmcst/s   %ifutil
19:13:40           lo      0,00      0,00      0,00      0,00      0,00      0,00      0,00      0,00
19:13:40         eno1     14,50      5,50      1,27      1,08      0,00      0,00      1,00      0,00
19:13:40         eno2      0,00      0,00      0,00      0,00      0,00      0,00      0,00      0,00
19:13:40      docker0      0,00      0,00      0,00      0,00      0,00      0,00      0,00      0,00
19:13:40      ens2np0 1197300,00 1197135,50 1192623,05 1192459,19      0,00      0,00      0,00     97,70
19:13:40      ens2np1      0,00      0,00      0,00      0,00      0,00      0,00      0,00      0,00

19:13:40        CPU      %usr     %nice      %sys   %iowait    %steal      %irq     %soft    %guest    %gnice     %idle
19:13:42        all      0,00      0,00      0,00      0,03      0,00      0,00      0,59      0,00      0,00     99,37
19:13:42          0      0,00      0,00      0,00      0,00      0,00      0,00      0,63      0,00      0,00     99,37
19:13:42          1      0,00      0,00      0,00      0,00      0,00      0,00      0,63      0,00      0,00     99,37
19:13:42          2      0,00      0,00      0,00      0,00      0,00      0,00      1,27      0,00      0,00     98,73
19:13:42          3      0,00      0,00      0,00      0,00      0,00      0,00      1,27      0,00      0,00     98,73
19:13:42          4      0,00      0,00      0,00      0,00      0,00      0,00      0,63      0,00      0,00     99,37
19:13:42          5      0,00      0,00      0,00      0,00      0,00      0,00      1,88      0,00      0,00     98,12
19:13:42          6      0,00      0,00      0,00      0,61      0,00      0,00      2,45      0,00      0,00     96,93
19:13:42          7      0,00      0,00      0,00      0,00      0,00      0,00      1,89      0,00      0,00     98,11
19:13:42          8      0,00      0,00      0,00      0,00      0,00      0,00      0,00      0,00      0,00    100,00
19:13:42          9      0,00      0,00      0,00      0,00      0,00      0,00      0,00      0,00      0,00    100,00
19:13:42         10      0,00      0,00      0,00      0,00      0,00      0,00      0,00      0,00      0,00    100,00
19:13:42         11      0,00      0,00      0,00      0,00      0,00      0,00      0,00      0,00      0,00    100,00
19:13:42         12      0,00      0,00      0,00      0,00      0,00      0,00      0,00      0,00      0,00    100,00
19:13:42         13      0,00      0,00      0,00      0,00      0,00      0,00      0,00      0,00      0,00    100,00
19:13:42         14      0,00      0,00      0,00      0,00      0,00      0,00      0,00      0,00      0,00    100,00
19:13:42         15      0,00      0,00      0,00      0,00      0,00      0,00      0,00      0,00      0,00    100,00

19:13:40        IFACE   rxpck/s   txpck/s    rxkB/s    txkB/s   rxcmp/s   txcmp/s  rxmcst/s   %ifutil
19:13:42           lo      0,00      0,00      0,00      0,00      0,00      0,00      0,00      0,00
19:13:42         eno1      9,50      1,50      0,63      0,14      0,00      0,00      1,00      0,00
19:13:42         eno2      0,00      0,00      0,00      0,00      0,00      0,00      0,00      0,00
19:13:42      docker0      0,00      0,00      0,00      0,00      0,00      0,00      0,00      0,00
19:13:42      ens2np0 1197321,00 1197706,50 1192643,96 1193027,96      0,00      0,00      0,00     97,73
19:13:42      ens2np1      0,00      0,00      0,00      0,00      0,00      0,00      0,00      0,00

19:13:42        CPU      %usr     %nice      %sys   %iowait    %steal      %irq     %soft    %guest    %gnice     %idle
19:13:44        all      0,07      0,00      0,03      0,00      0,00      0,00      0,76      0,00      0,00     99,13
19:13:44          0      0,00      0,00      0,00      0,00      0,00      0,00      3,11      0,00      0,00     96,89
19:13:44          1      0,00      0,00      0,00      0,00      0,00      0,00      0,63      0,00      0,00     99,37
19:13:44          2      0,63      0,00      0,00      0,00      0,00      0,00      1,27      0,00      0,00     98,10
19:13:44          3      0,00      0,00      0,00      0,00      0,00      0,00      1,88      0,00      0,00     98,12
19:13:44          4      0,62      0,00      0,62      0,00      0,00      0,00      1,86      0,00      0,00     96,89
19:13:44          5      0,00      0,00      0,00      0,00      0,00      0,00      3,68      0,00      0,00     96,32
19:13:44          6      0,00      0,00      0,00      0,00      0,00      0,00      1,25      0,00      0,00     98,75
19:13:44          7      0,00      0,00      0,00      0,00      0,00      0,00      0,00      0,00      0,00    100,00
19:13:44          8      0,00      0,00      0,00      0,00      0,00      0,00      0,00      0,00      0,00    100,00
19:13:44          9      0,00      0,00      0,00      0,00      0,00      0,00      0,00      0,00      0,00    100,00
19:13:44         10      0,00      0,00      0,00      0,00      0,00      0,00      0,00      0,00      0,00    100,00
19:13:44         11      0,00      0,00      0,00      0,00      0,00      0,00      0,00      0,00      0,00    100,00
19:13:44         12      0,00      0,00      0,00      0,00      0,00      0,00      0,00      0,00      0,00    100,00
19:13:44         13      0,00      0,00      0,00      0,00      0,00      0,00      0,00      0,00      0,00    100,00
19:13:44         14      0,00      0,00      0,00      0,00      0,00      0,00      0,00      0,00      0,00    100,00
19:13:44         15      0,00      0,00      0,00      0,00      0,00      0,00      0,00      0,00      0,00    100,00

19:13:42        IFACE   rxpck/s   txpck/s    rxkB/s    txkB/s   rxcmp/s   txcmp/s  rxmcst/s   %ifutil
19:13:44           lo      0,00      0,00      0,00      0,00      0,00      0,00      0,00      0,00
19:13:44         eno1      7,00      1,00      0,45      0,09      0,00      0,00      1,00      0,00
19:13:44         eno2      0,00      0,00      0,00      0,00      0,00      0,00      0,00      0,00
19:13:44      docker0      0,00      0,00      0,00      0,00      0,00      0,00      0,00      0,00
19:13:44      ens2np0 1197320,50 1197000,00 1192643,47 1192324,22      0,00      0,00      0,00     97,70
19:13:44      ens2np1      0,00      0,00      0,00      0,00      0,00      0,00      0,00      0,00

19:13:44        CPU      %usr     %nice      %sys   %iowait    %steal      %irq     %soft    %guest    %gnice     %idle
19:13:46        all      0,00      0,00      0,00      0,00      0,00      0,00      0,52      0,00      0,00     99,48
19:13:46          0      0,00      0,00      0,00      0,00      0,00      0,00      0,64      0,00      0,00     99,36
19:13:46          1      0,00      0,00      0,00      0,00      0,00      0,00      0,00      0,00      0,00    100,00
19:13:46          2      0,00      0,00      0,00      0,00      0,00      0,00      1,27      0,00      0,00     98,73
19:13:46          3      0,00      0,00      0,00      0,00      0,00      0,00      1,86      0,00      0,00     98,14
19:13:46          4      0,00      0,00      0,00      0,00      0,00      0,00      0,00      0,00      0,00    100,00
19:13:46          5      0,00      0,00      0,00      0,00      0,00      0,00      2,48      0,00      0,00     97,52
19:13:46          6      0,00      0,00      0,00      0,00      0,00      0,00      1,84      0,00      0,00     98,16
19:13:46          7      0,00      0,00      0,00      0,00      0,00      0,00      1,27      0,00      0,00     98,73
19:13:46          8      0,00      0,00      0,00      0,00      0,00      0,00      0,00      0,00      0,00    100,00
19:13:46          9      0,00      0,00      0,00      0,00      0,00      0,00      0,00      0,00      0,00    100,00
19:13:46         10      0,00      0,00      0,00      0,00      0,00      0,00      0,00      0,00      0,00    100,00
19:13:46         11      0,00      0,00      0,00      0,00      0,00      0,00      0,00      0,00      0,00    100,00
19:13:46         12      0,00      0,00      0,00      0,00      0,00      0,00      0,00      0,00      0,00    100,00
19:13:46         13      0,00      0,00      0,00      0,00      0,00      0,00      0,00      0,00      0,00    100,00
19:13:46         14      0,00      0,00      0,00      0,00      0,00      0,00      0,00      0,00      0,00    100,00
19:13:46         15      0,00      0,00      0,00      0,00      0,00      0,00      0,00      0,00      0,00    100,00

19:13:44        IFACE   rxpck/s   txpck/s    rxkB/s    txkB/s   rxcmp/s   txcmp/s  rxmcst/s   %ifutil
19:13:46           lo      0,00      0,00      0,00      0,00      0,00      0,00      0,00      0,00
19:13:46         eno1      9,50      1,50      0,83      0,62      0,00      0,00      1,00      0,00
19:13:46         eno2      0,00      0,00      0,00      0,00      0,00      0,00      0,00      0,00
19:13:46      docker0      0,00      0,00      0,00      0,00      0,00      0,00      0,00      0,00
19:13:46      ens2np0 1197312,00 1196913,00 1192635,00 1192237,56      0,00      0,00      0,00     97,70
19:13:46      ens2np1      0,00      0,00      0,00      0,00      0,00      0,00      0,00      0,00

19:13:46        CPU      %usr     %nice      %sys   %iowait    %steal      %irq     %soft    %guest    %gnice     %idle
19:13:48        all      0,00      0,00      0,00      0,00      0,00      0,00      0,24      0,00      0,00     99,76
19:13:48          0      0,00      0,00      0,00      0,00      0,00      0,00      1,27      0,00      0,00     98,73
19:13:48          1      0,00      0,00      0,00      0,00      0,00      0,00      0,64      0,00      0,00     99,36
19:13:48          2      0,00      0,00      0,00      0,00      0,00      0,00      0,64      0,00      0,00     99,36
19:13:48          3      0,00      0,00      0,00      0,00      0,00      0,00      0,00      0,00      0,00    100,00
19:13:48          4      0,00      0,00      0,00      0,00      0,00      0,00      0,63      0,00      0,00     99,37
19:13:48          5      0,00      0,00      0,00      0,00      0,00      0,00      1,26      0,00      0,00     98,74
19:13:48          6      0,00      0,00      0,00      0,00      0,00      0,00      0,00      0,00      0,00    100,00
19:13:48          7      0,00      0,00      0,00      0,00      0,00      0,00      0,00      0,00      0,00    100,00
19:13:48          8      0,00      0,00      0,00      0,00      0,00      0,00      0,00      0,00      0,00    100,00
19:13:48          9      0,00      0,00      0,00      0,00      0,00      0,00      0,00      0,00      0,00    100,00
19:13:48         10      0,00      0,00      0,00      0,00      0,00      0,00      0,00      0,00      0,00    100,00
19:13:48         11      0,00      0,00      0,00      0,00      0,00      0,00      0,00      0,00      0,00    100,00
19:13:48         12      0,00      0,00      0,00      0,00      0,00      0,00      0,00      0,00      0,00    100,00
19:13:48         13      0,00      0,00      0,00      0,00      0,00      0,00      0,00      0,00      0,00    100,00
19:13:48         14      0,00      0,00      0,00      0,00      0,00      0,00      0,00      0,00      0,00    100,00
19:13:48         15      0,00      0,00      0,00      0,00      0,00      0,00      0,00      0,00      0,00    100,00

19:13:46        IFACE   rxpck/s   txpck/s    rxkB/s    txkB/s   rxcmp/s   txcmp/s  rxmcst/s   %ifutil
19:13:48           lo      0,00      0,00      0,00      0,00      0,00      0,00      0,00      0,00
19:13:48         eno1      8,50      0,50      0,53      0,03      0,00      0,00      1,50      0,00
19:13:48         eno2      0,00      0,00      0,00      0,00      0,00      0,00      0,00      0,00
19:13:48      docker0      0,00      0,00      0,00      0,00      0,00      0,00      0,00      0,00
19:13:48      ens2np0 1197296,00 1197968,50 1192619,06 1193288,94      0,00      0,00      0,00     97,75
19:13:48      ens2np1      0,00      0,00      0,00      0,00      0,00      0,00      0,00      0,00

19:13:48        CPU      %usr     %nice      %sys   %iowait    %steal      %irq     %soft    %guest    %gnice     %idle
19:13:50        all      0,28      0,00      0,10      0,00      0,00      0,00      1,11      0,00      0,00     98,51
19:13:50          0      0,00      0,00      0,00      0,00      0,00      0,00      1,89      0,00      0,00     98,11
19:13:50          1      0,00      0,00      0,00      0,00      0,00      0,00      3,09      0,00      0,00     96,91
19:13:50          2      0,00      0,00      0,00      0,00      0,00      0,00      2,52      0,00      0,00     97,48
19:13:50          3      0,00      0,00      0,00      0,00      0,00      0,00      1,26      0,00      0,00     98,74
19:13:50          4      0,00      0,00      0,00      0,00      0,00      0,00      2,50      0,00      0,00     97,50
19:13:50          5      1,22      0,00      0,00      0,00      0,00      0,00      3,05      0,00      0,00     95,73
19:13:50          6      0,00      0,00      0,00      0,00      0,00      0,00      3,70      0,00      0,00     96,30
19:13:50          7      0,63      0,00      0,00      0,00      0,00      0,00      1,90      0,00      0,00     97,47
19:13:50          8      1,49      0,00      0,50      0,00      0,00      0,00      0,00      0,00      0,00     98,01
19:13:50          9      0,50      0,00      0,50      0,00      0,00      0,00      0,00      0,00      0,00     99,00
19:13:50         10      0,00      0,00      0,50      0,00      0,00      0,00      0,00      0,00      0,00     99,50
19:13:50         11      0,50      0,00      0,00      0,00      0,00      0,00      0,00      0,00      0,00     99,50
19:13:50         12      0,00      0,00      0,00      0,00      0,00      0,00      0,00      0,00      0,00    100,00
19:13:50         13      0,00      0,00      0,00      0,00      0,00      0,00      0,00      0,00      0,00    100,00
19:13:50         14      0,00      0,00      0,00      0,00      0,00      0,00      0,00      0,00      0,00    100,00
19:13:50         15      0,00      0,00      0,00      0,00      0,00      0,00      0,00      0,00      0,00    100,00

19:13:48        IFACE   rxpck/s   txpck/s    rxkB/s    txkB/s   rxcmp/s   txcmp/s  rxmcst/s   %ifutil
19:13:50           lo      0,00      0,00      0,00      0,00      0,00      0,00      0,00      0,00
19:13:50         eno1      6,00      0,00      0,38      0,00      0,00      0,00      1,00      0,00
19:13:50         eno2      0,00      0,00      0,00      0,00      0,00      0,00      0,00      0,00
19:13:50      docker0      0,00      0,00      0,00      0,00      0,00      0,00      0,00      0,00
19:13:50      ens2np0 1197316,50 1197190,50 1192639,48 1192513,97      0,00      0,00      0,00     97,70
19:13:50      ens2np1      0,00      0,00      0,00      0,00      0,00      0,00      0,00      0,00

19:13:50        CPU      %usr     %nice      %sys   %iowait    %steal      %irq     %soft    %guest    %gnice     %idle
19:13:52        all      0,00      0,00      0,03      0,03      0,00      0,00      0,66      0,00      0,00     99,27
19:13:52          0      0,00      0,00      0,00      0,00      0,00      0,00      1,26      0,00      0,00     98,74
19:13:52          1      0,00      0,00      0,00      0,00      0,00      0,00      0,63      0,00      0,00     99,37
19:13:52          2      0,00      0,00      0,61      0,00      0,00      0,00      4,27      0,00      0,00     95,12
19:13:52          3      0,00      0,00      0,00      0,63      0,00      0,00      1,26      0,00      0,00     98,11
19:13:52          4      0,00      0,00      0,00      0,00      0,00      0,00      0,63      0,00      0,00     99,37
19:13:52          5      0,00      0,00      0,00      0,00      0,00      0,00      0,00      0,00      0,00    100,00
19:13:52          6      0,00      0,00      0,00      0,00      0,00      0,00      2,48      0,00      0,00     97,52
19:13:52          7      0,00      0,00      0,00      0,00      0,00      0,00      1,27      0,00      0,00     98,73
19:13:52          8      0,00      0,00      0,00      0,00      0,00      0,00      0,00      0,00      0,00    100,00
19:13:52          9      0,00      0,00      0,00      0,00      0,00      0,00      0,00      0,00      0,00    100,00
19:13:52         10      0,00      0,00      0,00      0,00      0,00      0,00      0,00      0,00      0,00    100,00
19:13:52         11      0,00      0,00      0,00      0,00      0,00      0,00      0,00      0,00      0,00    100,00
19:13:52         12      0,00      0,00      0,00      0,00      0,00      0,00      0,00      0,00      0,00    100,00
19:13:52         13      0,00      0,00      0,00      0,00      0,00      0,00      0,00      0,00      0,00    100,00
19:13:52         14      0,00      0,00      0,00      0,00      0,00      0,00      0,00      0,00      0,00    100,00
19:13:52         15      0,00      0,00      0,00      0,00      0,00      0,00      0,00      0,00      0,00    100,00

19:13:50        IFACE   rxpck/s   txpck/s    rxkB/s    txkB/s   rxcmp/s   txcmp/s  rxmcst/s   %ifutil
19:13:52           lo      0,00      0,00      0,00      0,00      0,00      0,00      0,00      0,00
19:13:52         eno1      8,00      1,00      0,53      0,21      0,00      0,00      1,00      0,00
19:13:52         eno2      0,00      0,00      0,00      0,00      0,00      0,00      0,00      0,00
19:13:52      docker0      0,00      0,00      0,00      0,00      0,00      0,00      0,00      0,00
19:13:52      ens2np0 1197308,50 1197078,00 1192631,51 1192401,91      0,00      0,00      0,00     97,70
19:13:52      ens2np1      0,00      0,00      0,00      0,00      0,00      0,00      0,00      0,00

19:13:52        CPU      %usr     %nice      %sys   %iowait    %steal      %irq     %soft    %guest    %gnice     %idle
19:13:54        all      0,00      0,00      0,00      0,00      0,00      0,00      0,21      0,00      0,00     99,79
19:13:54          0      0,00      0,00      0,00      0,00      0,00      0,00      1,27      0,00      0,00     98,73
19:13:54          1      0,00      0,00      0,00      0,00      0,00      0,00      0,64      0,00      0,00     99,36
19:13:54          2      0,00      0,00      0,00      0,00      0,00      0,00      0,00      0,00      0,00    100,00
19:13:54          3      0,00      0,00      0,00      0,00      0,00      0,00      1,88      0,00      0,00     98,12
19:13:54          4      0,00      0,00      0,00      0,00      0,00      0,00      0,00      0,00      0,00    100,00
19:13:54          5      0,00      0,00      0,00      0,00      0,00      0,00      0,00      0,00      0,00    100,00
19:13:54          6      0,00      0,00      0,00      0,00      0,00      0,00      0,00      0,00      0,00    100,00
19:13:54          7      0,00      0,00      0,00      0,00      0,00      0,00      0,00      0,00      0,00    100,00
19:13:54          8      0,00      0,00      0,00      0,00      0,00      0,00      0,00      0,00      0,00    100,00
19:13:54          9      0,00      0,00      0,00      0,00      0,00      0,00      0,00      0,00      0,00    100,00
19:13:54         10      0,00      0,00      0,00      0,00      0,00      0,00      0,00      0,00      0,00    100,00
19:13:54         11      0,00      0,00      0,00      0,00      0,00      0,00      0,00      0,00      0,00    100,00
19:13:54         12      0,00      0,00      0,00      0,00      0,00      0,00      0,00      0,00      0,00    100,00
19:13:54         13      0,00      0,00      0,00      0,00      0,00      0,00      0,00      0,00      0,00    100,00
19:13:54         14      0,00      0,00      0,00      0,00      0,00      0,00      0,00      0,00      0,00    100,00
19:13:54         15      0,00      0,00      0,00      0,00      0,00      0,00      0,00      0,00      0,00    100,00

19:13:52        IFACE   rxpck/s   txpck/s    rxkB/s    txkB/s   rxcmp/s   txcmp/s  rxmcst/s   %ifutil
19:13:54           lo      0,00      0,00      0,00      0,00      0,00      0,00      0,00      0,00
19:13:54         eno1      5,00      0,00      0,31      0,00      0,00      0,00      1,00      0,00
19:13:54         eno2      0,00      0,00      0,00      0,00      0,00      0,00      0,00      0,00
19:13:54      docker0      0,00      0,00      0,00      0,00      0,00      0,00      0,00      0,00
19:13:54      ens2np0 1197302,00 1197613,00 1192625,04 1192934,82      0,00      0,00      0,00     97,73
19:13:54      ens2np1      0,00      0,00      0,00      0,00      0,00      0,00      0,00      0,00

19:13:54        CPU      %usr     %nice      %sys   %iowait    %steal      %irq     %soft    %guest    %gnice     %idle
19:13:56        all      0,17      0,00      0,00      0,00      0,00      0,00      0,59      0,00      0,00     99,24
19:13:56          0      0,00      0,00      0,00      0,00      0,00      0,00      0,63      0,00      0,00     99,37
19:13:56          1      0,63      0,00      0,00      0,00      0,00      0,00      0,00      0,00      0,00     99,37
19:13:56          2      0,00      0,00      0,00      0,00      0,00      0,00      2,48      0,00      0,00     97,52
19:13:56          3      0,00      0,00      0,00      0,00      0,00      0,00      1,86      0,00      0,00     98,14
19:13:56          4      0,00      0,00      0,00      0,00      0,00      0,00      0,63      0,00      0,00     99,37
19:13:56          5      0,00      0,00      0,00      0,00      0,00      0,00      3,07      0,00      0,00     96,93
19:13:56          6      0,00      0,00      0,00      0,00      0,00      0,00      1,26      0,00      0,00     98,74
19:13:56          7      0,00      0,00      0,00      0,00      0,00      0,00      0,64      0,00      0,00     99,36
19:13:56          8      0,00      0,00      0,00      0,00      0,00      0,00      0,00      0,00      0,00    100,00
19:13:56          9      0,00      0,00      0,00      0,00      0,00      0,00      0,00      0,00      0,00    100,00
19:13:56         10      0,50      0,00      0,00      0,00      0,00      0,00      0,00      0,00      0,00     99,50
19:13:56         11      0,50      0,00      0,00      0,00      0,00      0,00      0,00      0,00      0,00     99,50
19:13:56         12      0,50      0,00      0,00      0,00      0,00      0,00      0,00      0,00      0,00     99,50
19:13:56         13      0,50      0,00      0,00      0,00      0,00      0,00      0,00      0,00      0,00     99,50
19:13:56         14      0,00      0,00      0,00      0,00      0,00      0,00      0,00      0,00      0,00    100,00
19:13:56         15      0,00      0,00      0,00      0,00      0,00      0,00      0,00      0,00      0,00    100,00

19:13:54        IFACE   rxpck/s   txpck/s    rxkB/s    txkB/s   rxcmp/s   txcmp/s  rxmcst/s   %ifutil
19:13:56           lo      0,00      0,00      0,00      0,00      0,00      0,00      0,00      0,00
19:13:56         eno1      7,00      0,00      0,44      0,00      0,00      0,00      1,00      0,00
19:13:56         eno2      0,00      0,00      0,00      0,00      0,00      0,00      0,00      0,00
19:13:56      docker0      0,00      0,00      0,00      0,00      0,00      0,00      0,00      0,00
19:13:56      ens2np0 1197322,00 1197076,50 1192644,96 1192400,42      0,00      0,00      0,00     97,70
19:13:56      ens2np1      0,00      0,00      0,00      0,00      0,00      0,00      0,00      0,00

19:13:56        CPU      %usr     %nice      %sys   %iowait    %steal      %irq     %soft    %guest    %gnice     %idle
19:13:58        all      0,07      0,00      0,03      0,00      0,00      0,00      0,38      0,00      0,00     99,51
19:13:58          0      0,00      0,00      0,00      0,00      0,00      0,00      0,64      0,00      0,00     99,36
19:13:58          1      0,00      0,00      0,00      0,00      0,00      0,00      0,64      0,00      0,00     99,36
19:13:58          2      0,63      0,00      0,00      0,00      0,00      0,00      1,89      0,00      0,00     97,48
19:13:58          3      0,00      0,00      0,00      0,00      0,00      0,00      0,00      0,00      0,00    100,00
19:13:58          4      0,00      0,00      0,00      0,00      0,00      0,00      0,63      0,00      0,00     99,37
19:13:58          5      0,00      0,00      0,00      0,00      0,00      0,00      1,26      0,00      0,00     98,74
19:13:58          6      0,00      0,00      0,00      0,00      0,00      0,00      1,26      0,00      0,00     98,74
19:13:58          7      0,00      0,00      0,00      0,00      0,00      0,00      0,64      0,00      0,00     99,36
19:13:58          8      0,00      0,00      0,00      0,00      0,00      0,00      0,00      0,00      0,00    100,00
19:13:58          9      0,00      0,00      0,00      0,00      0,00      0,00      0,00      0,00      0,00    100,00
19:13:58         10      0,00      0,00      0,00      0,00      0,00      0,00      0,00      0,00      0,00    100,00
19:13:58         11      0,00      0,00      0,00      0,00      0,00      0,00      0,00      0,00      0,00    100,00
19:13:58         12      0,00      0,00      0,50      0,00      0,00      0,00      0,00      0,00      0,00     99,50
19:13:58         13      0,50      0,00      0,00      0,00      0,00      0,00      0,00      0,00      0,00     99,50
19:13:58         14      0,00      0,00      0,00      0,00      0,00      0,00      0,00      0,00      0,00    100,00
19:13:58         15      0,00      0,00      0,00      0,00      0,00      0,00      0,00      0,00      0,00    100,00

19:13:56        IFACE   rxpck/s   txpck/s    rxkB/s    txkB/s   rxcmp/s   txcmp/s  rxmcst/s   %ifutil
19:13:58           lo      0,00      0,00      0,00      0,00      0,00      0,00      0,00      0,00
19:13:58         eno1      9,50      4,00      0,88      0,95      0,00      0,00      1,00      0,00
19:13:58         eno2      0,00      0,00      0,00      0,00      0,00      0,00      0,00      0,00
19:13:58      docker0      0,00      0,00      0,00      0,00      0,00      0,00      0,00      0,00
19:13:58      ens2np0 1197319,00 1197132,00 1192641,97 1192455,70      0,00      0,00      0,00     97,70
19:13:58      ens2np1      0,00      0,00      0,00      0,00      0,00      0,00      0,00      0,00

19:13:58        CPU      %usr     %nice      %sys   %iowait    %steal      %irq     %soft    %guest    %gnice     %idle
19:14:00        all      0,35      0,00      0,21      0,00      0,00      0,00      1,14      0,00      0,00     98,30
19:14:00          0      0,00      0,00      0,00      0,00      0,00      0,00      3,70      0,00      0,00     96,30
19:14:00          1      0,00      0,00      0,00      0,00      0,00      0,00      3,09      0,00      0,00     96,91
19:14:00          2      0,63      0,00      0,63      0,00      0,00      0,00      1,90      0,00      0,00     96,84
19:14:00          3      0,00      0,00      0,00      0,00      0,00      0,00      2,48      0,00      0,00     97,52
19:14:00          4      0,00      0,00      0,00      0,00      0,00      0,00      1,27      0,00      0,00     98,73
19:14:00          5      0,00      0,00      0,62      0,00      0,00      0,00      1,86      0,00      0,00     97,52
19:14:00          6      0,61      0,00      0,00      0,00      0,00      0,00      3,68      0,00      0,00     95,71
19:14:00          7      0,00      0,00      0,00      0,00      0,00      0,00      2,50      0,00      0,00     97,50
19:14:00          8      0,00      0,00      0,00      0,00      0,00      0,00      0,00      0,00      0,00    100,00
19:14:00          9      0,99      0,00      0,99      0,00      0,00      0,00      0,00      0,00      0,00     98,02
19:14:00         10      1,01      0,00      0,00      0,00      0,00      0,00      0,00      0,00      0,00     98,99
19:14:00         11      0,00      0,00      0,00      0,00      0,00      0,00      0,00      0,00      0,00    100,00
19:14:00         12      0,50      0,00      0,00      0,00      0,00      0,00      0,00      0,00      0,00     99,50
19:14:00         13      0,50      0,00      0,00      0,00      0,00      0,00      0,00      0,00      0,00     99,50
19:14:00         14      0,50      0,00      0,50      0,00      0,00      0,00      0,00      0,00      0,00     99,00
19:14:00         15      0,50      0,00      0,50      0,00      0,00      0,00      0,00      0,00      0,00     99,00

19:13:58        IFACE   rxpck/s   txpck/s    rxkB/s    txkB/s   rxcmp/s   txcmp/s  rxmcst/s   %ifutil
19:14:00           lo      0,00      0,00      0,00      0,00      0,00      0,00      0,00      0,00
19:14:00         eno1      7,00      1,50      0,51      0,13      0,00      0,00      1,00      0,00
19:14:00         eno2      0,00      0,00      0,00      0,00      0,00      0,00      0,00      0,00
19:14:00      docker0      0,00      0,00      0,00      0,00      0,00      0,00      0,00      0,00
19:14:00      ens2np0 1197342,50 1197692,50 1192665,38 1193014,01      0,00      0,00      0,00     97,73
19:14:00      ens2np1      0,00      0,00      0,00      0,00      0,00      0,00      0,00      0,00

19:14:00        CPU      %usr     %nice      %sys   %iowait    %steal      %irq     %soft    %guest    %gnice     %idle
19:14:02        all      0,00      0,00      0,00      0,00      0,00      0,00      0,63      0,00      0,00     99,37
19:14:02          0      0,00      0,00      0,00      0,00      0,00      0,00      0,00      0,00      0,00    100,00
19:14:02          1      0,00      0,00      0,00      0,00      0,00      0,00      0,63      0,00      0,00     99,37
19:14:02          2      0,00      0,00      0,00      0,00      0,00      0,00      1,90      0,00      0,00     98,10
19:14:02          3      0,00      0,00      0,00      0,00      0,00      0,00      1,88      0,00      0,00     98,12
19:14:02          4      0,00      0,00      0,00      0,00      0,00      0,00      1,25      0,00      0,00     98,75
19:14:02          5      0,00      0,00      0,00      0,00      0,00      0,00      4,27      0,00      0,00     95,73
19:14:02          6      0,00      0,00      0,00      0,00      0,00      0,00      1,26      0,00      0,00     98,74
19:14:02          7      0,00      0,00      0,00      0,00      0,00      0,00      0,00      0,00      0,00    100,00
19:14:02          8      0,00      0,00      0,00      0,00      0,00      0,00      0,00      0,00      0,00    100,00
19:14:02          9      0,00      0,00      0,00      0,00      0,00      0,00      0,00      0,00      0,00    100,00
19:14:02         10      0,00      0,00      0,00      0,00      0,00      0,00      0,00      0,00      0,00    100,00
19:14:02         11      0,00      0,00      0,00      0,00      0,00      0,00      0,00      0,00      0,00    100,00
19:14:02         12      0,00      0,00      0,00      0,00      0,00      0,00      0,00      0,00      0,00    100,00
19:14:02         13      0,00      0,00      0,00      0,00      0,00      0,00      0,00      0,00      0,00    100,00
19:14:02         14      0,00      0,00      0,00      0,00      0,00      0,00      0,00      0,00      0,00    100,00
19:14:02         15      0,00      0,00      0,00      0,00      0,00      0,00      0,00      0,00      0,00    100,00

19:14:00        IFACE   rxpck/s   txpck/s    rxkB/s    txkB/s   rxcmp/s   txcmp/s  rxmcst/s   %ifutil
19:14:02           lo      0,00      0,00      0,00      0,00      0,00      0,00      0,00      0,00
19:14:02         eno1     10,50      2,00      0,70      0,17      0,00      0,00      1,50      0,00
19:14:02         eno2      0,00      0,00      0,00      0,00      0,00      0,00      0,00      0,00
19:14:02      docker0      0,00      0,00      0,00      0,00      0,00      0,00      0,00      0,00
19:14:02      ens2np0 1197300,50 1197593,50 1192623,54 1192915,40      0,00      0,00      0,00     97,72
19:14:02      ens2np1      0,00      0,00      0,00      0,00      0,00      0,00      0,00      0,00

19:14:02        CPU      %usr     %nice      %sys   %iowait    %steal      %irq     %soft    %guest    %gnice     %idle
19:14:04        all      0,03      0,00      0,00      0,00      0,00      0,00      0,66      0,00      0,00     99,30
19:14:04          0      0,00      0,00      0,00      0,00      0,00      0,00      0,63      0,00      0,00     99,37
19:14:04          1      0,00      0,00      0,00      0,00      0,00      0,00      0,63      0,00      0,00     99,37
19:14:04          2      0,00      0,00      0,00      0,00      0,00      0,00      3,11      0,00      0,00     96,89
19:14:04          3      0,00      0,00      0,00      0,00      0,00      0,00      1,26      0,00      0,00     98,74
19:14:04          4      0,62      0,00      0,00      0,00      0,00      0,00      1,86      0,00      0,00     97,52
19:14:04          5      0,00      0,00      0,00      0,00      0,00      0,00      2,45      0,00      0,00     97,55
19:14:04          6      0,00      0,00      0,00      0,00      0,00      0,00      1,88      0,00      0,00     98,12
19:14:04          7      0,00      0,00      0,00      0,00      0,00      0,00      0,00      0,00      0,00    100,00
19:14:04          8      0,00      0,00      0,00      0,00      0,00      0,00      0,00      0,00      0,00    100,00
19:14:04          9      0,00      0,00      0,00      0,00      0,00      0,00      0,00      0,00      0,00    100,00
19:14:04         10      0,00      0,00      0,00      0,00      0,00      0,00      0,00      0,00      0,00    100,00
19:14:04         11      0,00      0,00      0,00      0,00      0,00      0,00      0,00      0,00      0,00    100,00
19:14:04         12      0,00      0,00      0,00      0,00      0,00      0,00      0,00      0,00      0,00    100,00
19:14:04         13      0,00      0,00      0,00      0,00      0,00      0,00      0,00      0,00      0,00    100,00
19:14:04         14      0,00      0,00      0,00      0,00      0,00      0,00      0,00      0,00      0,00    100,00
19:14:04         15      0,00      0,00      0,00      0,00      0,00      0,00      0,00      0,00      0,00    100,00

19:14:02        IFACE   rxpck/s   txpck/s    rxkB/s    txkB/s   rxcmp/s   txcmp/s  rxmcst/s   %ifutil
19:14:04           lo      0,00      0,00      0,00      0,00      0,00      0,00      0,00      0,00
19:14:04         eno1      6,50      1,50      0,48      0,13      0,00      0,00      1,00      0,00
19:14:04         eno2      0,00      0,00      0,00      0,00      0,00      0,00      0,00      0,00
19:14:04      docker0      0,00      0,00      0,00      0,00      0,00      0,00      0,00      0,00
19:14:04      ens2np0 1197272,00 1196931,50 1192595,16 1192255,99      0,00      0,00      0,00     97,70
19:14:04      ens2np1      0,00      0,00      0,00      0,00      0,00      0,00      0,00      0,00

Average:        CPU      %usr     %nice      %sys   %iowait    %steal      %irq     %soft    %guest    %gnice     %idle
Average:        all      0,12      0,00      0,05      0,01      0,00      0,00      0,51      0,00      0,00     99,32
Average:          0      0,05      0,00      0,02      0,00      0,00      0,00      1,26      0,00      0,00     98,67
Average:          1      0,02      0,00      0,02      0,02      0,00      0,00      0,81      0,00      0,00     99,12
Average:          2      0,14      0,00      0,12      0,02      0,00      0,00      1,41      0,00      0,00     98,31
Average:          3      0,09      0,00      0,02      0,05      0,00      0,00      1,30      0,00      0,00     98,53
Average:          4      0,24      0,00      0,07      0,00      0,00      0,00      0,86      0,00      0,00     98,83
Average:          5      0,24      0,00      0,05      0,00      0,00      0,00      1,42      0,00      0,00     98,30
Average:          6      0,10      0,00      0,02      0,02      0,00      0,00      1,14      0,00      0,00     98,72
Average:          7      0,12      0,00      0,05      0,00      0,00      0,00      0,70      0,00      0,00     99,14
Average:          8      0,10      0,00      0,04      0,00      0,00      0,00      0,00      0,00      0,00     99,86
Average:          9      0,16      0,00      0,10      0,00      0,00      0,00      0,00      0,00      0,00     99,74
Average:         10      0,10      0,00      0,04      0,00      0,00      0,00      0,00      0,00      0,00     99,86
Average:         11      0,12      0,00      0,00      0,00      0,00      0,00      0,00      0,00      0,00     99,88
Average:         12      0,14      0,00      0,08      0,00      0,00      0,00      0,00      0,00      0,00     99,78
Average:         13      0,10      0,00      0,02      0,00      0,00      0,00      0,00      0,00      0,00     99,88
Average:         14      0,06      0,00      0,02      0,00      0,00      0,00      0,00      0,00      0,00     99,92
Average:         15      0,12      0,00      0,08      0,00      0,00      0,00      0,00      0,00      0,00     99,80

Average:        IFACE   rxpck/s   txpck/s    rxkB/s    txkB/s   rxcmp/s   txcmp/s  rxmcst/s   %ifutil
Average:           lo      0,04      0,04      0,00      0,00      0,00      0,00      0,00      0,00
Average:         eno1      8,94      2,66      0,78      0,43      0,00      0,00      1,08      0,00
Average:         eno2      0,00      0,00      0,00      0,00      0,00      0,00      0,00      0,00
Average:      docker0      0,00      0,00      0,00      0,00      0,00      0,00      0,00      0,00
Average:      ens2np0 937652,56 937632,36 933989,85 933969,73      0,00      0,00      0,00     76,51
Average:      ens2np1      0,00      0,00      0,00      0,00      0,00      0,00      0,00      0,00
