Linux 5.13.0-52-generic (w1) 	21/07/2022 	_x86_64_	(16 CPU)

17:57:56        CPU      %usr     %nice      %sys   %iowait    %steal      %irq     %soft    %guest    %gnice     %idle
17:57:58        all      0,09      0,00      0,00      0,00      0,00      0,00      0,00      0,00      0,00     99,91
17:57:58          0      0,00      0,00      0,00      0,00      0,00      0,00      0,00      0,00      0,00    100,00
17:57:58          1      0,00      0,00      0,00      0,00      0,00      0,00      0,00      0,00      0,00    100,00
17:57:58          2      0,00      0,00      0,00      0,00      0,00      0,00      0,00      0,00      0,00    100,00
17:57:58          3      0,50      0,00      0,00      0,00      0,00      0,00      0,00      0,00      0,00     99,50
17:57:58          4      0,00      0,00      0,00      0,00      0,00      0,00      0,00      0,00      0,00    100,00
17:57:58          5      0,00      0,00      0,00      0,00      0,00      0,00      0,00      0,00      0,00    100,00
17:57:58          6      0,00      0,00      0,00      0,00      0,00      0,00      0,00      0,00      0,00    100,00
17:57:58          7      0,00      0,00      0,00      0,00      0,00      0,00      0,00      0,00      0,00    100,00
17:57:58          8      0,00      0,00      0,00      0,00      0,00      0,00      0,00      0,00      0,00    100,00
17:57:58          9      0,00      0,00      0,00      0,00      0,00      0,00      0,00      0,00      0,00    100,00
17:57:58         10      0,00      0,00      0,00      0,00      0,00      0,00      0,00      0,00      0,00    100,00
17:57:58         11      0,50      0,00      0,00      0,00      0,00      0,00      0,00      0,00      0,00     99,50
17:57:58         12      0,00      0,00      0,00      0,00      0,00      0,00      0,00      0,00      0,00    100,00
17:57:58         13      0,00      0,00      0,00      0,00      0,00      0,00      0,00      0,00      0,00    100,00
17:57:58         14      0,50      0,00      0,00      0,00      0,00      0,00      0,00      0,00      0,00     99,50
17:57:58         15      0,00      0,00      0,00      0,00      0,00      0,00      0,00      0,00      0,00    100,00

17:57:56        IFACE   rxpck/s   txpck/s    rxkB/s    txkB/s   rxcmp/s   txcmp/s  rxmcst/s   %ifutil
17:57:58           lo      0,00      0,00      0,00      0,00      0,00      0,00      0,00      0,00
17:57:58         eno1     22,00     17,00      3,73      3,32      0,00      0,00      1,00      0,00
17:57:58         eno2      0,00      0,00      0,00      0,00      0,00      0,00      0,00      0,00
17:57:58      docker0      0,00      0,00      0,00      0,00      0,00      0,00      0,00      0,00
17:57:58      ens2np0      0,00      0,00      0,00      0,00      0,00      0,00      0,00      0,00
17:57:58      ens2np1      0,00      0,00      0,00      0,00      0,00      0,00      0,00      0,00

17:57:58        CPU      %usr     %nice      %sys   %iowait    %steal      %irq     %soft    %guest    %gnice     %idle
17:58:00        all      0,25      0,00      0,16      0,00      0,00      0,00      0,00      0,00      0,00     99,59
17:58:00          0      1,00      0,00      0,50      0,00      0,00      0,00      0,00      0,00      0,00     98,50
17:58:00          1      0,00      0,00      0,50      0,00      0,00      0,00      0,00      0,00      0,00     99,50
17:58:00          2      0,00      0,00      0,00      0,00      0,00      0,00      0,00      0,00      0,00    100,00
17:58:00          3      0,00      0,00      0,00      0,00      0,00      0,00      0,00      0,00      0,00    100,00
17:58:00          4      0,00      0,00      0,00      0,00      0,00      0,00      0,00      0,00      0,00    100,00
17:58:00          5      0,00      0,00      0,00      0,00      0,00      0,00      0,00      0,00      0,00    100,00
17:58:00          6      0,00      0,00      0,50      0,00      0,00      0,00      0,00      0,00      0,00     99,50
17:58:00          7      2,00      0,00      0,00      0,00      0,00      0,00      0,00      0,00      0,00     98,00
17:58:00          8      0,00      0,00      0,00      0,00      0,00      0,00      0,00      0,00      0,00    100,00
17:58:00          9      0,00      0,00      0,00      0,00      0,00      0,00      0,00      0,00      0,00    100,00
17:58:00         10      0,00      0,00      0,50      0,00      0,00      0,00      0,00      0,00      0,00     99,50
17:58:00         11      0,00      0,00      0,00      0,00      0,00      0,00      0,00      0,00      0,00    100,00
17:58:00         12      0,50      0,00      0,00      0,00      0,00      0,00      0,00      0,00      0,00     99,50
17:58:00         13      0,00      0,00      0,50      0,00      0,00      0,00      0,00      0,00      0,00     99,50
17:58:00         14      0,00      0,00      0,00      0,00      0,00      0,00      0,00      0,00      0,00    100,00
17:58:00         15      0,50      0,00      0,00      0,00      0,00      0,00      0,00      0,00      0,00     99,50

17:57:58        IFACE   rxpck/s   txpck/s    rxkB/s    txkB/s   rxcmp/s   txcmp/s  rxmcst/s   %ifutil
17:58:00           lo      0,00      0,00      0,00      0,00      0,00      0,00      0,00      0,00
17:58:00         eno1      5,00      0,00      0,31      0,00      0,00      0,00      1,00      0,00
17:58:00         eno2      0,00      0,00      0,00      0,00      0,00      0,00      0,00      0,00
17:58:00      docker0      0,00      0,00      0,00      0,00      0,00      0,00      0,00      0,00
17:58:00      ens2np0      0,00      0,00      0,00      0,00      0,00      0,00      0,00      0,00
17:58:00      ens2np1      0,00      0,00      0,00      0,00      0,00      0,00      0,00      0,00

17:58:00        CPU      %usr     %nice      %sys   %iowait    %steal      %irq     %soft    %guest    %gnice     %idle
17:58:02        all      0,00      0,00      0,00      0,00      0,00      0,00      0,00      0,00      0,00    100,00
17:58:02          0      0,00      0,00      0,00      0,00      0,00      0,00      0,00      0,00      0,00    100,00
17:58:02          1      0,00      0,00      0,00      0,00      0,00      0,00      0,00      0,00      0,00    100,00
17:58:02          2      0,00      0,00      0,00      0,00      0,00      0,00      0,00      0,00      0,00    100,00
17:58:02          3      0,00      0,00      0,00      0,00      0,00      0,00      0,00      0,00      0,00    100,00
17:58:02          4      0,00      0,00      0,00      0,00      0,00      0,00      0,00      0,00      0,00    100,00
17:58:02          5      0,00      0,00      0,00      0,00      0,00      0,00      0,00      0,00      0,00    100,00
17:58:02          6      0,00      0,00      0,00      0,00      0,00      0,00      0,00      0,00      0,00    100,00
17:58:02          7      0,00      0,00      0,00      0,00      0,00      0,00      0,00      0,00      0,00    100,00
17:58:02          8      0,00      0,00      0,00      0,00      0,00      0,00      0,00      0,00      0,00    100,00
17:58:02          9      0,00      0,00      0,00      0,00      0,00      0,00      0,00      0,00      0,00    100,00
17:58:02         10      0,00      0,00      0,00      0,00      0,00      0,00      0,00      0,00      0,00    100,00
17:58:02         11      0,00      0,00      0,00      0,00      0,00      0,00      0,00      0,00      0,00    100,00
17:58:02         12      0,00      0,00      0,00      0,00      0,00      0,00      0,00      0,00      0,00    100,00
17:58:02         13      0,00      0,00      0,00      0,00      0,00      0,00      0,00      0,00      0,00    100,00
17:58:02         14      0,00      0,00      0,00      0,00      0,00      0,00      0,00      0,00      0,00    100,00
17:58:02         15      0,00      0,00      0,00      0,00      0,00      0,00      0,00      0,00      0,00    100,00

17:58:00        IFACE   rxpck/s   txpck/s    rxkB/s    txkB/s   rxcmp/s   txcmp/s  rxmcst/s   %ifutil
17:58:02           lo      0,00      0,00      0,00      0,00      0,00      0,00      0,00      0,00
17:58:02         eno1      6,00      0,00      0,38      0,00      0,00      0,00      1,00      0,00
17:58:02         eno2      0,00      0,00      0,00      0,00      0,00      0,00      0,00      0,00
17:58:02      docker0      0,00      0,00      0,00      0,00      0,00      0,00      0,00      0,00
17:58:02      ens2np0      0,00      0,00      0,00      0,00      0,00      0,00      0,00      0,00
17:58:02      ens2np1      0,00      0,00      0,00      0,00      0,00      0,00      0,00      0,00

17:58:02        CPU      %usr     %nice      %sys   %iowait    %steal      %irq     %soft    %guest    %gnice     %idle
17:58:04        all      0,03      0,00      0,03      0,00      0,00      0,00      0,00      0,00      0,00     99,94
17:58:04          0      0,00      0,00      0,50      0,00      0,00      0,00      0,00      0,00      0,00     99,50
17:58:04          1      0,00      0,00      0,00      0,00      0,00      0,00      0,00      0,00      0,00    100,00
17:58:04          2      0,00      0,00      0,00      0,00      0,00      0,00      0,00      0,00      0,00    100,00
17:58:04          3      0,00      0,00      0,00      0,00      0,00      0,00      0,00      0,00      0,00    100,00
17:58:04          4      0,00      0,00      0,00      0,00      0,00      0,00      0,00      0,00      0,00    100,00
17:58:04          5      0,00      0,00      0,00      0,00      0,00      0,00      0,00      0,00      0,00    100,00
17:58:04          6      0,00      0,00      0,00      0,00      0,00      0,00      0,00      0,00      0,00    100,00
17:58:04          7      0,00      0,00      0,00      0,00      0,00      0,00      0,00      0,00      0,00    100,00
17:58:04          8      0,00      0,00      0,00      0,00      0,00      0,00      0,00      0,00      0,00    100,00
17:58:04          9      0,00      0,00      0,00      0,00      0,00      0,00      0,00      0,00      0,00    100,00
17:58:04         10      0,00      0,00      0,00      0,00      0,00      0,00      0,00      0,00      0,00    100,00
17:58:04         11      0,00      0,00      0,00      0,00      0,00      0,00      0,00      0,00      0,00    100,00
17:58:04         12      0,00      0,00      0,00      0,00      0,00      0,00      0,00      0,00      0,00    100,00
17:58:04         13      0,00      0,00      0,00      0,00      0,00      0,00      0,00      0,00      0,00    100,00
17:58:04         14      0,00      0,00      0,00      0,00      0,00      0,00      0,00      0,00      0,00    100,00
17:58:04         15      0,50      0,00      0,00      0,00      0,00      0,00      0,00      0,00      0,00     99,50

17:58:02        IFACE   rxpck/s   txpck/s    rxkB/s    txkB/s   rxcmp/s   txcmp/s  rxmcst/s   %ifutil
17:58:04           lo      0,00      0,00      0,00      0,00      0,00      0,00      0,00      0,00
17:58:04         eno1     10,00      1,50      0,76      0,11      0,00      0,00      1,00      0,00
17:58:04         eno2      0,00      0,00      0,00      0,00      0,00      0,00      0,00      0,00
17:58:04      docker0      0,00      0,00      0,00      0,00      0,00      0,00      0,00      0,00
17:58:04      ens2np0      0,00      0,00      0,00      0,00      0,00      0,00      0,00      0,00
17:58:04      ens2np1      0,00      0,00      0,00      0,00      0,00      0,00      0,00      0,00

17:58:04        CPU      %usr     %nice      %sys   %iowait    %steal      %irq     %soft    %guest    %gnice     %idle
17:58:06        all      0,06      0,00      0,03      0,00      0,00      0,00      0,00      0,00      0,00     99,91
17:58:06          0      1,00      0,00      0,00      0,00      0,00      0,00      0,00      0,00      0,00     99,00
17:58:06          1      0,00      0,00      0,00      0,00      0,00      0,00      0,00      0,00      0,00    100,00
17:58:06          2      0,00      0,00      0,00      0,00      0,00      0,00      0,00      0,00      0,00    100,00
17:58:06          3      0,00      0,00      0,00      0,00      0,00      0,00      0,00      0,00      0,00    100,00
17:58:06          4      0,00      0,00      0,50      0,00      0,00      0,00      0,00      0,00      0,00     99,50
17:58:06          5      0,00      0,00      0,00      0,00      0,00      0,00      0,00      0,00      0,00    100,00
17:58:06          6      0,00      0,00      0,00      0,00      0,00      0,00      0,00      0,00      0,00    100,00
17:58:06          7      0,00      0,00      0,00      0,00      0,00      0,00      0,00      0,00      0,00    100,00
17:58:06          8      0,00      0,00      0,00      0,00      0,00      0,00      0,00      0,00      0,00    100,00
17:58:06          9      0,00      0,00      0,00      0,00      0,00      0,00      0,00      0,00      0,00    100,00
17:58:06         10      0,00      0,00      0,00      0,00      0,00      0,00      0,00      0,00      0,00    100,00
17:58:06         11      0,00      0,00      0,00      0,00      0,00      0,00      0,00      0,00      0,00    100,00
17:58:06         12      0,00      0,00      0,00      0,00      0,00      0,00      0,00      0,00      0,00    100,00
17:58:06         13      0,00      0,00      0,00      0,00      0,00      0,00      0,00      0,00      0,00    100,00
17:58:06         14      0,00      0,00      0,00      0,00      0,00      0,00      0,00      0,00      0,00    100,00
17:58:06         15      0,00      0,00      0,00      0,00      0,00      0,00      0,00      0,00      0,00    100,00

17:58:04        IFACE   rxpck/s   txpck/s    rxkB/s    txkB/s   rxcmp/s   txcmp/s  rxmcst/s   %ifutil
17:58:06           lo      0,00      0,00      0,00      0,00      0,00      0,00      0,00      0,00
17:58:06         eno1      9,00      4,50      0,87      1,01      0,00      0,00      1,00      0,00
17:58:06         eno2      0,00      0,00      0,00      0,00      0,00      0,00      0,00      0,00
17:58:06      docker0      0,00      0,00      0,00      0,00      0,00      0,00      0,00      0,00
17:58:06      ens2np0      0,00      0,00      0,00      0,00      0,00      0,00      0,00      0,00
17:58:06      ens2np1      0,00      0,00      0,00      0,00      0,00      0,00      0,00      0,00

17:58:06        CPU      %usr     %nice      %sys   %iowait    %steal      %irq     %soft    %guest    %gnice     %idle
17:58:08        all      0,19      0,00      0,03      0,00      0,00      0,00     14,64      0,00      0,00     85,14
17:58:08          0      0,50      0,00      0,00      0,00      0,00      0,00     57,79      0,00      0,00     41,71
17:58:08          1      0,00      0,00      0,00      0,00      0,00      0,00     57,58      0,00      0,00     42,42
17:58:08          2      0,00      0,00      0,00      0,00      0,00      0,00     57,79      0,00      0,00     42,21
17:58:08          3      0,00      0,00      0,00      0,00      0,00      0,00     57,79      0,00      0,00     42,21
17:58:08          4      0,48      0,00      0,00      0,00      0,00      0,00      4,78      0,00      0,00     94,74
17:58:08          5      1,00      0,00      0,00      0,00      0,00      0,00      0,00      0,00      0,00     99,00
17:58:08          6      0,00      0,00      0,00      0,00      0,00      0,00      0,00      0,00      0,00    100,00
17:58:08          7      0,00      0,00      0,00      0,00      0,00      0,00      0,00      0,00      0,00    100,00
17:58:08          8      0,00      0,00      0,00      0,00      0,00      0,00      0,00      0,00      0,00    100,00
17:58:08          9      0,00      0,00      0,00      0,00      0,00      0,00      0,00      0,00      0,00    100,00
17:58:08         10      0,00      0,00      0,00      0,00      0,00      0,00      0,00      0,00      0,00    100,00
17:58:08         11      0,00      0,00      0,00      0,00      0,00      0,00      0,00      0,00      0,00    100,00
17:58:08         12      0,00      0,00      0,00      0,00      0,00      0,00      0,00      0,00      0,00    100,00
17:58:08         13      0,00      0,00      0,00      0,00      0,00      0,00      0,00      0,00      0,00    100,00
17:58:08         14      0,00      0,00      0,00      0,00      0,00      0,00      0,00      0,00      0,00    100,00
17:58:08         15      1,01      0,00      0,50      0,00      0,00      0,00      0,00      0,00      0,00     98,49

17:58:06        IFACE   rxpck/s   txpck/s    rxkB/s    txkB/s   rxcmp/s   txcmp/s  rxmcst/s   %ifutil
17:58:08           lo      0,00      0,00      0,00      0,00      0,00      0,00      0,00      0,00
17:58:08         eno1     17,00      7,50      1,41      1,73      0,00      0,00      1,00      0,00
17:58:08         eno2      0,00      0,00      0,00      0,00      0,00      0,00      0,00      0,00
17:58:08      docker0      0,00      0,00      0,00      0,00      0,00      0,00      0,00      0,00
17:58:08      ens2np0  60660,00  60573,00  88620,47  88493,37      0,00      0,00      0,00      7,26
17:58:08      ens2np1      0,00      0,00      0,00      0,00      0,00      0,00      0,00      0,00

17:58:08        CPU      %usr     %nice      %sys   %iowait    %steal      %irq     %soft    %guest    %gnice     %idle
17:58:10        all      0,06      0,00      0,03      0,00      0,00      0,00     25,26      0,00      0,00     74,65
17:58:10          0      0,00      0,00      0,00      0,00      0,00      0,00    100,00      0,00      0,00      0,00
17:58:10          1      0,00      0,00      0,00      0,00      0,00      0,00    100,00      0,00      0,00      0,00
17:58:10          2      0,00      0,00      0,00      0,00      0,00      0,00    100,00      0,00      0,00      0,00
17:58:10          3      0,00      0,00      0,00      0,00      0,00      0,00    100,00      0,00      0,00      0,00
17:58:10          4      0,48      0,00      0,00      0,00      0,00      0,00      4,78      0,00      0,00     94,74
17:58:10          5      0,00      0,00      0,00      0,00      0,00      0,00      0,00      0,00      0,00    100,00
17:58:10          6      0,00      0,00      0,50      0,00      0,00      0,00      0,00      0,00      0,00     99,50
17:58:10          7      0,00      0,00      0,00      0,00      0,00      0,00      0,00      0,00      0,00    100,00
17:58:10          8      0,00      0,00      0,00      0,00      0,00      0,00      0,00      0,00      0,00    100,00
17:58:10          9      0,00      0,00      0,00      0,00      0,00      0,00      0,00      0,00      0,00    100,00
17:58:10         10      0,00      0,00      0,00      0,00      0,00      0,00      0,00      0,00      0,00    100,00
17:58:10         11      0,00      0,00      0,00      0,00      0,00      0,00      0,00      0,00      0,00    100,00
17:58:10         12      0,00      0,00      0,00      0,00      0,00      0,00      0,00      0,00      0,00    100,00
17:58:10         13      0,00      0,00      0,00      0,00      0,00      0,00      0,00      0,00      0,00    100,00
17:58:10         14      0,00      0,00      0,00      0,00      0,00      0,00      0,00      0,00      0,00    100,00
17:58:10         15      0,50      0,00      0,00      0,00      0,00      0,00      0,00      0,00      0,00     99,50

17:58:08        IFACE   rxpck/s   txpck/s    rxkB/s    txkB/s   rxcmp/s   txcmp/s  rxmcst/s   %ifutil
17:58:10           lo      0,00      0,00      0,00      0,00      0,00      0,00      0,00      0,00
17:58:10         eno1     12,00      6,00      1,22      1,00      0,00      0,00      1,00      0,00
17:58:10         eno2      0,00      0,00      0,00      0,00      0,00      0,00      0,00      0,00
17:58:10      docker0      0,00      0,00      0,00      0,00      0,00      0,00      0,00      0,00
17:58:10      ens2np0 106604,00 106592,00 155741,78 155724,25      0,00      0,00      0,00     12,76
17:58:10      ens2np1      0,00      0,00      0,00      0,00      0,00      0,00      0,00      0,00

17:58:10        CPU      %usr     %nice      %sys   %iowait    %steal      %irq     %soft    %guest    %gnice     %idle
17:58:12        all      0,59      0,00      0,09      0,00      0,00      0,00     25,35      0,00      0,00     73,97
17:58:12          0      0,00      0,00      0,00      0,00      0,00      0,00    100,00      0,00      0,00      0,00
17:58:12          1      0,00      0,00      0,00      0,00      0,00      0,00    100,00      0,00      0,00      0,00
17:58:12          2      0,00      0,00      0,00      0,00      0,00      0,00    100,00      0,00      0,00      0,00
17:58:12          3      0,00      0,00      0,00      0,00      0,00      0,00    100,00      0,00      0,00      0,00
17:58:12          4      1,39      0,00      0,00      0,00      0,00      0,00      7,41      0,00      0,00     91,20
17:58:12          5      1,49      0,00      0,50      0,00      0,00      0,00      0,00      0,00      0,00     98,01
17:58:12          6      1,51      0,00      0,50      0,00      0,00      0,00      0,00      0,00      0,00     97,99
17:58:12          7      0,50      0,00      0,00      0,00      0,00      0,00      0,00      0,00      0,00     99,50
17:58:12          8      0,50      0,00      0,00      0,00      0,00      0,00      0,00      0,00      0,00     99,50
17:58:12          9      0,00      0,00      0,00      0,00      0,00      0,00      0,00      0,00      0,00    100,00
17:58:12         10      0,00      0,00      0,00      0,00      0,00      0,00      0,00      0,00      0,00    100,00
17:58:12         11      0,50      0,00      0,00      0,00      0,00      0,00      0,00      0,00      0,00     99,50
17:58:12         12      0,99      0,00      0,50      0,00      0,00      0,00      0,00      0,00      0,00     98,51
17:58:12         13      0,50      0,00      0,00      0,00      0,00      0,00      0,00      0,00      0,00     99,50
17:58:12         14      1,49      0,00      0,00      0,00      0,00      0,00      0,00      0,00      0,00     98,51
17:58:12         15      0,50      0,00      0,00      0,00      0,00      0,00      0,00      0,00      0,00     99,50

17:58:10        IFACE   rxpck/s   txpck/s    rxkB/s    txkB/s   rxcmp/s   txcmp/s  rxmcst/s   %ifutil
17:58:12           lo      0,00      0,00      0,00      0,00      0,00      0,00      0,00      0,00
17:58:12         eno1     10,00      4,50      1,16      0,40      0,00      0,00      1,00      0,00
17:58:12         eno2      0,00      0,00      0,00      0,00      0,00      0,00      0,00      0,00
17:58:12      docker0      0,00      0,00      0,00      0,00      0,00      0,00      0,00      0,00
17:58:12      ens2np0 106440,00 106464,00 155502,19 155537,25      0,00      0,00      0,00     12,74
17:58:12      ens2np1      0,00      0,00      0,00      0,00      0,00      0,00      0,00      0,00

17:58:12        CPU      %usr     %nice      %sys   %iowait    %steal      %irq     %soft    %guest    %gnice     %idle
17:58:14        all      0,03      0,00      0,06      0,00      0,00      0,00     25,47      0,00      0,00     74,43
17:58:14          0      0,00      0,00      0,00      0,00      0,00      0,00    100,00      0,00      0,00      0,00
17:58:14          1      0,00      0,00      0,00      0,00      0,00      0,00    100,00      0,00      0,00      0,00
17:58:14          2      0,00      0,00      0,00      0,00      0,00      0,00    100,00      0,00      0,00      0,00
17:58:14          3      0,00      0,00      0,00      0,00      0,00      0,00    100,00      0,00      0,00      0,00
17:58:14          4      0,00      0,00      0,00      0,00      0,00      0,00      9,09      0,00      0,00     90,91
17:58:14          5      0,00      0,00      0,50      0,00      0,00      0,00      0,00      0,00      0,00     99,50
17:58:14          6      0,00      0,00      0,00      0,00      0,00      0,00      0,00      0,00      0,00    100,00
17:58:14          7      0,00      0,00      0,00      0,00      0,00      0,00      0,00      0,00      0,00    100,00
17:58:14          8      0,00      0,00      0,00      0,00      0,00      0,00      0,00      0,00      0,00    100,00
17:58:14          9      0,00      0,00      0,00      0,00      0,00      0,00      0,00      0,00      0,00    100,00
17:58:14         10      0,00      0,00      0,00      0,00      0,00      0,00      0,00      0,00      0,00    100,00
17:58:14         11      0,00      0,00      0,00      0,00      0,00      0,00      0,00      0,00      0,00    100,00
17:58:14         12      0,00      0,00      0,00      0,00      0,00      0,00      0,00      0,00      0,00    100,00
17:58:14         13      0,00      0,00      0,00      0,00      0,00      0,00      0,00      0,00      0,00    100,00
17:58:14         14      0,00      0,00      0,00      0,00      0,00      0,00      0,00      0,00      0,00    100,00
17:58:14         15      0,50      0,00      0,50      0,00      0,00      0,00      0,00      0,00      0,00     99,00

17:58:12        IFACE   rxpck/s   txpck/s    rxkB/s    txkB/s   rxcmp/s   txcmp/s  rxmcst/s   %ifutil
17:58:14           lo      0,00      0,00      0,00      0,00      0,00      0,00      0,00      0,00
17:58:14         eno1      8,00      1,00      0,52      0,09      0,00      0,00      1,00      0,00
17:58:14         eno2      0,00      0,00      0,00      0,00      0,00      0,00      0,00      0,00
17:58:14      docker0      0,00      0,00      0,00      0,00      0,00      0,00      0,00      0,00
17:58:14      ens2np0 106664,00 106656,00 155829,44 155817,75      0,00      0,00      0,00     12,77
17:58:14      ens2np1      0,00      0,00      0,00      0,00      0,00      0,00      0,00      0,00

17:58:14        CPU      %usr     %nice      %sys   %iowait    %steal      %irq     %soft    %guest    %gnice     %idle
17:58:16        all      0,09      0,00      0,06      0,00      0,00      0,00     25,36      0,00      0,00     74,49
17:58:16          0      0,00      0,00      0,00      0,00      0,00      0,00    100,00      0,00      0,00      0,00
17:58:16          1      0,00      0,00      0,00      0,00      0,00      0,00    100,00      0,00      0,00      0,00
17:58:16          2      0,00      0,00      0,00      0,00      0,00      0,00    100,00      0,00      0,00      0,00
17:58:16          3      0,00      0,00      0,00      0,00      0,00      0,00    100,00      0,00      0,00      0,00
17:58:16          4      0,93      0,00      0,00      0,00      0,00      0,00      7,01      0,00      0,00     92,06
17:58:16          5      0,00      0,00      0,00      0,00      0,00      0,00      0,00      0,00      0,00    100,00
17:58:16          6      0,00      0,00      0,00      0,00      0,00      0,00      0,00      0,00      0,00    100,00
17:58:16          7      0,00      0,00      0,00      0,00      0,00      0,00      0,00      0,00      0,00    100,00
17:58:16          8      0,00      0,00      0,00      0,00      0,00      0,00      0,00      0,00      0,00    100,00
17:58:16          9      0,00      0,00      0,00      0,00      0,00      0,00      0,00      0,00      0,00    100,00
17:58:16         10      0,00      0,00      0,00      0,00      0,00      0,00      0,00      0,00      0,00    100,00
17:58:16         11      0,00      0,00      0,00      0,00      0,00      0,00      0,00      0,00      0,00    100,00
17:58:16         12      0,00      0,00      0,50      0,00      0,00      0,00      0,00      0,00      0,00     99,50
17:58:16         13      0,00      0,00      0,00      0,00      0,00      0,00      0,00      0,00      0,00    100,00
17:58:16         14      0,00      0,00      0,50      0,00      0,00      0,00      0,00      0,00      0,00     99,50
17:58:16         15      0,50      0,00      0,00      0,00      0,00      0,00      0,00      0,00      0,00     99,50

17:58:14        IFACE   rxpck/s   txpck/s    rxkB/s    txkB/s   rxcmp/s   txcmp/s  rxmcst/s   %ifutil
17:58:16           lo      1,00      1,00      0,08      0,08      0,00      0,00      0,00      0,00
17:58:16         eno1     10,45      4,98      1,15      0,92      0,00      0,00      1,00      0,00
17:58:16         eno2      0,00      0,00      0,00      0,00      0,00      0,00      0,00      0,00
17:58:16      docker0      0,00      0,00      0,00      0,00      0,00      0,00      0,00      0,00
17:58:16      ens2np0 106045,77 106061,69 154926,24 154949,50      0,00      0,00      0,00     12,69
17:58:16      ens2np1      0,00      0,00      0,00      0,00      0,00      0,00      0,00      0,00

17:58:16        CPU      %usr     %nice      %sys   %iowait    %steal      %irq     %soft    %guest    %gnice     %idle
17:58:18        all      0,00      0,00      0,03      0,00      0,00      0,00     25,26      0,00      0,00     74,70
17:58:18          0      0,00      0,00      0,00      0,00      0,00      0,00    100,00      0,00      0,00      0,00
17:58:18          1      0,00      0,00      0,00      0,00      0,00      0,00    100,00      0,00      0,00      0,00
17:58:18          2      0,00      0,00      0,00      0,00      0,00      0,00    100,00      0,00      0,00      0,00
17:58:18          3      0,00      0,00      0,00      0,00      0,00      0,00    100,00      0,00      0,00      0,00
17:58:18          4      0,00      0,00      0,00      0,00      0,00      0,00      5,24      0,00      0,00     94,76
17:58:18          5      0,00      0,00      0,00      0,00      0,00      0,00      0,00      0,00      0,00    100,00
17:58:18          6      0,00      0,00      0,00      0,00      0,00      0,00      0,00      0,00      0,00    100,00
17:58:18          7      0,00      0,00      0,00      0,00      0,00      0,00      0,00      0,00      0,00    100,00
17:58:18          8      0,00      0,00      0,00      0,00      0,00      0,00      0,00      0,00      0,00    100,00
17:58:18          9      0,00      0,00      0,00      0,00      0,00      0,00      0,00      0,00      0,00    100,00
17:58:18         10      0,00      0,00      0,00      0,00      0,00      0,00      0,00      0,00      0,00    100,00
17:58:18         11      0,00      0,00      0,00      0,00      0,00      0,00      0,00      0,00      0,00    100,00
17:58:18         12      0,00      0,00      0,00      0,00      0,00      0,00      0,00      0,00      0,00    100,00
17:58:18         13      0,00      0,00      0,00      0,00      0,00      0,00      0,00      0,00      0,00    100,00
17:58:18         14      0,00      0,00      0,00      0,00      0,00      0,00      0,00      0,00      0,00    100,00
17:58:18         15      0,00      0,00      0,50      0,00      0,00      0,00      0,00      0,00      0,00     99,50

17:58:16        IFACE   rxpck/s   txpck/s    rxkB/s    txkB/s   rxcmp/s   txcmp/s  rxmcst/s   %ifutil
17:58:18           lo      0,00      0,00      0,00      0,00      0,00      0,00      0,00      0,00
17:58:18         eno1     16,00     10,00      2,04      1,61      0,00      0,00      1,50      0,00
17:58:18         eno2      0,00      0,00      0,00      0,00      0,00      0,00      0,00      0,00
17:58:18      docker0      0,00      0,00      0,00      0,00      0,00      0,00      0,00      0,00
17:58:18      ens2np0 106640,00 106656,00 155794,38 155817,75      0,00      0,00      0,00     12,76
17:58:18      ens2np1      0,00      0,00      0,00      0,00      0,00      0,00      0,00      0,00

17:58:18        CPU      %usr     %nice      %sys   %iowait    %steal      %irq     %soft    %guest    %gnice     %idle
17:58:20        all      0,03      0,00      0,09      0,03      0,00      0,00     25,19      0,00      0,00     74,65
17:58:20          0      0,00      0,00      0,00      0,00      0,00      0,00    100,00      0,00      0,00      0,00
17:58:20          1      0,00      0,00      0,00      0,00      0,00      0,00    100,00      0,00      0,00      0,00
17:58:20          2      0,00      0,00      0,00      0,00      0,00      0,00    100,00      0,00      0,00      0,00
17:58:20          3      0,00      0,00      0,00      0,00      0,00      0,00    100,00      0,00      0,00      0,00
17:58:20          4      0,00      0,00      0,48      0,48      0,00      0,00      3,83      0,00      0,00     95,22
17:58:20          5      0,00      0,00      0,00      0,00      0,00      0,00      0,00      0,00      0,00    100,00
17:58:20          6      0,00      0,00      0,50      0,00      0,00      0,00      0,00      0,00      0,00     99,50
17:58:20          7      0,00      0,00      0,00      0,00      0,00      0,00      0,00      0,00      0,00    100,00
17:58:20          8      0,00      0,00      0,00      0,00      0,00      0,00      0,00      0,00      0,00    100,00
17:58:20          9      0,00      0,00      0,00      0,00      0,00      0,00      0,00      0,00      0,00    100,00
17:58:20         10      0,00      0,00      0,00      0,00      0,00      0,00      0,00      0,00      0,00    100,00
17:58:20         11      0,00      0,00      0,00      0,00      0,00      0,00      0,00      0,00      0,00    100,00
17:58:20         12      0,00      0,00      0,00      0,00      0,00      0,00      0,00      0,00      0,00    100,00
17:58:20         13      0,00      0,00      0,00      0,00      0,00      0,00      0,00      0,00      0,00    100,00
17:58:20         14      0,00      0,00      0,00      0,00      0,00      0,00      0,00      0,00      0,00    100,00
17:58:20         15      0,50      0,00      0,50      0,00      0,00      0,00      0,00      0,00      0,00     99,00

17:58:18        IFACE   rxpck/s   txpck/s    rxkB/s    txkB/s   rxcmp/s   txcmp/s  rxmcst/s   %ifutil
17:58:20           lo      0,00      0,00      0,00      0,00      0,00      0,00      0,00      0,00
17:58:20         eno1      7,50      2,00      0,51      0,20      0,00      0,00      1,50      0,00
17:58:20         eno2      0,00      0,00      0,00      0,00      0,00      0,00      0,00      0,00
17:58:20      docker0      0,00      0,00      0,00      0,00      0,00      0,00      0,00      0,00
17:58:20      ens2np0 106616,00 106624,00 155759,31 155771,00      0,00      0,00      0,00     12,76
17:58:20      ens2np1      0,00      0,00      0,00      0,00      0,00      0,00      0,00      0,00

17:58:20        CPU      %usr     %nice      %sys   %iowait    %steal      %irq     %soft    %guest    %gnice     %idle
17:58:22        all      0,40      0,00      0,19      0,00      0,00      0,00     25,32      0,00      0,00     74,09
17:58:22          0      0,00      0,00      0,00      0,00      0,00      0,00    100,00      0,00      0,00      0,00
17:58:22          1      0,00      0,00      0,00      0,00      0,00      0,00    100,00      0,00      0,00      0,00
17:58:22          2      0,00      0,00      0,00      0,00      0,00      0,00    100,00      0,00      0,00      0,00
17:58:22          3      0,00      0,00      0,00      0,00      0,00      0,00    100,00      0,00      0,00      0,00
17:58:22          4      0,94      0,00      0,00      0,00      0,00      0,00      6,13      0,00      0,00     92,92
17:58:22          5      1,01      0,00      0,00      0,00      0,00      0,00      0,00      0,00      0,00     98,99
17:58:22          6      0,50      0,00      0,50      0,00      0,00      0,00      0,00      0,00      0,00     98,99
17:58:22          7      1,00      0,00      1,00      0,00      0,00      0,00      0,00      0,00      0,00     98,01
17:58:22          8      0,00      0,00      0,00      0,00      0,00      0,00      0,00      0,00      0,00    100,00
17:58:22          9      0,50      0,00      0,00      0,00      0,00      0,00      0,00      0,00      0,00     99,50
17:58:22         10      0,00      0,00      0,00      0,00      0,00      0,00      0,00      0,00      0,00    100,00
17:58:22         11      0,00      0,00      0,00      0,00      0,00      0,00      0,00      0,00      0,00    100,00
17:58:22         12      0,50      0,00      1,00      0,00      0,00      0,00      0,00      0,00      0,00     98,50
17:58:22         13      1,00      0,00      0,50      0,00      0,00      0,00      0,00      0,00      0,00     98,51
17:58:22         14      0,50      0,00      0,00      0,00      0,00      0,00      0,00      0,00      0,00     99,50
17:58:22         15      0,50      0,00      0,00      0,00      0,00      0,00      0,00      0,00      0,00     99,50

17:58:20        IFACE   rxpck/s   txpck/s    rxkB/s    txkB/s   rxcmp/s   txcmp/s  rxmcst/s   %ifutil
17:58:22           lo      0,00      0,00      0,00      0,00      0,00      0,00      0,00      0,00
17:58:22         eno1     11,00      7,00      1,09      1,21      0,00      0,00      1,00      0,00
17:58:22         eno2      0,00      0,00      0,00      0,00      0,00      0,00      0,00      0,00
17:58:22      docker0      0,00      0,00      0,00      0,00      0,00      0,00      0,00      0,00
17:58:22      ens2np0 106496,00 106496,00 155584,00 155584,00      0,00      0,00      0,00     12,75
17:58:22      ens2np1      0,00      0,00      0,00      0,00      0,00      0,00      0,00      0,00

17:58:22        CPU      %usr     %nice      %sys   %iowait    %steal      %irq     %soft    %guest    %gnice     %idle
17:58:24        all      0,09      0,00      0,00      0,00      0,00      0,00     25,25      0,00      0,00     74,66
17:58:24          0      0,00      0,00      0,00      0,00      0,00      0,00    100,00      0,00      0,00      0,00
17:58:24          1      0,00      0,00      0,00      0,00      0,00      0,00    100,00      0,00      0,00      0,00
17:58:24          2      0,00      0,00      0,00      0,00      0,00      0,00    100,00      0,00      0,00      0,00
17:58:24          3      0,00      0,00      0,00      0,00      0,00      0,00    100,00      0,00      0,00      0,00
17:58:24          4      0,48      0,00      0,00      0,00      0,00      0,00      4,81      0,00      0,00     94,71
17:58:24          5      0,00      0,00      0,00      0,00      0,00      0,00      0,00      0,00      0,00    100,00
17:58:24          6      0,00      0,00      0,00      0,00      0,00      0,00      0,00      0,00      0,00    100,00
17:58:24          7      0,00      0,00      0,00      0,00      0,00      0,00      0,00      0,00      0,00    100,00
17:58:24          8      0,00      0,00      0,00      0,00      0,00      0,00      0,00      0,00      0,00    100,00
17:58:24          9      0,00      0,00      0,00      0,00      0,00      0,00      0,00      0,00      0,00    100,00
17:58:24         10      0,00      0,00      0,00      0,00      0,00      0,00      0,00      0,00      0,00    100,00
17:58:24         11      0,00      0,00      0,00      0,00      0,00      0,00      0,00      0,00      0,00    100,00
17:58:24         12      0,00      0,00      0,00      0,00      0,00      0,00      0,00      0,00      0,00    100,00
17:58:24         13      0,00      0,00      0,00      0,00      0,00      0,00      0,00      0,00      0,00    100,00
17:58:24         14      0,00      0,00      0,00      0,00      0,00      0,00      0,00      0,00      0,00    100,00
17:58:24         15      1,00      0,00      0,00      0,00      0,00      0,00      0,00      0,00      0,00     99,00

17:58:22        IFACE   rxpck/s   txpck/s    rxkB/s    txkB/s   rxcmp/s   txcmp/s  rxmcst/s   %ifutil
17:58:24           lo      0,00      0,00      0,00      0,00      0,00      0,00      0,00      0,00
17:58:24         eno1     10,50      3,00      0,94      0,75      0,00      0,00      1,00      0,00
17:58:24         eno2      0,00      0,00      0,00      0,00      0,00      0,00      0,00      0,00
17:58:24      docker0      0,00      0,00      0,00      0,00      0,00      0,00      0,00      0,00
17:58:24      ens2np0 106548,00 106528,00 155659,97 155630,75      0,00      0,00      0,00     12,75
17:58:24      ens2np1      0,00      0,00      0,00      0,00      0,00      0,00      0,00      0,00

17:58:24        CPU      %usr     %nice      %sys   %iowait    %steal      %irq     %soft    %guest    %gnice     %idle
17:58:26        all      0,00      0,00      0,00      0,00      0,00      0,00     25,47      0,00      0,00     74,53
17:58:26          0      0,00      0,00      0,00      0,00      0,00      0,00    100,00      0,00      0,00      0,00
17:58:26          1      0,00      0,00      0,00      0,00      0,00      0,00    100,00      0,00      0,00      0,00
17:58:26          2      0,00      0,00      0,00      0,00      0,00      0,00    100,00      0,00      0,00      0,00
17:58:26          3      0,00      0,00      0,00      0,00      0,00      0,00    100,00      0,00      0,00      0,00
17:58:26          4      0,00      0,00      0,00      0,00      0,00      0,00      8,72      0,00      0,00     91,28
17:58:26          5      0,00      0,00      0,00      0,00      0,00      0,00      0,00      0,00      0,00    100,00
17:58:26          6      0,00      0,00      0,00      0,00      0,00      0,00      0,00      0,00      0,00    100,00
17:58:26          7      0,00      0,00      0,00      0,00      0,00      0,00      0,00      0,00      0,00    100,00
17:58:26          8      0,00      0,00      0,00      0,00      0,00      0,00      0,00      0,00      0,00    100,00
17:58:26          9      0,00      0,00      0,00      0,00      0,00      0,00      0,00      0,00      0,00    100,00
17:58:26         10      0,00      0,00      0,00      0,00      0,00      0,00      0,00      0,00      0,00    100,00
17:58:26         11      0,00      0,00      0,00      0,00      0,00      0,00      0,00      0,00      0,00    100,00
17:58:26         12      0,00      0,00      0,00      0,00      0,00      0,00      0,00      0,00      0,00    100,00
17:58:26         13      0,00      0,00      0,00      0,00      0,00      0,00      0,00      0,00      0,00    100,00
17:58:26         14      0,00      0,00      0,00      0,00      0,00      0,00      0,00      0,00      0,00    100,00
17:58:26         15      0,00      0,00      0,00      0,00      0,00      0,00      0,00      0,00      0,00    100,00

17:58:24        IFACE   rxpck/s   txpck/s    rxkB/s    txkB/s   rxcmp/s   txcmp/s  rxmcst/s   %ifutil
17:58:26           lo      0,00      0,00      0,00      0,00      0,00      0,00      0,00      0,00
17:58:26         eno1      8,00      3,50      0,61      0,43      0,00      0,00      1,00      0,00
17:58:26         eno2      0,00      0,00      0,00      0,00      0,00      0,00      0,00      0,00
17:58:26      docker0      0,00      0,00      0,00      0,00      0,00      0,00      0,00      0,00
17:58:26      ens2np0 106592,00 106592,00 155724,25 155724,25      0,00      0,00      0,00     12,76
17:58:26      ens2np1      0,00      0,00      0,00      0,00      0,00      0,00      0,00      0,00

17:58:26        CPU      %usr     %nice      %sys   %iowait    %steal      %irq     %soft    %guest    %gnice     %idle
17:58:28        all      0,00      0,00      0,03      0,00      0,00      0,00     25,36      0,00      0,00     74,61
17:58:28          0      0,00      0,00      0,00      0,00      0,00      0,00    100,00      0,00      0,00      0,00
17:58:28          1      0,00      0,00      0,00      0,00      0,00      0,00    100,00      0,00      0,00      0,00
17:58:28          2      0,00      0,00      0,00      0,00      0,00      0,00    100,00      0,00      0,00      0,00
17:58:28          3      0,00      0,00      0,00      0,00      0,00      0,00    100,00      0,00      0,00      0,00
17:58:28          4      0,00      0,00      0,47      0,00      0,00      0,00      6,98      0,00      0,00     92,56
17:58:28          5      0,00      0,00      0,00      0,00      0,00      0,00      0,00      0,00      0,00    100,00
17:58:28          6      0,00      0,00      0,00      0,00      0,00      0,00      0,00      0,00      0,00    100,00
17:58:28          7      0,00      0,00      0,00      0,00      0,00      0,00      0,00      0,00      0,00    100,00
17:58:28          8      0,00      0,00      0,00      0,00      0,00      0,00      0,00      0,00      0,00    100,00
17:58:28          9      0,00      0,00      0,00      0,00      0,00      0,00      0,00      0,00      0,00    100,00
17:58:28         10      0,00      0,00      0,00      0,00      0,00      0,00      0,00      0,00      0,00    100,00
17:58:28         11      0,00      0,00      0,00      0,00      0,00      0,00      0,00      0,00      0,00    100,00
17:58:28         12      0,00      0,00      0,00      0,00      0,00      0,00      0,00      0,00      0,00    100,00
17:58:28         13      0,00      0,00      0,00      0,00      0,00      0,00      0,00      0,00      0,00    100,00
17:58:28         14      0,00      0,00      0,00      0,00      0,00      0,00      0,00      0,00      0,00    100,00
17:58:28         15      0,00      0,00      0,00      0,00      0,00      0,00      0,00      0,00      0,00    100,00

17:58:26        IFACE   rxpck/s   txpck/s    rxkB/s    txkB/s   rxcmp/s   txcmp/s  rxmcst/s   %ifutil
17:58:28           lo      0,00      0,00      0,00      0,00      0,00      0,00      0,00      0,00
17:58:28         eno1     14,00      3,50      0,91      0,27      0,00      0,00      1,00      0,00
17:58:28         eno2      0,00      0,00      0,00      0,00      0,00      0,00      0,00      0,00
17:58:28      docker0      0,00      0,00      0,00      0,00      0,00      0,00      0,00      0,00
17:58:28      ens2np0 106656,00 106624,00 155817,75 155771,00      0,00      0,00      0,00     12,76
17:58:28      ens2np1      0,00      0,00      0,00      0,00      0,00      0,00      0,00      0,00

17:58:28        CPU      %usr     %nice      %sys   %iowait    %steal      %irq     %soft    %guest    %gnice     %idle
17:58:30        all      0,09      0,00      0,12      0,00      0,00      0,00     25,33      0,00      0,00     74,45
17:58:30          0      0,00      0,00      0,00      0,00      0,00      0,00    100,00      0,00      0,00      0,00
17:58:30          1      0,00      0,00      0,00      0,00      0,00      0,00    100,00      0,00      0,00      0,00
17:58:30          2      0,00      0,00      0,50      0,00      0,00      0,00     99,50      0,00      0,00      0,00
17:58:30          3      0,00      0,00      0,00      0,00      0,00      0,00    100,00      0,00      0,00      0,00
17:58:30          4      0,93      0,00      0,00      0,00      0,00      0,00      6,98      0,00      0,00     92,09
17:58:30          5      0,00      0,00      0,00      0,00      0,00      0,00      0,00      0,00      0,00    100,00
17:58:30          6      0,00      0,00      0,00      0,00      0,00      0,00      0,00      0,00      0,00    100,00
17:58:30          7      0,00      0,00      0,00      0,00      0,00      0,00      0,00      0,00      0,00    100,00
17:58:30          8      0,00      0,00      0,00      0,00      0,00      0,00      0,00      0,00      0,00    100,00
17:58:30          9      0,00      0,00      0,00      0,00      0,00      0,00      0,00      0,00      0,00    100,00
17:58:30         10      0,00      0,00      0,00      0,00      0,00      0,00      0,00      0,00      0,00    100,00
17:58:30         11      0,00      0,00      0,00      0,00      0,00      0,00      0,00      0,00      0,00    100,00
17:58:30         12      0,00      0,00      0,50      0,00      0,00      0,00      0,00      0,00      0,00     99,50
17:58:30         13      0,00      0,00      0,00      0,00      0,00      0,00      0,00      0,00      0,00    100,00
17:58:30         14      0,00      0,00      0,00      0,00      0,00      0,00      0,00      0,00      0,00    100,00
17:58:30         15      0,50      0,00      1,00      0,00      0,00      0,00      0,00      0,00      0,00     98,50

17:58:28        IFACE   rxpck/s   txpck/s    rxkB/s    txkB/s   rxcmp/s   txcmp/s  rxmcst/s   %ifutil
17:58:30           lo      0,00      0,00      0,00      0,00      0,00      0,00      0,00      0,00
17:58:30         eno1     11,50      6,00      1,04      1,13      0,00      0,00      1,00      0,00
17:58:30         eno2      0,00      0,00      0,00      0,00      0,00      0,00      0,00      0,00
17:58:30      docker0      0,00      0,00      0,00      0,00      0,00      0,00      0,00      0,00
17:58:30      ens2np0 106576,00 106624,00 155700,88 155771,00      0,00      0,00      0,00     12,76
17:58:30      ens2np1      0,00      0,00      0,00      0,00      0,00      0,00      0,00      0,00

17:58:30        CPU      %usr     %nice      %sys   %iowait    %steal      %irq     %soft    %guest    %gnice     %idle
17:58:32        all      0,19      0,00      0,16      0,00      0,00      0,00     25,33      0,00      0,00     74,33
17:58:32          0      0,00      0,00      0,00      0,00      0,00      0,00    100,00      0,00      0,00      0,00
17:58:32          1      0,00      0,00      0,00      0,00      0,00      0,00    100,00      0,00      0,00      0,00
17:58:32          2      0,00      0,00      0,00      0,00      0,00      0,00    100,00      0,00      0,00      0,00
17:58:32          3      0,00      0,00      0,00      0,00      0,00      0,00    100,00      0,00      0,00      0,00
17:58:32          4      0,48      0,00      0,48      0,00      0,00      0,00      5,71      0,00      0,00     93,33
17:58:32          5      0,51      0,00      0,00      0,00      0,00      0,00      0,00      0,00      0,00     99,49
17:58:32          6      0,50      0,00      0,50      0,00      0,00      0,00      0,00      0,00      0,00     99,00
17:58:32          7      0,00      0,00      0,00      0,00      0,00      0,00      0,00      0,00      0,00    100,00
17:58:32          8      0,00      0,00      0,50      0,00      0,00      0,00      0,00      0,00      0,00     99,50
17:58:32          9      0,00      0,00      0,00      0,00      0,00      0,00      0,00      0,00      0,00    100,00
17:58:32         10      0,00      0,00      0,00      0,00      0,00      0,00      0,00      0,00      0,00    100,00
17:58:32         11      0,00      0,00      0,00      0,00      0,00      0,00      0,00      0,00      0,00    100,00
17:58:32         12      0,00      0,00      0,50      0,00      0,00      0,00      0,00      0,00      0,00     99,50
17:58:32         13      0,50      0,00      0,00      0,00      0,00      0,00      0,00      0,00      0,00     99,50
17:58:32         14      0,50      0,00      0,50      0,00      0,00      0,00      0,00      0,00      0,00     99,00
17:58:32         15      0,50      0,00      0,00      0,00      0,00      0,00      0,00      0,00      0,00     99,50

17:58:30        IFACE   rxpck/s   txpck/s    rxkB/s    txkB/s   rxcmp/s   txcmp/s  rxmcst/s   %ifutil
17:58:32           lo      0,00      0,00      0,00      0,00      0,00      0,00      0,00      0,00
17:58:32         eno1      6,00      1,50      0,45      0,13      0,00      0,00      1,00      0,00
17:58:32         eno2      0,00      0,00      0,00      0,00      0,00      0,00      0,00      0,00
17:58:32      docker0      0,00      0,00      0,00      0,00      0,00      0,00      0,00      0,00
17:58:32      ens2np0 106464,00 106400,00 155537,25 155443,75      0,00      0,00      0,00     12,74
17:58:32      ens2np1      0,00      0,00      0,00      0,00      0,00      0,00      0,00      0,00

17:58:32        CPU      %usr     %nice      %sys   %iowait    %steal      %irq     %soft    %guest    %gnice     %idle
17:58:34        all      0,00      0,00      0,00      0,00      0,00      0,00     25,40      0,00      0,00     74,60
17:58:34          0      0,00      0,00      0,00      0,00      0,00      0,00    100,00      0,00      0,00      0,00
17:58:34          1      0,00      0,00      0,00      0,00      0,00      0,00    100,00      0,00      0,00      0,00
17:58:34          2      0,00      0,00      0,00      0,00      0,00      0,00    100,00      0,00      0,00      0,00
17:58:34          3      0,00      0,00      0,00      0,00      0,00      0,00    100,00      0,00      0,00      0,00
17:58:34          4      0,00      0,00      0,00      0,00      0,00      0,00      7,87      0,00      0,00     92,13
17:58:34          5      0,00      0,00      0,00      0,00      0,00      0,00      0,00      0,00      0,00    100,00
17:58:34          6      0,00      0,00      0,00      0,00      0,00      0,00      0,00      0,00      0,00    100,00
17:58:34          7      0,00      0,00      0,00      0,00      0,00      0,00      0,00      0,00      0,00    100,00
17:58:34          8      0,00      0,00      0,00      0,00      0,00      0,00      0,00      0,00      0,00    100,00
17:58:34          9      0,00      0,00      0,00      0,00      0,00      0,00      0,00      0,00      0,00    100,00
17:58:34         10      0,00      0,00      0,00      0,00      0,00      0,00      0,00      0,00      0,00    100,00
17:58:34         11      0,00      0,00      0,00      0,00      0,00      0,00      0,00      0,00      0,00    100,00
17:58:34         12      0,00      0,00      0,00      0,00      0,00      0,00      0,00      0,00      0,00    100,00
17:58:34         13      0,00      0,00      0,00      0,00      0,00      0,00      0,00      0,00      0,00    100,00
17:58:34         14      0,00      0,00      0,00      0,00      0,00      0,00      0,00      0,00      0,00    100,00
17:58:34         15      0,00      0,00      0,00      0,00      0,00      0,00      0,00      0,00      0,00    100,00

17:58:32        IFACE   rxpck/s   txpck/s    rxkB/s    txkB/s   rxcmp/s   txcmp/s  rxmcst/s   %ifutil
17:58:34           lo      0,00      0,00      0,00      0,00      0,00      0,00      0,00      0,00
17:58:34         eno1      8,00      0,00      0,50      0,00      0,00      0,00      1,00      0,00
17:58:34         eno2      0,00      0,00      0,00      0,00      0,00      0,00      0,00      0,00
17:58:34      docker0      0,00      0,00      0,00      0,00      0,00      0,00      0,00      0,00
17:58:34      ens2np0 106640,00 106688,00 155794,38 155864,50      0,00      0,00      0,00     12,77
17:58:34      ens2np1      0,00      0,00      0,00      0,00      0,00      0,00      0,00      0,00

17:58:34        CPU      %usr     %nice      %sys   %iowait    %steal      %irq     %soft    %guest    %gnice     %idle
17:58:36        all      0,03      0,00      0,00      0,00      0,00      0,00     25,30      0,00      0,00     74,67
17:58:36          0      0,00      0,00      0,00      0,00      0,00      0,00    100,00      0,00      0,00      0,00
17:58:36          1      0,00      0,00      0,00      0,00      0,00      0,00    100,00      0,00      0,00      0,00
17:58:36          2      0,00      0,00      0,00      0,00      0,00      0,00    100,00      0,00      0,00      0,00
17:58:36          3      0,00      0,00      0,00      0,00      0,00      0,00    100,00      0,00      0,00      0,00
17:58:36          4      0,47      0,00      0,00      0,00      0,00      0,00      5,66      0,00      0,00     93,87
17:58:36          5      0,00      0,00      0,00      0,00      0,00      0,00      0,00      0,00      0,00    100,00
17:58:36          6      0,00      0,00      0,00      0,00      0,00      0,00      0,00      0,00      0,00    100,00
17:58:36          7      0,00      0,00      0,00      0,00      0,00      0,00      0,00      0,00      0,00    100,00
17:58:36          8      0,00      0,00      0,00      0,00      0,00      0,00      0,00      0,00      0,00    100,00
17:58:36          9      0,00      0,00      0,00      0,00      0,00      0,00      0,00      0,00      0,00    100,00
17:58:36         10      0,00      0,00      0,00      0,00      0,00      0,00      0,00      0,00      0,00    100,00
17:58:36         11      0,00      0,00      0,00      0,00      0,00      0,00      0,00      0,00      0,00    100,00
17:58:36         12      0,00      0,00      0,00      0,00      0,00      0,00      0,00      0,00      0,00    100,00
17:58:36         13      0,00      0,00      0,00      0,00      0,00      0,00      0,00      0,00      0,00    100,00
17:58:36         14      0,00      0,00      0,00      0,00      0,00      0,00      0,00      0,00      0,00    100,00
17:58:36         15      0,00      0,00      0,00      0,00      0,00      0,00      0,00      0,00      0,00    100,00

17:58:34        IFACE   rxpck/s   txpck/s    rxkB/s    txkB/s   rxcmp/s   txcmp/s  rxmcst/s   %ifutil
17:58:36           lo      0,00      0,00      0,00      0,00      0,00      0,00      0,00      0,00
17:58:36         eno1      7,00      1,50      0,47      0,14      0,00      0,00      1,00      0,00
17:58:36         eno2      0,00      0,00      0,00      0,00      0,00      0,00      0,00      0,00
17:58:36      docker0      0,00      0,00      0,00      0,00      0,00      0,00      0,00      0,00
17:58:36      ens2np0 106604,00 106592,00 155741,78 155724,25      0,00      0,00      0,00     12,76
17:58:36      ens2np1      0,00      0,00      0,00      0,00      0,00      0,00      0,00      0,00

17:58:36        CPU      %usr     %nice      %sys   %iowait    %steal      %irq     %soft    %guest    %gnice     %idle
17:58:38        all      0,00      0,00      0,00      0,00      0,00      0,00     25,45      0,00      0,00     74,55
17:58:38          0      0,00      0,00      0,00      0,00      0,00      0,00    100,00      0,00      0,00      0,00
17:58:38          1      0,00      0,00      0,00      0,00      0,00      0,00    100,00      0,00      0,00      0,00
17:58:38          2      0,00      0,00      0,00      0,00      0,00      0,00    100,00      0,00      0,00      0,00
17:58:38          3      0,00      0,00      0,00      0,00      0,00      0,00    100,00      0,00      0,00      0,00
17:58:38          4      0,00      0,00      0,00      0,00      0,00      0,00      8,72      0,00      0,00     91,28
17:58:38          5      0,00      0,00      0,00      0,00      0,00      0,00      0,00      0,00      0,00    100,00
17:58:38          6      0,00      0,00      0,00      0,00      0,00      0,00      0,00      0,00      0,00    100,00
17:58:38          7      0,00      0,00      0,00      0,00      0,00      0,00      0,00      0,00      0,00    100,00
17:58:38          8      0,00      0,00      0,00      0,00      0,00      0,00      0,00      0,00      0,00    100,00
17:58:38          9      0,00      0,00      0,00      0,00      0,00      0,00      0,00      0,00      0,00    100,00
17:58:38         10      0,00      0,00      0,00      0,00      0,00      0,00      0,00      0,00      0,00    100,00
17:58:38         11      0,00      0,00      0,00      0,00      0,00      0,00      0,00      0,00      0,00    100,00
17:58:38         12      0,00      0,00      0,00      0,00      0,00      0,00      0,00      0,00      0,00    100,00
17:58:38         13      0,00      0,00      0,00      0,00      0,00      0,00      0,00      0,00      0,00    100,00
17:58:38         14      0,00      0,00      0,00      0,00      0,00      0,00      0,00      0,00      0,00    100,00
17:58:38         15      0,00      0,00      0,00      0,00      0,00      0,00      0,00      0,00      0,00    100,00

17:58:36        IFACE   rxpck/s   txpck/s    rxkB/s    txkB/s   rxcmp/s   txcmp/s  rxmcst/s   %ifutil
17:58:38           lo      0,00      0,00      0,00      0,00      0,00      0,00      0,00      0,00
17:58:38         eno1     10,00      0,00      0,63      0,00      0,00      0,00      1,00      0,00
17:58:38         eno2      0,00      0,00      0,00      0,00      0,00      0,00      0,00      0,00
17:58:38      docker0      0,00      0,00      0,00      0,00      0,00      0,00      0,00      0,00
17:58:38      ens2np0 106608,00 106624,00 155747,62 155771,00      0,00      0,00      0,00     12,76
17:58:38      ens2np1      0,00      0,00      0,00      0,00      0,00      0,00      0,00      0,00

17:58:38        CPU      %usr     %nice      %sys   %iowait    %steal      %irq     %soft    %guest    %gnice     %idle
17:58:40        all      0,00      0,00      0,03      0,00      0,00      0,00     25,31      0,00      0,00     74,66
17:58:40          0      0,00      0,00      0,00      0,00      0,00      0,00    100,00      0,00      0,00      0,00
17:58:40          1      0,00      0,00      0,00      0,00      0,00      0,00    100,00      0,00      0,00      0,00
17:58:40          2      0,00      0,00      0,00      0,00      0,00      0,00    100,00      0,00      0,00      0,00
17:58:40          3      0,00      0,00      0,00      0,00      0,00      0,00    100,00      0,00      0,00      0,00
17:58:40          4      0,00      0,00      0,47      0,00      0,00      0,00      6,10      0,00      0,00     93,43
17:58:40          5      0,00      0,00      0,00      0,00      0,00      0,00      0,00      0,00      0,00    100,00
17:58:40          6      0,00      0,00      0,00      0,00      0,00      0,00      0,00      0,00      0,00    100,00
17:58:40          7      0,00      0,00      0,00      0,00      0,00      0,00      0,00      0,00      0,00    100,00
17:58:40          8      0,00      0,00      0,00      0,00      0,00      0,00      0,00      0,00      0,00    100,00
17:58:40          9      0,00      0,00      0,00      0,00      0,00      0,00      0,00      0,00      0,00    100,00
17:58:40         10      0,00      0,00      0,00      0,00      0,00      0,00      0,00      0,00      0,00    100,00
17:58:40         11      0,00      0,00      0,00      0,00      0,00      0,00      0,00      0,00      0,00    100,00
17:58:40         12      0,00      0,00      0,00      0,00      0,00      0,00      0,00      0,00      0,00    100,00
17:58:40         13      0,00      0,00      0,00      0,00      0,00      0,00      0,00      0,00      0,00    100,00
17:58:40         14      0,00      0,00      0,00      0,00      0,00      0,00      0,00      0,00      0,00    100,00
17:58:40         15      0,00      0,00      0,00      0,00      0,00      0,00      0,00      0,00      0,00    100,00

17:58:38        IFACE   rxpck/s   txpck/s    rxkB/s    txkB/s   rxcmp/s   txcmp/s  rxmcst/s   %ifutil
17:58:40           lo      0,00      0,00      0,00      0,00      0,00      0,00      0,00      0,00
17:58:40         eno1      5,50      0,00      0,35      0,00      0,00      0,00      1,00      0,00
17:58:40         eno2      0,00      0,00      0,00      0,00      0,00      0,00      0,00      0,00
17:58:40      docker0      0,00      0,00      0,00      0,00      0,00      0,00      0,00      0,00
17:58:40      ens2np0 106536,00 106496,00 155642,44 155584,00      0,00      0,00      0,00     12,75
17:58:40      ens2np1      0,00      0,00      0,00      0,00      0,00      0,00      0,00      0,00

17:58:40        CPU      %usr     %nice      %sys   %iowait    %steal      %irq     %soft    %guest    %gnice     %idle
17:58:42        all      0,44      0,00      0,16      0,00      0,00      0,00     25,35      0,00      0,00     74,06
17:58:42          0      0,00      0,00      0,00      0,00      0,00      0,00    100,00      0,00      0,00      0,00
17:58:42          1      0,00      0,00      0,00      0,00      0,00      0,00    100,00      0,00      0,00      0,00
17:58:42          2      0,00      0,00      0,00      0,00      0,00      0,00    100,00      0,00      0,00      0,00
17:58:42          3      0,00      0,00      0,00      0,00      0,00      0,00    100,00      0,00      0,00      0,00
17:58:42          4      1,42      0,00      0,47      0,00      0,00      0,00      6,13      0,00      0,00     91,98
17:58:42          5      0,99      0,00      0,00      0,00      0,00      0,00      0,50      0,00      0,00     98,51
17:58:42          6      0,50      0,00      0,00      0,00      0,00      0,00      0,00      0,00      0,00     99,50
17:58:42          7      0,50      0,00      0,00      0,00      0,00      0,00      0,00      0,00      0,00     99,50
17:58:42          8      0,00      0,00      0,00      0,00      0,00      0,00      0,00      0,00      0,00    100,00
17:58:42          9      0,00      0,00      0,50      0,00      0,00      0,00      0,00      0,00      0,00     99,50
17:58:42         10      0,50      0,00      0,00      0,00      0,00      0,00      0,00      0,00      0,00     99,50
17:58:42         11      0,50      0,00      0,00      0,00      0,00      0,00      0,00      0,00      0,00     99,50
17:58:42         12      1,01      0,00      0,00      0,00      0,00      0,00      0,00      0,00      0,00     98,99
17:58:42         13      0,00      0,00      0,50      0,00      0,00      0,00      0,00      0,00      0,00     99,50
17:58:42         14      0,00      0,00      0,50      0,00      0,00      0,00      0,00      0,00      0,00     99,50
17:58:42         15      1,50      0,00      0,50      0,00      0,00      0,00      0,00      0,00      0,00     98,00

17:58:40        IFACE   rxpck/s   txpck/s    rxkB/s    txkB/s   rxcmp/s   txcmp/s  rxmcst/s   %ifutil
17:58:42           lo      0,00      0,00      0,00      0,00      0,00      0,00      0,00      0,00
17:58:42         eno1     10,50      5,50      1,02      1,08      0,00      0,00      1,00      0,00
17:58:42         eno2      0,00      0,00      0,00      0,00      0,00      0,00      0,00      0,00
17:58:42      docker0      0,00      0,00      0,00      0,00      0,00      0,00      0,00      0,00
17:58:42      ens2np0 106440,00 106432,00 155502,19 155490,50      0,00      0,00      0,00     12,74
17:58:42      ens2np1      0,00      0,00      0,00      0,00      0,00      0,00      0,00      0,00

17:58:42        CPU      %usr     %nice      %sys   %iowait    %steal      %irq     %soft    %guest    %gnice     %idle
17:58:44        all      0,00      0,00      0,00      0,03      0,00      0,00     25,37      0,00      0,00     74,60
17:58:44          0      0,00      0,00      0,00      0,00      0,00      0,00    100,00      0,00      0,00      0,00
17:58:44          1      0,00      0,00      0,00      0,00      0,00      0,00    100,00      0,00      0,00      0,00
17:58:44          2      0,00      0,00      0,00      0,00      0,00      0,00    100,00      0,00      0,00      0,00
17:58:44          3      0,00      0,00      0,00      0,00      0,00      0,00    100,00      0,00      0,00      0,00
17:58:44          4      0,00      0,00      0,00      0,46      0,00      0,00      7,41      0,00      0,00     92,13
17:58:44          5      0,00      0,00      0,00      0,00      0,00      0,00      0,00      0,00      0,00    100,00
17:58:44          6      0,00      0,00      0,00      0,00      0,00      0,00      0,00      0,00      0,00    100,00
17:58:44          7      0,00      0,00      0,00      0,00      0,00      0,00      0,00      0,00      0,00    100,00
17:58:44          8      0,00      0,00      0,00      0,00      0,00      0,00      0,00      0,00      0,00    100,00
17:58:44          9      0,00      0,00      0,00      0,00      0,00      0,00      0,00      0,00      0,00    100,00
17:58:44         10      0,00      0,00      0,00      0,00      0,00      0,00      0,00      0,00      0,00    100,00
17:58:44         11      0,00      0,00      0,00      0,00      0,00      0,00      0,00      0,00      0,00    100,00
17:58:44         12      0,00      0,00      0,00      0,00      0,00      0,00      0,00      0,00      0,00    100,00
17:58:44         13      0,00      0,00      0,00      0,00      0,00      0,00      0,00      0,00      0,00    100,00
17:58:44         14      0,00      0,00      0,00      0,00      0,00      0,00      0,00      0,00      0,00    100,00
17:58:44         15      0,00      0,00      0,00      0,00      0,00      0,00      0,00      0,00      0,00    100,00

17:58:42        IFACE   rxpck/s   txpck/s    rxkB/s    txkB/s   rxcmp/s   txcmp/s  rxmcst/s   %ifutil
17:58:44           lo      0,00      0,00      0,00      0,00      0,00      0,00      0,00      0,00
17:58:44         eno1      7,50      0,00      0,47      0,00      0,00      0,00      1,00      0,00
17:58:44         eno2      0,00      0,00      0,00      0,00      0,00      0,00      0,00      0,00
17:58:44      docker0      0,00      0,00      0,00      0,00      0,00      0,00      0,00      0,00
17:58:44      ens2np0 106624,00 106656,00 155771,00 155817,75      0,00      0,00      0,00     12,76
17:58:44      ens2np1      0,00      0,00      0,00      0,00      0,00      0,00      0,00      0,00

17:58:44        CPU      %usr     %nice      %sys   %iowait    %steal      %irq     %soft    %guest    %gnice     %idle
17:58:46        all      0,03      0,00      0,00      0,00      0,00      0,00     25,23      0,00      0,00     74,74
17:58:46          0      0,00      0,00      0,00      0,00      0,00      0,00    100,00      0,00      0,00      0,00
17:58:46          1      0,00      0,00      0,00      0,00      0,00      0,00    100,00      0,00      0,00      0,00
17:58:46          2      0,00      0,00      0,00      0,00      0,00      0,00    100,00      0,00      0,00      0,00
17:58:46          3      0,00      0,00      0,00      0,00      0,00      0,00    100,00      0,00      0,00      0,00
17:58:46          4      0,48      0,00      0,00      0,00      0,00      0,00      4,76      0,00      0,00     94,76
17:58:46          5      0,00      0,00      0,00      0,00      0,00      0,00      0,00      0,00      0,00    100,00
17:58:46          6      0,00      0,00      0,00      0,00      0,00      0,00      0,00      0,00      0,00    100,00
17:58:46          7      0,00      0,00      0,00      0,00      0,00      0,00      0,00      0,00      0,00    100,00
17:58:46          8      0,00      0,00      0,00      0,00      0,00      0,00      0,00      0,00      0,00    100,00
17:58:46          9      0,00      0,00      0,00      0,00      0,00      0,00      0,00      0,00      0,00    100,00
17:58:46         10      0,00      0,00      0,00      0,00      0,00      0,00      0,00      0,00      0,00    100,00
17:58:46         11      0,00      0,00      0,00      0,00      0,00      0,00      0,00      0,00      0,00    100,00
17:58:46         12      0,00      0,00      0,00      0,00      0,00      0,00      0,00      0,00      0,00    100,00
17:58:46         13      0,00      0,00      0,00      0,00      0,00      0,00      0,00      0,00      0,00    100,00
17:58:46         14      0,00      0,00      0,00      0,00      0,00      0,00      0,00      0,00      0,00    100,00
17:58:46         15      0,00      0,00      0,00      0,00      0,00      0,00      0,00      0,00      0,00    100,00

17:58:44        IFACE   rxpck/s   txpck/s    rxkB/s    txkB/s   rxcmp/s   txcmp/s  rxmcst/s   %ifutil
17:58:46           lo      0,00      0,00      0,00      0,00      0,00      0,00      0,00      0,00
17:58:46         eno1      5,00      1,00      0,32      0,11      0,00      0,00      1,50      0,00
17:58:46         eno2      0,00      0,00      0,00      0,00      0,00      0,00      0,00      0,00
17:58:46      docker0      0,00      0,00      0,00      0,00      0,00      0,00      0,00      0,00
17:58:46      ens2np0 106620,00 106624,00 155765,16 155771,00      0,00      0,00      0,00     12,76
17:58:46      ens2np1      0,00      0,00      0,00      0,00      0,00      0,00      0,00      0,00

Average:        CPU      %usr     %nice      %sys   %iowait    %steal      %irq     %soft    %guest    %gnice     %idle
Average:        all      0,11      0,00      0,05      0,00      0,00      0,00     19,86      0,00      0,00     79,98
Average:          0      0,10      0,00      0,04      0,00      0,00      0,00     78,30      0,00      0,00     21,56
Average:          1      0,00      0,00      0,02      0,00      0,00      0,00     78,31      0,00      0,00     21,67
Average:          2      0,00      0,00      0,02      0,00      0,00      0,00     78,32      0,00      0,00     21,66
Average:          3      0,02      0,00      0,00      0,00      0,00      0,00     78,33      0,00      0,00     21,65
Average:          4      0,34      0,00      0,11      0,04      0,00      0,00      5,21      0,00      0,00     94,30
Average:          5      0,20      0,00      0,04      0,00      0,00      0,00      0,02      0,00      0,00     99,74
Average:          6      0,12      0,00      0,12      0,00      0,00      0,00      0,00      0,00      0,00     99,76
Average:          7      0,16      0,00      0,04      0,00      0,00      0,00      0,00      0,00      0,00     99,80
Average:          8      0,02      0,00      0,02      0,00      0,00      0,00      0,00      0,00      0,00     99,96
Average:          9      0,02      0,00      0,02      0,00      0,00      0,00      0,00      0,00      0,00     99,96
Average:         10      0,02      0,00      0,02      0,00      0,00      0,00      0,00      0,00      0,00     99,96
Average:         11      0,06      0,00      0,00      0,00      0,00      0,00      0,00      0,00      0,00     99,94
Average:         12      0,12      0,00      0,12      0,00      0,00      0,00      0,00      0,00      0,00     99,76
Average:         13      0,08      0,00      0,06      0,00      0,00      0,00      0,00      0,00      0,00     99,86
Average:         14      0,12      0,00      0,06      0,00      0,00      0,00      0,00      0,00      0,00     99,82
Average:         15      0,34      0,00      0,14      0,00      0,00      0,00      0,00      0,00      0,00     99,52

Average:        IFACE   rxpck/s   txpck/s    rxkB/s    txkB/s   rxcmp/s   txcmp/s  rxmcst/s   %ifutil
Average:           lo      0,04      0,04      0,00      0,00      0,00      0,00      0,00      0,00
Average:         eno1      9,90      3,66      0,91      0,63      0,00      0,00      1,06      0,00
Average:         eno2      0,00      0,00      0,00      0,00      0,00      0,00      0,00      0,00
Average:      docker0      0,00      0,00      0,00      0,00      0,00      0,00      0,00      0,00
Average:      ens2np0  83407,48  83404,64 121853,11 121848,96      0,00      0,00      0,00      9,98
Average:      ens2np1      0,00      0,00      0,00      0,00      0,00      0,00      0,00      0,00
