Linux 5.13.0-52-generic (w1) 	21/07/2022 	_x86_64_	(16 CPU)

11:28:44        CPU      %usr     %nice      %sys   %iowait    %steal      %irq     %soft    %guest    %gnice     %idle
11:28:46        all      0,09      0,00      0,00      0,00      0,00      0,00      0,00      0,00      0,00     99,91
11:28:46          0      0,00      0,00      0,00      0,00      0,00      0,00      0,00      0,00      0,00    100,00
11:28:46          1      0,00      0,00      0,00      0,00      0,00      0,00      0,00      0,00      0,00    100,00
11:28:46          2      0,00      0,00      0,00      0,00      0,00      0,00      0,00      0,00      0,00    100,00
11:28:46          3      0,00      0,00      0,00      0,00      0,00      0,00      0,00      0,00      0,00    100,00
11:28:46          4      0,00      0,00      0,00      0,00      0,00      0,00      0,00      0,00      0,00    100,00
11:28:46          5      0,00      0,00      0,00      0,00      0,00      0,00      0,00      0,00      0,00    100,00
11:28:46          6      0,50      0,00      0,00      0,00      0,00      0,00      0,00      0,00      0,00     99,50
11:28:46          7      0,00      0,00      0,00      0,00      0,00      0,00      0,00      0,00      0,00    100,00
11:28:46          8      0,00      0,00      0,00      0,00      0,00      0,00      0,00      0,00      0,00    100,00
11:28:46          9      0,00      0,00      0,00      0,00      0,00      0,00      0,00      0,00      0,00    100,00
11:28:46         10      0,00      0,00      0,00      0,00      0,00      0,00      0,00      0,00      0,00    100,00
11:28:46         11      0,00      0,00      0,00      0,00      0,00      0,00      0,00      0,00      0,00    100,00
11:28:46         12      0,50      0,00      0,00      0,00      0,00      0,00      0,00      0,00      0,00     99,50
11:28:46         13      0,00      0,00      0,00      0,00      0,00      0,00      0,00      0,00      0,00    100,00
11:28:46         14      0,50      0,00      0,00      0,00      0,00      0,00      0,00      0,00      0,00     99,50
11:28:46         15      0,00      0,00      0,00      0,00      0,00      0,00      0,00      0,00      0,00    100,00

11:28:44        IFACE   rxpck/s   txpck/s    rxkB/s    txkB/s   rxcmp/s   txcmp/s  rxmcst/s   %ifutil
11:28:46           lo      0,00      0,00      0,00      0,00      0,00      0,00      0,00      0,00
11:28:46         eno1     22,00     21,50      3,93      3,91      0,00      0,00      1,00      0,00
11:28:46         eno2      0,00      0,00      0,00      0,00      0,00      0,00      0,00      0,00
11:28:46      docker0      0,00      0,00      0,00      0,00      0,00      0,00      0,00      0,00
11:28:46      ens2np0      0,00      0,00      0,00      0,00      0,00      0,00      0,00      0,00
11:28:46      ens2np1      0,00      0,00      0,00      0,00      0,00      0,00      0,00      0,00

11:28:46        CPU      %usr     %nice      %sys   %iowait    %steal      %irq     %soft    %guest    %gnice     %idle
11:28:48        all      0,22      0,00      0,13      0,00      0,00      0,00      0,00      0,00      0,00     99,66
11:28:48          0      0,00      0,00      0,00      0,00      0,00      0,00      0,00      0,00      0,00    100,00
11:28:48          1      0,00      0,00      0,00      0,00      0,00      0,00      0,00      0,00      0,00    100,00
11:28:48          2      0,00      0,00      0,50      0,00      0,00      0,00      0,00      0,00      0,00     99,50
11:28:48          3      1,01      0,00      0,00      0,00      0,00      0,00      0,00      0,00      0,00     98,99
11:28:48          4      0,00      0,00      0,00      0,00      0,00      0,00      0,00      0,00      0,00    100,00
11:28:48          5      0,00      0,00      0,00      0,00      0,00      0,00      0,00      0,00      0,00    100,00
11:28:48          6      0,00      0,00      0,50      0,00      0,00      0,00      0,00      0,00      0,00     99,50
11:28:48          7      0,50      0,00      0,00      0,00      0,00      0,00      0,00      0,00      0,00     99,50
11:28:48          8      1,00      0,00      0,50      0,00      0,00      0,00      0,00      0,00      0,00     98,50
11:28:48          9      1,01      0,00      0,00      0,00      0,00      0,00      0,00      0,00      0,00     98,99
11:28:48         10      0,00      0,00      0,00      0,00      0,00      0,00      0,00      0,00      0,00    100,00
11:28:48         11      0,00      0,00      0,00      0,00      0,00      0,00      0,00      0,00      0,00    100,00
11:28:48         12      0,00      0,00      0,00      0,00      0,00      0,00      0,00      0,00      0,00    100,00
11:28:48         13      0,00      0,00      0,00      0,00      0,00      0,00      0,00      0,00      0,00    100,00
11:28:48         14      0,00      0,00      0,50      0,00      0,00      0,00      0,00      0,00      0,00     99,50
11:28:48         15      0,00      0,00      0,00      0,00      0,00      0,00      0,00      0,00      0,00    100,00

11:28:46        IFACE   rxpck/s   txpck/s    rxkB/s    txkB/s   rxcmp/s   txcmp/s  rxmcst/s   %ifutil
11:28:48           lo      0,00      0,00      0,00      0,00      0,00      0,00      0,00      0,00
11:28:48         eno1      7,00      1,50      0,63      0,16      0,00      0,00      1,00      0,00
11:28:48         eno2      0,00      0,00      0,00      0,00      0,00      0,00      0,00      0,00
11:28:48      docker0      0,00      0,00      0,00      0,00      0,00      0,00      0,00      0,00
11:28:48      ens2np0      0,00      0,00      0,00      0,00      0,00      0,00      0,00      0,00
11:28:48      ens2np1      0,00      0,00      0,00      0,00      0,00      0,00      0,00      0,00

11:28:48        CPU      %usr     %nice      %sys   %iowait    %steal      %irq     %soft    %guest    %gnice     %idle
11:28:50        all      0,09      0,00      0,00      0,00      0,00      0,00      0,00      0,00      0,00     99,91
11:28:50          0      0,00      0,00      0,00      0,00      0,00      0,00      0,00      0,00      0,00    100,00
11:28:50          1      0,00      0,00      0,00      0,00      0,00      0,00      0,00      0,00      0,00    100,00
11:28:50          2      0,00      0,00      0,00      0,00      0,00      0,00      0,00      0,00      0,00    100,00
11:28:50          3      0,00      0,00      0,00      0,00      0,00      0,00      0,00      0,00      0,00    100,00
11:28:50          4      0,50      0,00      0,00      0,00      0,00      0,00      0,00      0,00      0,00     99,50
11:28:50          5      0,00      0,00      0,00      0,00      0,00      0,00      0,00      0,00      0,00    100,00
11:28:50          6      0,00      0,00      0,00      0,00      0,00      0,00      0,00      0,00      0,00    100,00
11:28:50          7      0,00      0,00      0,00      0,00      0,00      0,00      0,00      0,00      0,00    100,00
11:28:50          8      0,00      0,00      0,00      0,00      0,00      0,00      0,00      0,00      0,00    100,00
11:28:50          9      0,00      0,00      0,00      0,00      0,00      0,00      0,00      0,00      0,00    100,00
11:28:50         10      0,00      0,00      0,00      0,00      0,00      0,00      0,00      0,00      0,00    100,00
11:28:50         11      0,00      0,00      0,00      0,00      0,00      0,00      0,00      0,00      0,00    100,00
11:28:50         12      0,00      0,00      0,00      0,00      0,00      0,00      0,00      0,00      0,00    100,00
11:28:50         13      1,00      0,00      0,00      0,00      0,00      0,00      0,00      0,00      0,00     99,00
11:28:50         14      0,00      0,00      0,00      0,00      0,00      0,00      0,00      0,00      0,00    100,00
11:28:50         15      0,00      0,00      0,00      0,00      0,00      0,00      0,00      0,00      0,00    100,00

11:28:48        IFACE   rxpck/s   txpck/s    rxkB/s    txkB/s   rxcmp/s   txcmp/s  rxmcst/s   %ifutil
11:28:50           lo      0,00      0,00      0,00      0,00      0,00      0,00      0,00      0,00
11:28:50         eno1     10,50      6,00      1,28      1,20      0,00      0,00      1,00      0,00
11:28:50         eno2      0,00      0,00      0,00      0,00      0,00      0,00      0,00      0,00
11:28:50      docker0      0,00      0,00      0,00      0,00      0,00      0,00      0,00      0,00
11:28:50      ens2np0      0,00      0,00      0,00      0,00      0,00      0,00      0,00      0,00
11:28:50      ens2np1      0,00      0,00      0,00      0,00      0,00      0,00      0,00      0,00

11:28:50        CPU      %usr     %nice      %sys   %iowait    %steal      %irq     %soft    %guest    %gnice     %idle
11:28:52        all      0,03      0,00      0,09      0,00      0,00      0,00      0,00      0,00      0,00     99,88
11:28:52          0      0,00      0,00      0,00      0,00      0,00      0,00      0,00      0,00      0,00    100,00
11:28:52          1      0,00      0,00      0,00      0,00      0,00      0,00      0,00      0,00      0,00    100,00
11:28:52          2      0,00      0,00      0,50      0,00      0,00      0,00      0,00      0,00      0,00     99,50
11:28:52          3      0,00      0,00      0,00      0,00      0,00      0,00      0,00      0,00      0,00    100,00
11:28:52          4      0,50      0,00      0,50      0,00      0,00      0,00      0,00      0,00      0,00     99,01
11:28:52          5      0,00      0,00      0,00      0,00      0,00      0,00      0,00      0,00      0,00    100,00
11:28:52          6      0,00      0,00      0,00      0,00      0,00      0,00      0,00      0,00      0,00    100,00
11:28:52          7      0,00      0,00      0,00      0,00      0,00      0,00      0,00      0,00      0,00    100,00
11:28:52          8      0,00      0,00      0,00      0,00      0,00      0,00      0,00      0,00      0,00    100,00
11:28:52          9      0,00      0,00      0,00      0,00      0,00      0,00      0,00      0,00      0,00    100,00
11:28:52         10      0,00      0,00      0,00      0,00      0,00      0,00      0,00      0,00      0,00    100,00
11:28:52         11      0,00      0,00      0,00      0,00      0,00      0,00      0,00      0,00      0,00    100,00
11:28:52         12      0,00      0,00      0,00      0,00      0,00      0,00      0,00      0,00      0,00    100,00
11:28:52         13      0,00      0,00      0,00      0,00      0,00      0,00      0,00      0,00      0,00    100,00
11:28:52         14      0,00      0,00      0,50      0,00      0,00      0,00      0,00      0,00      0,00     99,50
11:28:52         15      0,00      0,00      0,00      0,00      0,00      0,00      0,00      0,00      0,00    100,00

11:28:50        IFACE   rxpck/s   txpck/s    rxkB/s    txkB/s   rxcmp/s   txcmp/s  rxmcst/s   %ifutil
11:28:52           lo      0,00      0,00      0,00      0,00      0,00      0,00      0,00      0,00
11:28:52         eno1      7,00      2,00      0,52      0,16      0,00      0,00      1,00      0,00
11:28:52         eno2      0,00      0,00      0,00      0,00      0,00      0,00      0,00      0,00
11:28:52      docker0      0,00      0,00      0,00      0,00      0,00      0,00      0,00      0,00
11:28:52      ens2np0      0,00      0,00      0,00      0,00      0,00      0,00      0,00      0,00
11:28:52      ens2np1      0,00      0,00      0,00      0,00      0,00      0,00      0,00      0,00

11:28:52        CPU      %usr     %nice      %sys   %iowait    %steal      %irq     %soft    %guest    %gnice     %idle
11:28:54        all      0,06      0,00      0,03      0,00      0,00      0,00      0,00      0,00      0,00     99,91
11:28:54          0      0,00      0,00      0,00      0,00      0,00      0,00      0,00      0,00      0,00    100,00
11:28:54          1      0,00      0,00      0,00      0,00      0,00      0,00      0,00      0,00      0,00    100,00
11:28:54          2      0,50      0,00      0,00      0,00      0,00      0,00      0,00      0,00      0,00     99,50
11:28:54          3      0,00      0,00      0,00      0,00      0,00      0,00      0,00      0,00      0,00    100,00
11:28:54          4      0,50      0,00      0,00      0,00      0,00      0,00      0,00      0,00      0,00     99,50
11:28:54          5      0,00      0,00      0,00      0,00      0,00      0,00      0,00      0,00      0,00    100,00
11:28:54          6      0,00      0,00      0,00      0,00      0,00      0,00      0,00      0,00      0,00    100,00
11:28:54          7      0,00      0,00      0,00      0,00      0,00      0,00      0,00      0,00      0,00    100,00
11:28:54          8      0,00      0,00      0,00      0,00      0,00      0,00      0,00      0,00      0,00    100,00
11:28:54          9      0,00      0,00      0,00      0,00      0,00      0,00      0,00      0,00      0,00    100,00
11:28:54         10      0,00      0,00      0,00      0,00      0,00      0,00      0,00      0,00      0,00    100,00
11:28:54         11      0,00      0,00      0,00      0,00      0,00      0,00      0,00      0,00      0,00    100,00
11:28:54         12      0,00      0,00      0,00      0,00      0,00      0,00      0,00      0,00      0,00    100,00
11:28:54         13      0,00      0,00      0,50      0,00      0,00      0,00      0,00      0,00      0,00     99,50
11:28:54         14      0,00      0,00      0,00      0,00      0,00      0,00      0,00      0,00      0,00    100,00
11:28:54         15      0,00      0,00      0,00      0,00      0,00      0,00      0,00      0,00      0,00    100,00

11:28:52        IFACE   rxpck/s   txpck/s    rxkB/s    txkB/s   rxcmp/s   txcmp/s  rxmcst/s   %ifutil
11:28:54           lo      0,00      0,00      0,00      0,00      0,00      0,00      0,00      0,00
11:28:54         eno1      7,50      3,00      0,65      0,25      0,00      0,00      1,00      0,00
11:28:54         eno2      0,00      0,00      0,00      0,00      0,00      0,00      0,00      0,00
11:28:54      docker0      0,00      0,00      0,00      0,00      0,00      0,00      0,00      0,00
11:28:54      ens2np0      0,00      0,00      0,00      0,00      0,00      0,00      0,00      0,00
11:28:54      ens2np1      0,00      0,00      0,00      0,00      0,00      0,00      0,00      0,00

11:28:54        CPU      %usr     %nice      %sys   %iowait    %steal      %irq     %soft    %guest    %gnice     %idle
11:28:56        all      0,03      0,00      0,00      0,00      0,00      0,00      3,47      0,00      0,00     96,50
11:28:56          0      0,00      0,00      0,00      0,00      0,00      0,00     55,78      0,00      0,00     44,22
11:28:56          1      0,00      0,00      0,00      0,00      0,00      0,00      0,00      0,00      0,00    100,00
11:28:56          2      0,00      0,00      0,00      0,00      0,00      0,00      0,00      0,00      0,00    100,00
11:28:56          3      0,00      0,00      0,00      0,00      0,00      0,00      0,00      0,00      0,00    100,00
11:28:56          4      0,50      0,00      0,00      0,00      0,00      0,00      0,00      0,00      0,00     99,50
11:28:56          5      0,00      0,00      0,00      0,00      0,00      0,00      0,00      0,00      0,00    100,00
11:28:56          6      0,00      0,00      0,00      0,00      0,00      0,00      0,00      0,00      0,00    100,00
11:28:56          7      0,00      0,00      0,00      0,00      0,00      0,00      0,00      0,00      0,00    100,00
11:28:56          8      0,00      0,00      0,00      0,00      0,00      0,00      0,00      0,00      0,00    100,00
11:28:56          9      0,00      0,00      0,00      0,00      0,00      0,00      0,00      0,00      0,00    100,00
11:28:56         10      0,00      0,00      0,00      0,00      0,00      0,00      0,00      0,00      0,00    100,00
11:28:56         11      0,00      0,00      0,00      0,00      0,00      0,00      0,00      0,00      0,00    100,00
11:28:56         12      0,00      0,00      0,00      0,00      0,00      0,00      0,00      0,00      0,00    100,00
11:28:56         13      0,00      0,00      0,00      0,00      0,00      0,00      0,00      0,00      0,00    100,00
11:28:56         14      0,00      0,00      0,00      0,00      0,00      0,00      0,00      0,00      0,00    100,00
11:28:56         15      0,00      0,00      0,00      0,00      0,00      0,00      0,00      0,00      0,00    100,00

11:28:54        IFACE   rxpck/s   txpck/s    rxkB/s    txkB/s   rxcmp/s   txcmp/s  rxmcst/s   %ifutil
11:28:56           lo      0,00      0,00      0,00      0,00      0,00      0,00      0,00      0,00
11:28:56         eno1     10,00      6,00      1,13      1,02      0,00      0,00      1,00      0,00
11:28:56         eno2      0,00      0,00      0,00      0,00      0,00      0,00      0,00      0,00
11:28:56      docker0      0,00      0,00      0,00      0,00      0,00      0,00      0,00      0,00
11:28:56      ens2np0 117116,50 115712,00 171099,89 169048,00      0,00      0,00      0,00     14,02
11:28:56      ens2np1      0,00      0,00      0,00      0,00      0,00      0,00      0,00      0,00

11:28:56        CPU      %usr     %nice      %sys   %iowait    %steal      %irq     %soft    %guest    %gnice     %idle
11:28:58        all      0,47      0,00      0,16      0,00      0,00      0,00      6,28      0,00      0,00     93,10
11:28:58          0      0,00      0,00      0,00      0,00      0,00      0,00    100,00      0,00      0,00      0,00
11:28:58          1      0,50      0,00      0,00      0,00      0,00      0,00      0,50      0,00      0,00     99,01
11:28:58          2      0,50      0,00      0,00      0,00      0,00      0,00      0,00      0,00      0,00     99,50
11:28:58          3      0,50      0,00      0,50      0,00      0,00      0,00      0,00      0,00      0,00     99,00
11:28:58          4      0,50      0,00      0,00      0,00      0,00      0,00      0,00      0,00      0,00     99,50
11:28:58          5      0,50      0,00      0,00      0,00      0,00      0,00      0,00      0,00      0,00     99,50
11:28:58          6      0,00      0,00      0,00      0,00      0,00      0,00      0,00      0,00      0,00    100,00
11:28:58          7      0,00      0,00      0,00      0,00      0,00      0,00      0,00      0,00      0,00    100,00
11:28:58          8      0,00      0,00      0,00      0,00      0,00      0,00      0,00      0,00      0,00    100,00
11:28:58          9      1,99      0,00      1,00      0,00      0,00      0,00      0,00      0,00      0,00     97,01
11:28:58         10      0,50      0,00      0,50      0,00      0,00      0,00      0,00      0,00      0,00     99,00
11:28:58         11      0,50      0,00      0,00      0,00      0,00      0,00      0,00      0,00      0,00     99,50
11:28:58         12      0,00      0,00      0,00      0,00      0,00      0,00      0,00      0,00      0,00    100,00
11:28:58         13      1,00      0,00      0,00      0,00      0,00      0,00      0,00      0,00      0,00     99,00
11:28:58         14      0,50      0,00      0,00      0,00      0,00      0,00      0,00      0,00      0,00     99,50
11:28:58         15      0,50      0,00      0,50      0,00      0,00      0,00      0,00      0,00      0,00     99,00

11:28:56        IFACE   rxpck/s   txpck/s    rxkB/s    txkB/s   rxcmp/s   txcmp/s  rxmcst/s   %ifutil
11:28:58           lo      0,00      0,00      0,00      0,00      0,00      0,00      0,00      0,00
11:28:58         eno1     12,00      5,50      1,36      1,28      0,00      0,00      1,50      0,00
11:28:58         eno2      0,00      0,00      0,00      0,00      0,00      0,00      0,00      0,00
11:28:58      docker0      0,00      0,00      0,00      0,00      0,00      0,00      0,00      0,00
11:28:58      ens2np0 212963,50 212992,00 311126,36 311168,00      0,00      0,00      0,00     25,49
11:28:58      ens2np1      0,00      0,00      0,00      0,00      0,00      0,00      0,00      0,00

11:28:58        CPU      %usr     %nice      %sys   %iowait    %steal      %irq     %soft    %guest    %gnice     %idle
11:29:00        all      0,06      0,00      0,13      0,00      0,00      0,00      6,25      0,00      0,00     93,56
11:29:00          0      0,00      0,00      0,00      0,00      0,00      0,00    100,00      0,00      0,00      0,00
11:29:00          1      0,00      0,00      0,00      0,00      0,00      0,00      0,00      0,00      0,00    100,00
11:29:00          2      0,00      0,00      0,50      0,00      0,00      0,00      0,00      0,00      0,00     99,50
11:29:00          3      0,50      0,00      0,00      0,00      0,00      0,00      0,00      0,00      0,00     99,50
11:29:00          4      0,50      0,00      0,50      0,00      0,00      0,00      0,00      0,00      0,00     99,00
11:29:00          5      0,00      0,00      0,50      0,00      0,00      0,00      0,00      0,00      0,00     99,50
11:29:00          6      0,00      0,00      0,00      0,00      0,00      0,00      0,00      0,00      0,00    100,00
11:29:00          7      0,00      0,00      0,50      0,00      0,00      0,00      0,00      0,00      0,00     99,50
11:29:00          8      0,00      0,00      0,00      0,00      0,00      0,00      0,00      0,00      0,00    100,00
11:29:00          9      0,00      0,00      0,00      0,00      0,00      0,00      0,00      0,00      0,00    100,00
11:29:00         10      0,00      0,00      0,00      0,00      0,00      0,00      0,00      0,00      0,00    100,00
11:29:00         11      0,00      0,00      0,00      0,00      0,00      0,00      0,00      0,00      0,00    100,00
11:29:00         12      0,00      0,00      0,00      0,00      0,00      0,00      0,00      0,00      0,00    100,00
11:29:00         13      0,00      0,00      0,00      0,00      0,00      0,00      0,00      0,00      0,00    100,00
11:29:00         14      0,00      0,00      0,00      0,00      0,00      0,00      0,00      0,00      0,00    100,00
11:29:00         15      0,00      0,00      0,00      0,00      0,00      0,00      0,00      0,00      0,00    100,00

11:28:58        IFACE   rxpck/s   txpck/s    rxkB/s    txkB/s   rxcmp/s   txcmp/s  rxmcst/s   %ifutil
11:29:00           lo      0,00      0,00      0,00      0,00      0,00      0,00      0,00      0,00
11:29:00         eno1      8,50      3,00      0,84      0,27      0,00      0,00      1,00      0,00
11:29:00         eno2      0,00      0,00      0,00      0,00      0,00      0,00      0,00      0,00
11:29:00      docker0      0,00      0,00      0,00      0,00      0,00      0,00      0,00      0,00
11:29:00      ens2np0 213093,50 212992,00 311316,29 311168,00      0,00      0,00      0,00     25,50
11:29:00      ens2np1      0,00      0,00      0,00      0,00      0,00      0,00      0,00      0,00

11:29:00        CPU      %usr     %nice      %sys   %iowait    %steal      %irq     %soft    %guest    %gnice     %idle
11:29:02        all      0,00      0,00      0,00      0,00      0,00      0,00      6,25      0,00      0,00     93,75
11:29:02          0      0,00      0,00      0,00      0,00      0,00      0,00    100,00      0,00      0,00      0,00
11:29:02          1      0,00      0,00      0,00      0,00      0,00      0,00      0,00      0,00      0,00    100,00
11:29:02          2      0,00      0,00      0,00      0,00      0,00      0,00      0,00      0,00      0,00    100,00
11:29:02          3      0,00      0,00      0,00      0,00      0,00      0,00      0,00      0,00      0,00    100,00
11:29:02          4      0,00      0,00      0,00      0,00      0,00      0,00      0,00      0,00      0,00    100,00
11:29:02          5      0,00      0,00      0,00      0,00      0,00      0,00      0,00      0,00      0,00    100,00
11:29:02          6      0,00      0,00      0,00      0,00      0,00      0,00      0,00      0,00      0,00    100,00
11:29:02          7      0,00      0,00      0,00      0,00      0,00      0,00      0,00      0,00      0,00    100,00
11:29:02          8      0,00      0,00      0,00      0,00      0,00      0,00      0,00      0,00      0,00    100,00
11:29:02          9      0,00      0,00      0,00      0,00      0,00      0,00      0,00      0,00      0,00    100,00
11:29:02         10      0,00      0,00      0,00      0,00      0,00      0,00      0,00      0,00      0,00    100,00
11:29:02         11      0,00      0,00      0,00      0,00      0,00      0,00      0,00      0,00      0,00    100,00
11:29:02         12      0,00      0,00      0,00      0,00      0,00      0,00      0,00      0,00      0,00    100,00
11:29:02         13      0,00      0,00      0,00      0,00      0,00      0,00      0,00      0,00      0,00    100,00
11:29:02         14      0,00      0,00      0,00      0,00      0,00      0,00      0,00      0,00      0,00    100,00
11:29:02         15      0,00      0,00      0,00      0,00      0,00      0,00      0,00      0,00      0,00    100,00

11:29:00        IFACE   rxpck/s   txpck/s    rxkB/s    txkB/s   rxcmp/s   txcmp/s  rxmcst/s   %ifutil
11:29:02           lo      0,00      0,00      0,00      0,00      0,00      0,00      0,00      0,00
11:29:02         eno1      7,50      0,00      0,47      0,00      0,00      0,00      1,00      0,00
11:29:02         eno2      0,00      0,00      0,00      0,00      0,00      0,00      0,00      0,00
11:29:02      docker0      0,00      0,00      0,00      0,00      0,00      0,00      0,00      0,00
11:29:02      ens2np0 213194,00 212992,00 311463,11 311168,00      0,00      0,00      0,00     25,52
11:29:02      ens2np1      0,00      0,00      0,00      0,00      0,00      0,00      0,00      0,00

11:29:02        CPU      %usr     %nice      %sys   %iowait    %steal      %irq     %soft    %guest    %gnice     %idle
11:29:04        all      0,09      0,00      0,03      0,00      0,00      0,00      6,25      0,00      0,00     93,62
11:29:04          0      0,00      0,00      0,00      0,00      0,00      0,00    100,00      0,00      0,00      0,00
11:29:04          1      0,00      0,00      0,00      0,00      0,00      0,00      0,00      0,00      0,00    100,00
11:29:04          2      0,00      0,00      0,50      0,00      0,00      0,00      0,00      0,00      0,00     99,50
11:29:04          3      0,00      0,00      0,00      0,00      0,00      0,00      0,00      0,00      0,00    100,00
11:29:04          4      0,50      0,00      0,00      0,00      0,00      0,00      0,00      0,00      0,00     99,50
11:29:04          5      1,00      0,00      0,00      0,00      0,00      0,00      0,00      0,00      0,00     99,00
11:29:04          6      0,00      0,00      0,00      0,00      0,00      0,00      0,00      0,00      0,00    100,00
11:29:04          7      0,00      0,00      0,00      0,00      0,00      0,00      0,00      0,00      0,00    100,00
11:29:04          8      0,00      0,00      0,00      0,00      0,00      0,00      0,00      0,00      0,00    100,00
11:29:04          9      0,00      0,00      0,00      0,00      0,00      0,00      0,00      0,00      0,00    100,00
11:29:04         10      0,00      0,00      0,00      0,00      0,00      0,00      0,00      0,00      0,00    100,00
11:29:04         11      0,00      0,00      0,00      0,00      0,00      0,00      0,00      0,00      0,00    100,00
11:29:04         12      0,00      0,00      0,00      0,00      0,00      0,00      0,00      0,00      0,00    100,00
11:29:04         13      0,00      0,00      0,00      0,00      0,00      0,00      0,00      0,00      0,00    100,00
11:29:04         14      0,00      0,00      0,00      0,00      0,00      0,00      0,00      0,00      0,00    100,00
11:29:04         15      0,00      0,00      0,00      0,00      0,00      0,00      0,00      0,00      0,00    100,00

11:29:02        IFACE   rxpck/s   txpck/s    rxkB/s    txkB/s   rxcmp/s   txcmp/s  rxmcst/s   %ifutil
11:29:04           lo      0,00      0,00      0,00      0,00      0,00      0,00      0,00      0,00
11:29:04         eno1     14,00      6,50      1,50      1,30      0,00      0,00      1,00      0,00
11:29:04         eno2      0,00      0,00      0,00      0,00      0,00      0,00      0,00      0,00
11:29:04      docker0      0,00      0,00      0,00      0,00      0,00      0,00      0,00      0,00
11:29:04      ens2np0 213190,00 212992,00 311457,27 311168,00      0,00      0,00      0,00     25,51
11:29:04      ens2np1      0,00      0,00      0,00      0,00      0,00      0,00      0,00      0,00

11:29:04        CPU      %usr     %nice      %sys   %iowait    %steal      %irq     %soft    %guest    %gnice     %idle
11:29:06        all      0,03      0,00      0,03      0,00      0,00      0,00      6,25      0,00      0,00     93,69
11:29:06          0      0,00      0,00      0,00      0,00      0,00      0,00    100,00      0,00      0,00      0,00
11:29:06          1      0,00      0,00      0,00      0,00      0,00      0,00      0,00      0,00      0,00    100,00
11:29:06          2      0,00      0,00      0,00      0,00      0,00      0,00      0,00      0,00      0,00    100,00
11:29:06          3      0,00      0,00      0,50      0,00      0,00      0,00      0,00      0,00      0,00     99,50
11:29:06          4      0,50      0,00      0,00      0,00      0,00      0,00      0,00      0,00      0,00     99,50
11:29:06          5      0,00      0,00      0,00      0,00      0,00      0,00      0,00      0,00      0,00    100,00
11:29:06          6      0,00      0,00      0,00      0,00      0,00      0,00      0,00      0,00      0,00    100,00
11:29:06          7      0,00      0,00      0,00      0,00      0,00      0,00      0,00      0,00      0,00    100,00
11:29:06          8      0,00      0,00      0,00      0,00      0,00      0,00      0,00      0,00      0,00    100,00
11:29:06          9      0,00      0,00      0,00      0,00      0,00      0,00      0,00      0,00      0,00    100,00
11:29:06         10      0,00      0,00      0,00      0,00      0,00      0,00      0,00      0,00      0,00    100,00
11:29:06         11      0,00      0,00      0,00      0,00      0,00      0,00      0,00      0,00      0,00    100,00
11:29:06         12      0,00      0,00      0,00      0,00      0,00      0,00      0,00      0,00      0,00    100,00
11:29:06         13      0,00      0,00      0,00      0,00      0,00      0,00      0,00      0,00      0,00    100,00
11:29:06         14      0,00      0,00      0,00      0,00      0,00      0,00      0,00      0,00      0,00    100,00
11:29:06         15      0,00      0,00      0,00      0,00      0,00      0,00      0,00      0,00      0,00    100,00

11:29:04        IFACE   rxpck/s   txpck/s    rxkB/s    txkB/s   rxcmp/s   txcmp/s  rxmcst/s   %ifutil
11:29:06           lo      0,00      0,00      0,00      0,00      0,00      0,00      0,00      0,00
11:29:06         eno1      8,00      2,50      0,63      0,24      0,00      0,00      1,50      0,00
11:29:06         eno2      0,00      0,00      0,00      0,00      0,00      0,00      0,00      0,00
11:29:06      docker0      0,00      0,00      0,00      0,00      0,00      0,00      0,00      0,00
11:29:06      ens2np0 213220,50 214016,00 311501,82 312664,00      0,00      0,00      0,00     25,61
11:29:06      ens2np1      0,00      0,00      0,00      0,00      0,00      0,00      0,00      0,00

11:29:06        CPU      %usr     %nice      %sys   %iowait    %steal      %irq     %soft    %guest    %gnice     %idle
11:29:08        all      0,56      0,00      0,13      0,00      0,00      0,00      6,29      0,00      0,00     93,02
11:29:08          0      0,00      0,00      0,00      0,00      0,00      0,00    100,00      0,00      0,00      0,00
11:29:08          1      1,50      0,00      0,50      0,00      0,00      0,00      0,00      0,00      0,00     98,00
11:29:08          2      1,00      0,00      0,00      0,00      0,00      0,00      0,50      0,00      0,00     98,51
11:29:08          3      1,01      0,00      0,00      0,00      0,00      0,00      0,00      0,00      0,00     98,99
11:29:08          4      0,50      0,00      0,00      0,00      0,00      0,00      0,00      0,00      0,00     99,50
11:29:08          5      0,00      0,00      0,00      0,00      0,00      0,00      0,00      0,00      0,00    100,00
11:29:08          6      0,50      0,00      0,00      0,00      0,00      0,00      0,00      0,00      0,00     99,50
11:29:08          7      0,50      0,00      0,00      0,00      0,00      0,00      0,00      0,00      0,00     99,50
11:29:08          8      0,50      0,00      0,00      0,00      0,00      0,00      0,00      0,00      0,00     99,50
11:29:08          9      0,50      0,00      0,00      0,00      0,00      0,00      0,00      0,00      0,00     99,50
11:29:08         10      0,00      0,00      0,00      0,00      0,00      0,00      0,00      0,00      0,00    100,00
11:29:08         11      0,00      0,00      0,50      0,00      0,00      0,00      0,00      0,00      0,00     99,50
11:29:08         12      1,00      0,00      0,00      0,00      0,00      0,00      0,00      0,00      0,00     99,00
11:29:08         13      0,50      0,00      0,00      0,00      0,00      0,00      0,00      0,00      0,00     99,50
11:29:08         14      1,00      0,00      0,50      0,00      0,00      0,00      0,00      0,00      0,00     98,50
11:29:08         15      0,50      0,00      0,50      0,00      0,00      0,00      0,00      0,00      0,00     99,00

11:29:06        IFACE   rxpck/s   txpck/s    rxkB/s    txkB/s   rxcmp/s   txcmp/s  rxmcst/s   %ifutil
11:29:08           lo      0,00      0,00      0,00      0,00      0,00      0,00      0,00      0,00
11:29:08         eno1      9,00      3,50      0,76      0,29      0,00      0,00      1,00      0,00
11:29:08         eno2      0,00      0,00      0,00      0,00      0,00      0,00      0,00      0,00
11:29:08      docker0      0,00      0,00      0,00      0,00      0,00      0,00      0,00      0,00
11:29:08      ens2np0 212882,00 211968,00 311007,30 309672,00      0,00      0,00      0,00     25,48
11:29:08      ens2np1      0,00      0,00      0,00      0,00      0,00      0,00      0,00      0,00

11:29:08        CPU      %usr     %nice      %sys   %iowait    %steal      %irq     %soft    %guest    %gnice     %idle
11:29:10        all      0,16      0,00      0,00      0,00      0,00      0,00      6,25      0,00      0,00     93,59
11:29:10          0      0,00      0,00      0,00      0,00      0,00      0,00    100,00      0,00      0,00      0,00
11:29:10          1      0,00      0,00      0,00      0,00      0,00      0,00      0,00      0,00      0,00    100,00
11:29:10          2      0,00      0,00      0,00      0,00      0,00      0,00      0,00      0,00      0,00    100,00
11:29:10          3      0,00      0,00      0,00      0,00      0,00      0,00      0,00      0,00      0,00    100,00
11:29:10          4      0,00      0,00      0,00      0,00      0,00      0,00      0,00      0,00      0,00    100,00
11:29:10          5      0,00      0,00      0,00      0,00      0,00      0,00      0,00      0,00      0,00    100,00
11:29:10          6      0,00      0,00      0,00      0,00      0,00      0,00      0,00      0,00      0,00    100,00
11:29:10          7      1,00      0,00      0,00      0,00      0,00      0,00      0,00      0,00      0,00     99,00
11:29:10          8      0,00      0,00      0,00      0,00      0,00      0,00      0,00      0,00      0,00    100,00
11:29:10          9      0,00      0,00      0,00      0,00      0,00      0,00      0,00      0,00      0,00    100,00
11:29:10         10      0,00      0,00      0,00      0,00      0,00      0,00      0,00      0,00      0,00    100,00
11:29:10         11      0,00      0,00      0,00      0,00      0,00      0,00      0,00      0,00      0,00    100,00
11:29:10         12      0,00      0,00      0,00      0,00      0,00      0,00      0,00      0,00      0,00    100,00
11:29:10         13      0,00      0,00      0,00      0,00      0,00      0,00      0,00      0,00      0,00    100,00
11:29:10         14      0,50      0,00      0,00      0,00      0,00      0,00      0,00      0,00      0,00     99,50
11:29:10         15      1,00      0,00      0,00      0,00      0,00      0,00      0,00      0,00      0,00     99,00

11:29:08        IFACE   rxpck/s   txpck/s    rxkB/s    txkB/s   rxcmp/s   txcmp/s  rxmcst/s   %ifutil
11:29:10           lo      0,00      0,00      0,00      0,00      0,00      0,00      0,00      0,00
11:29:10         eno1      8,50      4,00      1,17      1,07      0,00      0,00      1,00      0,00
11:29:10         eno2      0,00      0,00      0,00      0,00      0,00      0,00      0,00      0,00
11:29:10      docker0      0,00      0,00      0,00      0,00      0,00      0,00      0,00      0,00
11:29:10      ens2np0 213185,50 214016,00 311450,69 312664,00      0,00      0,00      0,00     25,61
11:29:10      ens2np1      0,00      0,00      0,00      0,00      0,00      0,00      0,00      0,00

11:29:10        CPU      %usr     %nice      %sys   %iowait    %steal      %irq     %soft    %guest    %gnice     %idle
11:29:12        all      0,00      0,00      0,06      0,00      0,00      0,00      6,25      0,00      0,00     93,69
11:29:12          0      0,00      0,00      0,00      0,00      0,00      0,00    100,00      0,00      0,00      0,00
11:29:12          1      0,00      0,00      0,00      0,00      0,00      0,00      0,00      0,00      0,00    100,00
11:29:12          2      0,00      0,00      0,50      0,00      0,00      0,00      0,00      0,00      0,00     99,50
11:29:12          3      0,00      0,00      0,00      0,00      0,00      0,00      0,00      0,00      0,00    100,00
11:29:12          4      0,00      0,00      0,00      0,00      0,00      0,00      0,00      0,00      0,00    100,00
11:29:12          5      0,00      0,00      0,00      0,00      0,00      0,00      0,00      0,00      0,00    100,00
11:29:12          6      0,00      0,00      0,00      0,00      0,00      0,00      0,00      0,00      0,00    100,00
11:29:12          7      0,00      0,00      0,00      0,00      0,00      0,00      0,00      0,00      0,00    100,00
11:29:12          8      0,00      0,00      0,00      0,00      0,00      0,00      0,00      0,00      0,00    100,00
11:29:12          9      0,00      0,00      0,00      0,00      0,00      0,00      0,00      0,00      0,00    100,00
11:29:12         10      0,00      0,00      0,00      0,00      0,00      0,00      0,00      0,00      0,00    100,00
11:29:12         11      0,00      0,00      0,00      0,00      0,00      0,00      0,00      0,00      0,00    100,00
11:29:12         12      0,00      0,00      0,00      0,00      0,00      0,00      0,00      0,00      0,00    100,00
11:29:12         13      0,00      0,00      0,00      0,00      0,00      0,00      0,00      0,00      0,00    100,00
11:29:12         14      0,00      0,00      0,50      0,00      0,00      0,00      0,00      0,00      0,00     99,50
11:29:12         15      0,00      0,00      0,00      0,00      0,00      0,00      0,00      0,00      0,00    100,00

11:29:10        IFACE   rxpck/s   txpck/s    rxkB/s    txkB/s   rxcmp/s   txcmp/s  rxmcst/s   %ifutil
11:29:12           lo      0,00      0,00      0,00      0,00      0,00      0,00      0,00      0,00
11:29:12         eno1      3,50      0,00      0,22      0,00      0,00      0,00      0,50      0,00
11:29:12         eno2      0,00      0,00      0,00      0,00      0,00      0,00      0,00      0,00
11:29:12      docker0      0,00      0,00      0,00      0,00      0,00      0,00      0,00      0,00
11:29:12      ens2np0 213230,00 212992,00 311515,70 311168,00      0,00      0,00      0,00     25,52
11:29:12      ens2np1      0,00      0,00      0,00      0,00      0,00      0,00      0,00      0,00

11:29:12        CPU      %usr     %nice      %sys   %iowait    %steal      %irq     %soft    %guest    %gnice     %idle
11:29:14        all      0,12      0,00      0,06      0,00      0,00      0,00      6,28      0,00      0,00     93,53
11:29:14          0      0,00      0,00      0,00      0,00      0,00      0,00    100,00      0,00      0,00      0,00
11:29:14          1      0,00      0,00      0,00      0,00      0,00      0,00      0,50      0,00      0,00     99,50
11:29:14          2      0,00      0,00      0,00      0,00      0,00      0,00      0,00      0,00      0,00    100,00
11:29:14          3      0,00      0,00      0,50      0,00      0,00      0,00      0,00      0,00      0,00     99,50
11:29:14          4      0,00      0,00      0,00      0,00      0,00      0,00      0,00      0,00      0,00    100,00
11:29:14          5      0,00      0,00      0,00      0,00      0,00      0,00      0,00      0,00      0,00    100,00
11:29:14          6      1,00      0,00      0,50      0,00      0,00      0,00      0,00      0,00      0,00     98,51
11:29:14          7      0,00      0,00      0,00      0,00      0,00      0,00      0,00      0,00      0,00    100,00
11:29:14          8      0,00      0,00      0,00      0,00      0,00      0,00      0,00      0,00      0,00    100,00
11:29:14          9      0,00      0,00      0,00      0,00      0,00      0,00      0,00      0,00      0,00    100,00
11:29:14         10      0,00      0,00      0,00      0,00      0,00      0,00      0,00      0,00      0,00    100,00
11:29:14         11      0,00      0,00      0,00      0,00      0,00      0,00      0,00      0,00      0,00    100,00
11:29:14         12      0,00      0,00      0,00      0,00      0,00      0,00      0,00      0,00      0,00    100,00
11:29:14         13      0,00      0,00      0,00      0,00      0,00      0,00      0,00      0,00      0,00    100,00
11:29:14         14      0,00      0,00      0,00      0,00      0,00      0,00      0,00      0,00      0,00    100,00
11:29:14         15      1,00      0,00      0,00      0,00      0,00      0,00      0,00      0,00      0,00     99,00

11:29:12        IFACE   rxpck/s   txpck/s    rxkB/s    txkB/s   rxcmp/s   txcmp/s  rxmcst/s   %ifutil
11:29:14           lo      0,00      0,00      0,00      0,00      0,00      0,00      0,00      0,00
11:29:14         eno1     11,00      6,50      1,31      1,27      0,00      0,00      1,00      0,00
11:29:14         eno2      0,00      0,00      0,00      0,00      0,00      0,00      0,00      0,00
11:29:14      docker0      0,00      0,00      0,00      0,00      0,00      0,00      0,00      0,00
11:29:14      ens2np0 213229,00 212992,00 311514,24 311168,00      0,00      0,00      0,00     25,52
11:29:14      ens2np1      0,00      0,00      0,00      0,00      0,00      0,00      0,00      0,00

11:29:14        CPU      %usr     %nice      %sys   %iowait    %steal      %irq     %soft    %guest    %gnice     %idle
11:29:16        all      0,00      0,00      0,03      0,00      0,00      0,00      6,25      0,00      0,00     93,72
11:29:16          0      0,00      0,00      0,00      0,00      0,00      0,00    100,00      0,00      0,00      0,00
11:29:16          1      0,00      0,00      0,00      0,00      0,00      0,00      0,00      0,00      0,00    100,00
11:29:16          2      0,00      0,00      0,50      0,00      0,00      0,00      0,00      0,00      0,00     99,50
11:29:16          3      0,00      0,00      0,00      0,00      0,00      0,00      0,00      0,00      0,00    100,00
11:29:16          4      0,00      0,00      0,00      0,00      0,00      0,00      0,00      0,00      0,00    100,00
11:29:16          5      0,00      0,00      0,00      0,00      0,00      0,00      0,00      0,00      0,00    100,00
11:29:16          6      0,00      0,00      0,00      0,00      0,00      0,00      0,00      0,00      0,00    100,00
11:29:16          7      0,00      0,00      0,00      0,00      0,00      0,00      0,00      0,00      0,00    100,00
11:29:16          8      0,00      0,00      0,00      0,00      0,00      0,00      0,00      0,00      0,00    100,00
11:29:16          9      0,00      0,00      0,00      0,00      0,00      0,00      0,00      0,00      0,00    100,00
11:29:16         10      0,00      0,00      0,00      0,00      0,00      0,00      0,00      0,00      0,00    100,00
11:29:16         11      0,00      0,00      0,00      0,00      0,00      0,00      0,00      0,00      0,00    100,00
11:29:16         12      0,00      0,00      0,00      0,00      0,00      0,00      0,00      0,00      0,00    100,00
11:29:16         13      0,00      0,00      0,00      0,00      0,00      0,00      0,00      0,00      0,00    100,00
11:29:16         14      0,00      0,00      0,00      0,00      0,00      0,00      0,00      0,00      0,00    100,00
11:29:16         15      0,00      0,00      0,00      0,00      0,00      0,00      0,00      0,00      0,00    100,00

11:29:14        IFACE   rxpck/s   txpck/s    rxkB/s    txkB/s   rxcmp/s   txcmp/s  rxmcst/s   %ifutil
11:29:16           lo      0,00      0,00      0,00      0,00      0,00      0,00      0,00      0,00
11:29:16         eno1      8,00      1,50      0,58      0,13      0,00      0,00      1,50      0,00
11:29:16         eno2      0,00      0,00      0,00      0,00      0,00      0,00      0,00      0,00
11:29:16      docker0      0,00      0,00      0,00      0,00      0,00      0,00      0,00      0,00
11:29:16      ens2np0 213164,50 212992,00 311420,01 311168,00      0,00      0,00      0,00     25,51
11:29:16      ens2np1      0,00      0,00      0,00      0,00      0,00      0,00      0,00      0,00

11:29:16        CPU      %usr     %nice      %sys   %iowait    %steal      %irq     %soft    %guest    %gnice     %idle
11:29:18        all      0,34      0,00      0,13      0,00      0,00      0,00      6,30      0,00      0,00     93,24
11:29:18          0      0,00      0,00      0,00      0,00      0,00      0,00    100,00      0,00      0,00      0,00
11:29:18          1      0,00      0,00      0,50      0,00      0,00      0,00      0,50      0,00      0,00     99,00
11:29:18          2      0,50      0,00      0,00      0,00      0,00      0,00      0,00      0,00      0,00     99,50
11:29:18          3      0,50      0,00      0,50      0,00      0,00      0,00      0,00      0,00      0,00     98,99
11:29:18          4      0,00      0,00      0,00      0,00      0,00      0,00      0,00      0,00      0,00    100,00
11:29:18          5      2,01      0,00      0,50      0,00      0,00      0,00      0,00      0,00      0,00     97,49
11:29:18          6      0,00      0,00      0,00      0,00      0,00      0,00      0,00      0,00      0,00    100,00
11:29:18          7      0,50      0,00      0,00      0,00      0,00      0,00      0,00      0,00      0,00     99,50
11:29:18          8      0,00      0,00      0,00      0,00      0,00      0,00      0,00      0,00      0,00    100,00
11:29:18          9      0,00      0,00      0,00      0,00      0,00      0,00      0,00      0,00      0,00    100,00
11:29:18         10      0,50      0,00      0,00      0,00      0,00      0,00      0,00      0,00      0,00     99,50
11:29:18         11      0,50      0,00      0,00      0,00      0,00      0,00      0,00      0,00      0,00     99,50
11:29:18         12      0,50      0,00      0,00      0,00      0,00      0,00      0,00      0,00      0,00     99,50
11:29:18         13      0,00      0,00      0,00      0,00      0,00      0,00      0,00      0,00      0,00    100,00
11:29:18         14      0,50      0,00      0,00      0,00      0,00      0,00      0,00      0,00      0,00     99,50
11:29:18         15      0,00      0,00      0,50      0,00      0,00      0,00      0,00      0,00      0,00     99,50

11:29:16        IFACE   rxpck/s   txpck/s    rxkB/s    txkB/s   rxcmp/s   txcmp/s  rxmcst/s   %ifutil
11:29:18           lo      0,00      0,00      0,00      0,00      0,00      0,00      0,00      0,00
11:29:18         eno1      8,00      1,50      0,61      0,17      0,00      0,00      1,50      0,00
11:29:18         eno2      0,00      0,00      0,00      0,00      0,00      0,00      0,00      0,00
11:29:18      docker0      0,00      0,00      0,00      0,00      0,00      0,00      0,00      0,00
11:29:18      ens2np0 213077,00 212992,00 311292,18 311168,00      0,00      0,00      0,00     25,50
11:29:18      ens2np1      0,00      0,00      0,00      0,00      0,00      0,00      0,00      0,00

11:29:18        CPU      %usr     %nice      %sys   %iowait    %steal      %irq     %soft    %guest    %gnice     %idle
11:29:20        all      0,09      0,00      0,06      0,00      0,00      0,00      6,28      0,00      0,00     93,57
11:29:20          0      0,00      0,00      0,00      0,00      0,00      0,00    100,00      0,00      0,00      0,00
11:29:20          1      0,00      0,00      0,00      0,00      0,00      0,00      0,50      0,00      0,00     99,50
11:29:20          2      0,00      0,00      0,00      0,00      0,00      0,00      0,00      0,00      0,00    100,00
11:29:20          3      0,50      0,00      0,00      0,00      0,00      0,00      0,00      0,00      0,00     99,50
11:29:20          4      0,00      0,00      0,00      0,00      0,00      0,00      0,00      0,00      0,00    100,00
11:29:20          5      0,00      0,00      0,00      0,00      0,00      0,00      0,00      0,00      0,00    100,00
11:29:20          6      0,00      0,00      0,00      0,00      0,00      0,00      0,00      0,00      0,00    100,00
11:29:20          7      0,00      0,00      0,00      0,00      0,00      0,00      0,00      0,00      0,00    100,00
11:29:20          8      0,00      0,00      0,00      0,00      0,00      0,00      0,00      0,00      0,00    100,00
11:29:20          9      0,00      0,00      0,00      0,00      0,00      0,00      0,00      0,00      0,00    100,00
11:29:20         10      0,00      0,00      0,50      0,00      0,00      0,00      0,00      0,00      0,00     99,50
11:29:20         11      0,00      0,00      0,00      0,00      0,00      0,00      0,00      0,00      0,00    100,00
11:29:20         12      0,00      0,00      0,00      0,00      0,00      0,00      0,00      0,00      0,00    100,00
11:29:20         13      0,00      0,00      0,00      0,00      0,00      0,00      0,00      0,00      0,00    100,00
11:29:20         14      0,50      0,00      0,50      0,00      0,00      0,00      0,00      0,00      0,00     99,00
11:29:20         15      0,50      0,00      0,00      0,00      0,00      0,00      0,00      0,00      0,00     99,50

11:29:18        IFACE   rxpck/s   txpck/s    rxkB/s    txkB/s   rxcmp/s   txcmp/s  rxmcst/s   %ifutil
11:29:20           lo      0,00      0,00      0,00      0,00      0,00      0,00      0,00      0,00
11:29:20         eno1     10,50      6,00      1,23      1,17      0,00      0,00      1,00      0,00
11:29:20         eno2      0,00      0,00      0,00      0,00      0,00      0,00      0,00      0,00
11:29:20      docker0      0,00      0,00      0,00      0,00      0,00      0,00      0,00      0,00
11:29:20      ens2np0 213224,50 214016,00 311507,67 312664,00      0,00      0,00      0,00     25,61
11:29:20      ens2np1      0,00      0,00      0,00      0,00      0,00      0,00      0,00      0,00

11:29:20        CPU      %usr     %nice      %sys   %iowait    %steal      %irq     %soft    %guest    %gnice     %idle
11:29:22        all      0,03      0,00      0,03      0,00      0,00      0,00      6,25      0,00      0,00     93,69
11:29:22          0      0,00      0,00      0,00      0,00      0,00      0,00    100,00      0,00      0,00      0,00
11:29:22          1      0,00      0,00      0,00      0,00      0,00      0,00      0,00      0,00      0,00    100,00
11:29:22          2      0,00      0,00      0,00      0,00      0,00      0,00      0,00      0,00      0,00    100,00
11:29:22          3      0,00      0,00      0,00      0,00      0,00      0,00      0,00      0,00      0,00    100,00
11:29:22          4      0,00      0,00      0,00      0,00      0,00      0,00      0,00      0,00      0,00    100,00
11:29:22          5      0,00      0,00      0,00      0,00      0,00      0,00      0,00      0,00      0,00    100,00
11:29:22          6      0,00      0,00      0,50      0,00      0,00      0,00      0,00      0,00      0,00     99,50
11:29:22          7      0,00      0,00      0,00      0,00      0,00      0,00      0,00      0,00      0,00    100,00
11:29:22          8      0,00      0,00      0,00      0,00      0,00      0,00      0,00      0,00      0,00    100,00
11:29:22          9      0,00      0,00      0,00      0,00      0,00      0,00      0,00      0,00      0,00    100,00
11:29:22         10      0,50      0,00      0,00      0,00      0,00      0,00      0,00      0,00      0,00     99,50
11:29:22         11      0,00      0,00      0,00      0,00      0,00      0,00      0,00      0,00      0,00    100,00
11:29:22         12      0,00      0,00      0,00      0,00      0,00      0,00      0,00      0,00      0,00    100,00
11:29:22         13      0,00      0,00      0,00      0,00      0,00      0,00      0,00      0,00      0,00    100,00
11:29:22         14      0,00      0,00      0,00      0,00      0,00      0,00      0,00      0,00      0,00    100,00
11:29:22         15      0,00      0,00      0,00      0,00      0,00      0,00      0,00      0,00      0,00    100,00

11:29:20        IFACE   rxpck/s   txpck/s    rxkB/s    txkB/s   rxcmp/s   txcmp/s  rxmcst/s   %ifutil
11:29:22           lo      0,00      0,00      0,00      0,00      0,00      0,00      0,00      0,00
11:29:22         eno1      9,50      5,50      1,17      0,98      0,00      0,00      1,00      0,00
11:29:22         eno2      0,00      0,00      0,00      0,00      0,00      0,00      0,00      0,00
11:29:22      docker0      0,00      0,00      0,00      0,00      0,00      0,00      0,00      0,00
11:29:22      ens2np0 213221,50 212992,00 311503,29 311168,00      0,00      0,00      0,00     25,52
11:29:22      ens2np1      0,00      0,00      0,00      0,00      0,00      0,00      0,00      0,00

11:29:22        CPU      %usr     %nice      %sys   %iowait    %steal      %irq     %soft    %guest    %gnice     %idle
11:29:24        all      0,06      0,00      0,03      0,00      0,00      0,00      6,25      0,00      0,00     93,65
11:29:24          0      0,00      0,00      0,00      0,00      0,00      0,00    100,00      0,00      0,00      0,00
11:29:24          1      0,00      0,00      0,00      0,00      0,00      0,00      0,00      0,00      0,00    100,00
11:29:24          2      0,00      0,00      0,00      0,00      0,00      0,00      0,00      0,00      0,00    100,00
11:29:24          3      0,00      0,00      0,00      0,00      0,00      0,00      0,00      0,00      0,00    100,00
11:29:24          4      0,00      0,00      0,00      0,00      0,00      0,00      0,00      0,00      0,00    100,00
11:29:24          5      0,00      0,00      0,00      0,00      0,00      0,00      0,00      0,00      0,00    100,00
11:29:24          6      0,00      0,00      0,00      0,00      0,00      0,00      0,00      0,00      0,00    100,00
11:29:24          7      0,00      0,00      0,00      0,00      0,00      0,00      0,00      0,00      0,00    100,00
11:29:24          8      0,00      0,00      0,00      0,00      0,00      0,00      0,00      0,00      0,00    100,00
11:29:24          9      0,50      0,00      0,00      0,00      0,00      0,00      0,00      0,00      0,00     99,50
11:29:24         10      0,00      0,00      0,00      0,00      0,00      0,00      0,00      0,00      0,00    100,00
11:29:24         11      0,00      0,00      0,00      0,00      0,00      0,00      0,00      0,00      0,00    100,00
11:29:24         12      0,00      0,00      0,00      0,00      0,00      0,00      0,00      0,00      0,00    100,00
11:29:24         13      0,00      0,00      0,00      0,00      0,00      0,00      0,00      0,00      0,00    100,00
11:29:24         14      0,50      0,00      0,50      0,00      0,00      0,00      0,00      0,00      0,00     99,00
11:29:24         15      0,00      0,00      0,00      0,00      0,00      0,00      0,00      0,00      0,00    100,00

11:29:22        IFACE   rxpck/s   txpck/s    rxkB/s    txkB/s   rxcmp/s   txcmp/s  rxmcst/s   %ifutil
11:29:24           lo      0,00      0,00      0,00      0,00      0,00      0,00      0,00      0,00
11:29:24         eno1      8,00      5,00      0,67      0,55      0,00      0,00      1,00      0,00
11:29:24         eno2      0,00      0,00      0,00      0,00      0,00      0,00      0,00      0,00
11:29:24      docker0      0,00      0,00      0,00      0,00      0,00      0,00      0,00      0,00
11:29:24      ens2np0 213243,50 212992,00 311535,43 311168,00      0,00      0,00      0,00     25,52
11:29:24      ens2np1      0,00      0,00      0,00      0,00      0,00      0,00      0,00      0,00

11:29:24        CPU      %usr     %nice      %sys   %iowait    %steal      %irq     %soft    %guest    %gnice     %idle
11:29:26        all      0,03      0,00      0,00      0,00      0,00      0,00      6,25      0,00      0,00     93,72
11:29:26          0      0,00      0,00      0,00      0,00      0,00      0,00    100,00      0,00      0,00      0,00
11:29:26          1      0,00      0,00      0,00      0,00      0,00      0,00      0,00      0,00      0,00    100,00
11:29:26          2      0,00      0,00      0,00      0,00      0,00      0,00      0,00      0,00      0,00    100,00
11:29:26          3      0,00      0,00      0,00      0,00      0,00      0,00      0,00      0,00      0,00    100,00
11:29:26          4      0,00      0,00      0,00      0,00      0,00      0,00      0,00      0,00      0,00    100,00
11:29:26          5      0,00      0,00      0,00      0,00      0,00      0,00      0,00      0,00      0,00    100,00
11:29:26          6      0,50      0,00      0,00      0,00      0,00      0,00      0,00      0,00      0,00     99,50
11:29:26          7      0,00      0,00      0,00      0,00      0,00      0,00      0,00      0,00      0,00    100,00
11:29:26          8      0,00      0,00      0,00      0,00      0,00      0,00      0,00      0,00      0,00    100,00
11:29:26          9      0,00      0,00      0,00      0,00      0,00      0,00      0,00      0,00      0,00    100,00
11:29:26         10      0,00      0,00      0,00      0,00      0,00      0,00      0,00      0,00      0,00    100,00
11:29:26         11      0,00      0,00      0,00      0,00      0,00      0,00      0,00      0,00      0,00    100,00
11:29:26         12      0,00      0,00      0,00      0,00      0,00      0,00      0,00      0,00      0,00    100,00
11:29:26         13      0,00      0,00      0,00      0,00      0,00      0,00      0,00      0,00      0,00    100,00
11:29:26         14      0,00      0,00      0,00      0,00      0,00      0,00      0,00      0,00      0,00    100,00
11:29:26         15      0,00      0,00      0,00      0,00      0,00      0,00      0,00      0,00      0,00    100,00

11:29:24        IFACE   rxpck/s   txpck/s    rxkB/s    txkB/s   rxcmp/s   txcmp/s  rxmcst/s   %ifutil
11:29:26           lo      0,00      0,00      0,00      0,00      0,00      0,00      0,00      0,00
11:29:26         eno1      8,50      2,50      0,61      0,25      0,00      0,00      1,00      0,00
11:29:26         eno2      0,00      0,00      0,00      0,00      0,00      0,00      0,00      0,00
11:29:26      docker0      0,00      0,00      0,00      0,00      0,00      0,00      0,00      0,00
11:29:26      ens2np0 213230,00 212992,00 311515,70 311168,00      0,00      0,00      0,00     25,52
11:29:26      ens2np1      0,00      0,00      0,00      0,00      0,00      0,00      0,00      0,00

11:29:26        CPU      %usr     %nice      %sys   %iowait    %steal      %irq     %soft    %guest    %gnice     %idle
11:29:28        all      0,38      0,00      0,09      0,00      0,00      0,00      6,25      0,00      0,00     93,28
11:29:28          0      0,00      0,00      0,00      0,00      0,00      0,00    100,00      0,00      0,00      0,00
11:29:28          1      0,50      0,00      0,00      0,00      0,00      0,00      0,00      0,00      0,00     99,50
11:29:28          2      1,01      0,00      0,00      0,00      0,00      0,00      0,00      0,00      0,00     98,99
11:29:28          3      1,00      0,00      0,50      0,00      0,00      0,00      0,00      0,00      0,00     98,51
11:29:28          4      0,00      0,00      0,00      0,00      0,00      0,00      0,00      0,00      0,00    100,00
11:29:28          5      0,50      0,00      0,00      0,00      0,00      0,00      0,00      0,00      0,00     99,50
11:29:28          6      0,00      0,00      0,50      0,00      0,00      0,00      0,00      0,00      0,00     99,50
11:29:28          7      0,50      0,00      0,00      0,00      0,00      0,00      0,00      0,00      0,00     99,50
11:29:28          8      0,00      0,00      0,00      0,00      0,00      0,00      0,00      0,00      0,00    100,00
11:29:28          9      0,00      0,00      0,00      0,00      0,00      0,00      0,00      0,00      0,00    100,00
11:29:28         10      0,50      0,00      0,00      0,00      0,00      0,00      0,00      0,00      0,00     99,50
11:29:28         11      1,00      0,00      0,00      0,00      0,00      0,00      0,00      0,00      0,00     99,00
11:29:28         12      0,00      0,00      0,00      0,00      0,00      0,00      0,00      0,00      0,00    100,00
11:29:28         13      0,00      0,00      0,00      0,00      0,00      0,00      0,00      0,00      0,00    100,00
11:29:28         14      0,00      0,00      0,00      0,00      0,00      0,00      0,00      0,00      0,00    100,00
11:29:28         15      1,00      0,00      0,50      0,00      0,00      0,00      0,00      0,00      0,00     98,51

11:29:26        IFACE   rxpck/s   txpck/s    rxkB/s    txkB/s   rxcmp/s   txcmp/s  rxmcst/s   %ifutil
11:29:28           lo      0,00      0,00      0,00      0,00      0,00      0,00      0,00      0,00
11:29:28         eno1      5,50      0,00      0,35      0,00      0,00      0,00      1,00      0,00
11:29:28         eno2      0,00      0,00      0,00      0,00      0,00      0,00      0,00      0,00
11:29:28      docker0      0,00      0,00      0,00      0,00      0,00      0,00      0,00      0,00
11:29:28      ens2np0 212932,00 212992,00 311080,34 311168,00      0,00      0,00      0,00     25,49
11:29:28      ens2np1      0,00      0,00      0,00      0,00      0,00      0,00      0,00      0,00

11:29:28        CPU      %usr     %nice      %sys   %iowait    %steal      %irq     %soft    %guest    %gnice     %idle
11:29:30        all      0,00      0,00      0,03      0,00      0,00      0,00      6,28      0,00      0,00     93,69
11:29:30          0      0,00      0,00      0,00      0,00      0,00      0,00    100,00      0,00      0,00      0,00
11:29:30          1      0,00      0,00      0,00      0,00      0,00      0,00      0,50      0,00      0,00     99,50
11:29:30          2      0,00      0,00      0,00      0,00      0,00      0,00      0,00      0,00      0,00    100,00
11:29:30          3      0,00      0,00      0,00      0,00      0,00      0,00      0,00      0,00      0,00    100,00
11:29:30          4      0,00      0,00      0,00      0,00      0,00      0,00      0,00      0,00      0,00    100,00
11:29:30          5      0,00      0,00      0,00      0,00      0,00      0,00      0,00      0,00      0,00    100,00
11:29:30          6      0,00      0,00      0,00      0,00      0,00      0,00      0,00      0,00      0,00    100,00
11:29:30          7      0,00      0,00      0,00      0,00      0,00      0,00      0,00      0,00      0,00    100,00
11:29:30          8      0,00      0,00      0,00      0,00      0,00      0,00      0,00      0,00      0,00    100,00
11:29:30          9      0,00      0,00      0,00      0,00      0,00      0,00      0,00      0,00      0,00    100,00
11:29:30         10      0,00      0,00      0,50      0,00      0,00      0,00      0,00      0,00      0,00     99,50
11:29:30         11      0,00      0,00      0,00      0,00      0,00      0,00      0,00      0,00      0,00    100,00
11:29:30         12      0,00      0,00      0,00      0,00      0,00      0,00      0,00      0,00      0,00    100,00
11:29:30         13      0,00      0,00      0,00      0,00      0,00      0,00      0,00      0,00      0,00    100,00
11:29:30         14      0,00      0,00      0,00      0,00      0,00      0,00      0,00      0,00      0,00    100,00
11:29:30         15      0,00      0,00      0,00      0,00      0,00      0,00      0,00      0,00      0,00    100,00

11:29:28        IFACE   rxpck/s   txpck/s    rxkB/s    txkB/s   rxcmp/s   txcmp/s  rxmcst/s   %ifutil
11:29:30           lo      0,00      0,00      0,00      0,00      0,00      0,00      0,00      0,00
11:29:30         eno1      7,50      1,50      0,98      0,15      0,00      0,00      1,00      0,00
11:29:30         eno2      0,00      0,00      0,00      0,00      0,00      0,00      0,00      0,00
11:29:30      docker0      0,00      0,00      0,00      0,00      0,00      0,00      0,00      0,00
11:29:30      ens2np0 213218,50 212992,00 311498,90 311168,00      0,00      0,00      0,00     25,52
11:29:30      ens2np1      0,00      0,00      0,00      0,00      0,00      0,00      0,00      0,00

11:29:30        CPU      %usr     %nice      %sys   %iowait    %steal      %irq     %soft    %guest    %gnice     %idle
11:29:32        all      0,00      0,00      0,00      0,00      0,00      0,00      6,25      0,00      0,00     93,75
11:29:32          0      0,00      0,00      0,00      0,00      0,00      0,00    100,00      0,00      0,00      0,00
11:29:32          1      0,00      0,00      0,00      0,00      0,00      0,00      0,00      0,00      0,00    100,00
11:29:32          2      0,00      0,00      0,00      0,00      0,00      0,00      0,00      0,00      0,00    100,00
11:29:32          3      0,00      0,00      0,00      0,00      0,00      0,00      0,00      0,00      0,00    100,00
11:29:32          4      0,00      0,00      0,00      0,00      0,00      0,00      0,00      0,00      0,00    100,00
11:29:32          5      0,00      0,00      0,00      0,00      0,00      0,00      0,00      0,00      0,00    100,00
11:29:32          6      0,00      0,00      0,00      0,00      0,00      0,00      0,00      0,00      0,00    100,00
11:29:32          7      0,00      0,00      0,00      0,00      0,00      0,00      0,00      0,00      0,00    100,00
11:29:32          8      0,00      0,00      0,00      0,00      0,00      0,00      0,00      0,00      0,00    100,00
11:29:32          9      0,00      0,00      0,00      0,00      0,00      0,00      0,00      0,00      0,00    100,00
11:29:32         10      0,00      0,00      0,00      0,00      0,00      0,00      0,00      0,00      0,00    100,00
11:29:32         11      0,00      0,00      0,00      0,00      0,00      0,00      0,00      0,00      0,00    100,00
11:29:32         12      0,00      0,00      0,00      0,00      0,00      0,00      0,00      0,00      0,00    100,00
11:29:32         13      0,00      0,00      0,00      0,00      0,00      0,00      0,00      0,00      0,00    100,00
11:29:32         14      0,00      0,00      0,00      0,00      0,00      0,00      0,00      0,00      0,00    100,00
11:29:32         15      0,00      0,00      0,00      0,00      0,00      0,00      0,00      0,00      0,00    100,00

11:29:30        IFACE   rxpck/s   txpck/s    rxkB/s    txkB/s   rxcmp/s   txcmp/s  rxmcst/s   %ifutil
11:29:32           lo      0,00      0,00      0,00      0,00      0,00      0,00      0,00      0,00
11:29:32         eno1      5,50      0,00      0,35      0,00      0,00      0,00      1,00      0,00
11:29:32         eno2      0,00      0,00      0,00      0,00      0,00      0,00      0,00      0,00
11:29:32      docker0      0,00      0,00      0,00      0,00      0,00      0,00      0,00      0,00
11:29:32      ens2np0 213217,50 214016,00 311497,44 312664,00      0,00      0,00      0,00     25,61
11:29:32      ens2np1      0,00      0,00      0,00      0,00      0,00      0,00      0,00      0,00

11:29:32        CPU      %usr     %nice      %sys   %iowait    %steal      %irq     %soft    %guest    %gnice     %idle
11:29:34        all      0,00      0,00      0,00      0,00      0,00      0,00      6,25      0,00      0,00     93,75
11:29:34          0      0,00      0,00      0,00      0,00      0,00      0,00    100,00      0,00      0,00      0,00
11:29:34          1      0,00      0,00      0,00      0,00      0,00      0,00      0,00      0,00      0,00    100,00
11:29:34          2      0,00      0,00      0,00      0,00      0,00      0,00      0,00      0,00      0,00    100,00
11:29:34          3      0,00      0,00      0,00      0,00      0,00      0,00      0,00      0,00      0,00    100,00
11:29:34          4      0,00      0,00      0,00      0,00      0,00      0,00      0,00      0,00      0,00    100,00
11:29:34          5      0,00      0,00      0,00      0,00      0,00      0,00      0,00      0,00      0,00    100,00
11:29:34          6      0,00      0,00      0,00      0,00      0,00      0,00      0,00      0,00      0,00    100,00
11:29:34          7      0,00      0,00      0,00      0,00      0,00      0,00      0,00      0,00      0,00    100,00
11:29:34          8      0,00      0,00      0,00      0,00      0,00      0,00      0,00      0,00      0,00    100,00
11:29:34          9      0,00      0,00      0,00      0,00      0,00      0,00      0,00      0,00      0,00    100,00
11:29:34         10      0,00      0,00      0,00      0,00      0,00      0,00      0,00      0,00      0,00    100,00
11:29:34         11      0,00      0,00      0,00      0,00      0,00      0,00      0,00      0,00      0,00    100,00
11:29:34         12      0,00      0,00      0,00      0,00      0,00      0,00      0,00      0,00      0,00    100,00
11:29:34         13      0,00      0,00      0,00      0,00      0,00      0,00      0,00      0,00      0,00    100,00
11:29:34         14      0,00      0,00      0,00      0,00      0,00      0,00      0,00      0,00      0,00    100,00
11:29:34         15      0,00      0,00      0,00      0,00      0,00      0,00      0,00      0,00      0,00    100,00

11:29:32        IFACE   rxpck/s   txpck/s    rxkB/s    txkB/s   rxcmp/s   txcmp/s  rxmcst/s   %ifutil
11:29:34           lo      0,00      0,00      0,00      0,00      0,00      0,00      0,00      0,00
11:29:34         eno1      6,00      1,50      0,43      0,18      0,00      0,00      1,00      0,00
11:29:34         eno2      0,00      0,00      0,00      0,00      0,00      0,00      0,00      0,00
11:29:34      docker0      0,00      0,00      0,00      0,00      0,00      0,00      0,00      0,00
11:29:34      ens2np0 213197,00 212992,00 311467,49 311168,00      0,00      0,00      0,00     25,52
11:29:34      ens2np1      0,00      0,00      0,00      0,00      0,00      0,00      0,00      0,00

Average:        CPU      %usr     %nice      %sys   %iowait    %steal      %irq     %soft    %guest    %gnice     %idle
Average:        all      0,12      0,00      0,05      0,00      0,00      0,00      4,90      0,00      0,00     94,93
Average:          0      0,00      0,00      0,00      0,00      0,00      0,00     78,25      0,00      0,00     21,75
Average:          1      0,10      0,00      0,04      0,00      0,00      0,00      0,10      0,00      0,00     99,76
Average:          2      0,14      0,00      0,12      0,00      0,00      0,00      0,02      0,00      0,00     99,72
Average:          3      0,20      0,00      0,10      0,00      0,00      0,00      0,00      0,00      0,00     99,70
Average:          4      0,18      0,00      0,04      0,00      0,00      0,00      0,00      0,00      0,00     99,78
Average:          5      0,16      0,00      0,04      0,00      0,00      0,00      0,00      0,00      0,00     99,80
Average:          6      0,10      0,00      0,08      0,00      0,00      0,00      0,00      0,00      0,00     99,82
Average:          7      0,12      0,00      0,02      0,00      0,00      0,00      0,00      0,00      0,00     99,86
Average:          8      0,06      0,00      0,02      0,00      0,00      0,00      0,00      0,00      0,00     99,92
Average:          9      0,16      0,00      0,04      0,00      0,00      0,00      0,00      0,00      0,00     99,80
Average:         10      0,08      0,00      0,06      0,00      0,00      0,00      0,00      0,00      0,00     99,86
Average:         11      0,08      0,00      0,02      0,00      0,00      0,00      0,00      0,00      0,00     99,90
Average:         12      0,08      0,00      0,00      0,00      0,00      0,00      0,00      0,00      0,00     99,92
Average:         13      0,10      0,00      0,02      0,00      0,00      0,00      0,00      0,00      0,00     99,88
Average:         14      0,16      0,00      0,12      0,00      0,00      0,00      0,00      0,00      0,00     99,72
Average:         15      0,18      0,00      0,08      0,00      0,00      0,00      0,00      0,00      0,00     99,74

Average:        IFACE   rxpck/s   txpck/s    rxkB/s    txkB/s   rxcmp/s   txcmp/s  rxmcst/s   %ifutil
Average:           lo      0,00      0,00      0,00      0,00      0,00      0,00      0,00      0,00
Average:         eno1      8,92      3,86      0,93      0,64      0,00      0,00      1,06      0,00
Average:         eno2      0,00      0,00      0,00      0,00      0,00      0,00      0,00      0,00
Average:      docker0      0,00      0,00      0,00      0,00      0,00      0,00      0,00      0,00
Average:      ens2np0 166681,22 166625,28 243510,84 243429,12      0,00      0,00      0,00     19,95
Average:      ens2np1      0,00      0,00      0,00      0,00      0,00      0,00      0,00      0,00
