Linux 5.13.0-52-generic (w1) 	21/07/2022 	_x86_64_	(16 CPU)

12:48:43        CPU      %usr     %nice      %sys   %iowait    %steal      %irq     %soft    %guest    %gnice     %idle
12:48:45        all      0,09      0,00      0,00      0,00      0,00      0,00      0,00      0,00      0,00     99,91
12:48:45          0      0,50      0,00      0,00      0,00      0,00      0,00      0,00      0,00      0,00     99,50
12:48:45          1      0,00      0,00      0,00      0,00      0,00      0,00      0,00      0,00      0,00    100,00
12:48:45          2      0,00      0,00      0,00      0,00      0,00      0,00      0,00      0,00      0,00    100,00
12:48:45          3      0,00      0,00      0,00      0,00      0,00      0,00      0,00      0,00      0,00    100,00
12:48:45          4      0,00      0,00      0,00      0,00      0,00      0,00      0,00      0,00      0,00    100,00
12:48:45          5      0,50      0,00      0,00      0,00      0,00      0,00      0,00      0,00      0,00     99,50
12:48:45          6      0,00      0,00      0,00      0,00      0,00      0,00      0,00      0,00      0,00    100,00
12:48:45          7      0,00      0,00      0,00      0,00      0,00      0,00      0,00      0,00      0,00    100,00
12:48:45          8      0,00      0,00      0,00      0,00      0,00      0,00      0,00      0,00      0,00    100,00
12:48:45          9      0,00      0,00      0,00      0,00      0,00      0,00      0,00      0,00      0,00    100,00
12:48:45         10      0,00      0,00      0,00      0,00      0,00      0,00      0,00      0,00      0,00    100,00
12:48:45         11      0,00      0,00      0,00      0,00      0,00      0,00      0,00      0,00      0,00    100,00
12:48:45         12      0,00      0,00      0,00      0,00      0,00      0,00      0,00      0,00      0,00    100,00
12:48:45         13      0,50      0,00      0,00      0,00      0,00      0,00      0,00      0,00      0,00     99,50
12:48:45         14      0,00      0,00      0,00      0,00      0,00      0,00      0,00      0,00      0,00    100,00
12:48:45         15      0,00      0,00      0,00      0,00      0,00      0,00      0,00      0,00      0,00    100,00

12:48:43        IFACE   rxpck/s   txpck/s    rxkB/s    txkB/s   rxcmp/s   txcmp/s  rxmcst/s   %ifutil
12:48:45           lo      4,00      4,00      0,32      0,32      0,00      0,00      0,00      0,00
12:48:45         eno1     24,50     20,50      4,00      3,63      0,00      0,00      1,50      0,00
12:48:45         eno2      0,00      0,00      0,00      0,00      0,00      0,00      0,00      0,00
12:48:45      docker0      0,00      0,00      0,00      0,00      0,00      0,00      0,00      0,00
12:48:45      ens2np0      0,00      3,50      0,00      0,37      0,00      0,00      0,00      0,00
12:48:45      ens2np1      0,00      0,00      0,00      0,00      0,00      0,00      0,00      0,00

12:48:45        CPU      %usr     %nice      %sys   %iowait    %steal      %irq     %soft    %guest    %gnice     %idle
12:48:47        all      0,00      0,00      0,00      0,00      0,00      0,00      0,00      0,00      0,00    100,00
12:48:47          0      0,00      0,00      0,00      0,00      0,00      0,00      0,00      0,00      0,00    100,00
12:48:47          1      0,00      0,00      0,00      0,00      0,00      0,00      0,00      0,00      0,00    100,00
12:48:47          2      0,00      0,00      0,00      0,00      0,00      0,00      0,00      0,00      0,00    100,00
12:48:47          3      0,00      0,00      0,00      0,00      0,00      0,00      0,00      0,00      0,00    100,00
12:48:47          4      0,00      0,00      0,00      0,00      0,00      0,00      0,00      0,00      0,00    100,00
12:48:47          5      0,00      0,00      0,00      0,00      0,00      0,00      0,00      0,00      0,00    100,00
12:48:47          6      0,00      0,00      0,00      0,00      0,00      0,00      0,00      0,00      0,00    100,00
12:48:47          7      0,00      0,00      0,00      0,00      0,00      0,00      0,00      0,00      0,00    100,00
12:48:47          8      0,00      0,00      0,00      0,00      0,00      0,00      0,00      0,00      0,00    100,00
12:48:47          9      0,00      0,00      0,00      0,00      0,00      0,00      0,00      0,00      0,00    100,00
12:48:47         10      0,00      0,00      0,00      0,00      0,00      0,00      0,00      0,00      0,00    100,00
12:48:47         11      0,00      0,00      0,00      0,00      0,00      0,00      0,00      0,00      0,00    100,00
12:48:47         12      0,00      0,00      0,00      0,00      0,00      0,00      0,00      0,00      0,00    100,00
12:48:47         13      0,00      0,00      0,00      0,00      0,00      0,00      0,00      0,00      0,00    100,00
12:48:47         14      0,00      0,00      0,00      0,00      0,00      0,00      0,00      0,00      0,00    100,00
12:48:47         15      0,00      0,00      0,00      0,00      0,00      0,00      0,00      0,00      0,00    100,00

12:48:45        IFACE   rxpck/s   txpck/s    rxkB/s    txkB/s   rxcmp/s   txcmp/s  rxmcst/s   %ifutil
12:48:47           lo      0,00      0,00      0,00      0,00      0,00      0,00      0,00      0,00
12:48:47         eno1      6,50      0,50      0,45      0,04      0,00      0,00      1,00      0,00
12:48:47         eno2      0,00      0,00      0,00      0,00      0,00      0,00      0,00      0,00
12:48:47      docker0      0,00      0,00      0,00      0,00      0,00      0,00      0,00      0,00
12:48:47      ens2np0      0,00      0,50      0,00      0,04      0,00      0,00      0,00      0,00
12:48:47      ens2np1      0,00      0,00      0,00      0,00      0,00      0,00      0,00      0,00

12:48:47        CPU      %usr     %nice      %sys   %iowait    %steal      %irq     %soft    %guest    %gnice     %idle
12:48:49        all      0,00      0,00      0,00      0,00      0,00      0,00      0,00      0,00      0,00    100,00
12:48:49          0      0,00      0,00      0,00      0,00      0,00      0,00      0,00      0,00      0,00    100,00
12:48:49          1      0,00      0,00      0,00      0,00      0,00      0,00      0,00      0,00      0,00    100,00
12:48:49          2      0,00      0,00      0,00      0,00      0,00      0,00      0,00      0,00      0,00    100,00
12:48:49          3      0,00      0,00      0,00      0,00      0,00      0,00      0,00      0,00      0,00    100,00
12:48:49          4      0,00      0,00      0,00      0,00      0,00      0,00      0,00      0,00      0,00    100,00
12:48:49          5      0,00      0,00      0,00      0,00      0,00      0,00      0,00      0,00      0,00    100,00
12:48:49          6      0,00      0,00      0,00      0,00      0,00      0,00      0,00      0,00      0,00    100,00
12:48:49          7      0,00      0,00      0,00      0,00      0,00      0,00      0,00      0,00      0,00    100,00
12:48:49          8      0,00      0,00      0,00      0,00      0,00      0,00      0,00      0,00      0,00    100,00
12:48:49          9      0,00      0,00      0,00      0,00      0,00      0,00      0,00      0,00      0,00    100,00
12:48:49         10      0,00      0,00      0,00      0,00      0,00      0,00      0,00      0,00      0,00    100,00
12:48:49         11      0,00      0,00      0,00      0,00      0,00      0,00      0,00      0,00      0,00    100,00
12:48:49         12      0,00      0,00      0,00      0,00      0,00      0,00      0,00      0,00      0,00    100,00
12:48:49         13      0,00      0,00      0,00      0,00      0,00      0,00      0,00      0,00      0,00    100,00
12:48:49         14      0,00      0,00      0,00      0,00      0,00      0,00      0,00      0,00      0,00    100,00
12:48:49         15      0,00      0,00      0,00      0,00      0,00      0,00      0,00      0,00      0,00    100,00

12:48:47        IFACE   rxpck/s   txpck/s    rxkB/s    txkB/s   rxcmp/s   txcmp/s  rxmcst/s   %ifutil
12:48:49           lo      0,00      0,00      0,00      0,00      0,00      0,00      0,00      0,00
12:48:49         eno1      8,50      0,50      0,53      0,03      0,00      0,00      1,00      0,00
12:48:49         eno2      0,00      0,00      0,00      0,00      0,00      0,00      0,00      0,00
12:48:49      docker0      0,00      0,00      0,00      0,00      0,00      0,00      0,00      0,00
12:48:49      ens2np0      0,00      0,50      0,00      0,06      0,00      0,00      0,00      0,00
12:48:49      ens2np1      0,00      0,00      0,00      0,00      0,00      0,00      0,00      0,00

12:48:49        CPU      %usr     %nice      %sys   %iowait    %steal      %irq     %soft    %guest    %gnice     %idle
12:48:51        all      0,00      0,00      0,06      0,00      0,00      0,00      0,00      0,00      0,00     99,94
12:48:51          0      0,00      0,00      0,50      0,00      0,00      0,00      0,00      0,00      0,00     99,50
12:48:51          1      0,00      0,00      0,00      0,00      0,00      0,00      0,00      0,00      0,00    100,00
12:48:51          2      0,00      0,00      0,50      0,00      0,00      0,00      0,00      0,00      0,00     99,50
12:48:51          3      0,00      0,00      0,00      0,00      0,00      0,00      0,00      0,00      0,00    100,00
12:48:51          4      0,00      0,00      0,00      0,00      0,00      0,00      0,00      0,00      0,00    100,00
12:48:51          5      0,00      0,00      0,00      0,00      0,00      0,00      0,00      0,00      0,00    100,00
12:48:51          6      0,00      0,00      0,00      0,00      0,00      0,00      0,00      0,00      0,00    100,00
12:48:51          7      0,00      0,00      0,00      0,00      0,00      0,00      0,00      0,00      0,00    100,00
12:48:51          8      0,00      0,00      0,00      0,00      0,00      0,00      0,00      0,00      0,00    100,00
12:48:51          9      0,00      0,00      0,00      0,00      0,00      0,00      0,00      0,00      0,00    100,00
12:48:51         10      0,00      0,00      0,00      0,00      0,00      0,00      0,00      0,00      0,00    100,00
12:48:51         11      0,00      0,00      0,00      0,00      0,00      0,00      0,00      0,00      0,00    100,00
12:48:51         12      0,00      0,00      0,00      0,00      0,00      0,00      0,00      0,00      0,00    100,00
12:48:51         13      0,00      0,00      0,00      0,00      0,00      0,00      0,00      0,00      0,00    100,00
12:48:51         14      0,00      0,00      0,00      0,00      0,00      0,00      0,00      0,00      0,00    100,00
12:48:51         15      0,00      0,00      0,00      0,00      0,00      0,00      0,00      0,00      0,00    100,00

12:48:49        IFACE   rxpck/s   txpck/s    rxkB/s    txkB/s   rxcmp/s   txcmp/s  rxmcst/s   %ifutil
12:48:51           lo      0,00      0,00      0,00      0,00      0,00      0,00      0,00      0,00
12:48:51         eno1      6,00      0,00      0,38      0,00      0,00      0,00      1,00      0,00
12:48:51         eno2      0,00      0,00      0,00      0,00      0,00      0,00      0,00      0,00
12:48:51      docker0      0,00      0,00      0,00      0,00      0,00      0,00      0,00      0,00
12:48:51      ens2np0      0,00      0,50      0,00      0,04      0,00      0,00      0,00      0,00
12:48:51      ens2np1      0,00      0,00      0,00      0,00      0,00      0,00      0,00      0,00

12:48:51        CPU      %usr     %nice      %sys   %iowait    %steal      %irq     %soft    %guest    %gnice     %idle
12:48:53        all      0,41      0,00      0,31      0,00      0,00      0,00      0,00      0,00      0,00     99,28
12:48:53          0      0,50      0,00      0,00      0,00      0,00      0,00      0,00      0,00      0,00     99,50
12:48:53          1      0,50      0,00      0,50      0,00      0,00      0,00      0,00      0,00      0,00     99,00
12:48:53          2      0,50      0,00      0,00      0,00      0,00      0,00      0,00      0,00      0,00     99,50
12:48:53          3      0,00      0,00      0,50      0,00      0,00      0,00      0,00      0,00      0,00     99,50
12:48:53          4      1,01      0,00      0,00      0,00      0,00      0,00      0,00      0,00      0,00     98,99
12:48:53          5      0,00      0,00      0,50      0,00      0,00      0,00      0,00      0,00      0,00     99,50
12:48:53          6      1,01      0,00      0,50      0,00      0,00      0,00      0,00      0,00      0,00     98,49
12:48:53          7      0,50      0,00      0,00      0,00      0,00      0,00      0,00      0,00      0,00     99,50
12:48:53          8      0,00      0,00      0,50      0,00      0,00      0,00      0,00      0,00      0,00     99,50
12:48:53          9      0,00      0,00      0,50      0,00      0,00      0,00      0,00      0,00      0,00     99,50
12:48:53         10      1,00      0,00      0,50      0,00      0,00      0,00      0,00      0,00      0,00     98,50
12:48:53         11      0,00      0,00      0,50      0,00      0,00      0,00      0,00      0,00      0,00     99,50
12:48:53         12      0,00      0,00      0,00      0,00      0,00      0,00      0,00      0,00      0,00    100,00
12:48:53         13      0,50      0,00      0,50      0,00      0,00      0,00      0,00      0,00      0,00     99,00
12:48:53         14      0,50      0,00      0,50      0,00      0,00      0,00      0,00      0,00      0,00     99,00
12:48:53         15      0,50      0,00      0,00      0,00      0,00      0,00      0,00      0,00      0,00     99,50

12:48:51        IFACE   rxpck/s   txpck/s    rxkB/s    txkB/s   rxcmp/s   txcmp/s  rxmcst/s   %ifutil
12:48:53           lo      0,00      0,00      0,00      0,00      0,00      0,00      0,00      0,00
12:48:53         eno1     10,50      1,00      0,78      0,07      0,00      0,00      1,00      0,00
12:48:53         eno2      0,00      0,00      0,00      0,00      0,00      0,00      0,00      0,00
12:48:53      docker0      0,00      0,00      0,00      0,00      0,00      0,00      0,00      0,00
12:48:53      ens2np0      0,00      0,00      0,00      0,00      0,00      0,00      0,00      0,00
12:48:53      ens2np1      0,00      0,00      0,00      0,00      0,00      0,00      0,00      0,00

12:48:53        CPU      %usr     %nice      %sys   %iowait    %steal      %irq     %soft    %guest    %gnice     %idle
12:48:55        all      0,03      0,00      0,03      0,00      0,00      0,00      7,65      0,00      0,00     92,28
12:48:55          0      0,00      0,00      0,00      0,00      0,00      0,00     61,31      0,00      0,00     38,69
12:48:55          1      0,00      0,00      0,00      0,00      0,00      0,00     61,00      0,00      0,00     39,00
12:48:55          2      0,00      0,00      0,00      0,00      0,00      0,00      0,50      0,00      0,00     99,50
12:48:55          3      0,50      0,00      0,00      0,00      0,00      0,00      0,00      0,00      0,00     99,50
12:48:55          4      0,00      0,00      0,00      0,00      0,00      0,00      0,00      0,00      0,00    100,00
12:48:55          5      0,00      0,00      0,00      0,00      0,00      0,00      0,00      0,00      0,00    100,00
12:48:55          6      0,00      0,00      0,00      0,00      0,00      0,00      0,00      0,00      0,00    100,00
12:48:55          7      0,00      0,00      0,00      0,00      0,00      0,00      0,00      0,00      0,00    100,00
12:48:55          8      0,00      0,00      0,00      0,00      0,00      0,00      0,00      0,00      0,00    100,00
12:48:55          9      0,00      0,00      0,00      0,00      0,00      0,00      0,00      0,00      0,00    100,00
12:48:55         10      0,00      0,00      0,00      0,00      0,00      0,00      0,00      0,00      0,00    100,00
12:48:55         11      0,00      0,00      0,00      0,00      0,00      0,00      0,00      0,00      0,00    100,00
12:48:55         12      0,00      0,00      0,00      0,00      0,00      0,00      0,00      0,00      0,00    100,00
12:48:55         13      0,00      0,00      0,00      0,00      0,00      0,00      0,00      0,00      0,00    100,00
12:48:55         14      0,00      0,00      0,00      0,00      0,00      0,00      0,00      0,00      0,00    100,00
12:48:55         15      0,00      0,00      0,50      0,00      0,00      0,00      0,00      0,00      0,00     99,50

12:48:53        IFACE   rxpck/s   txpck/s    rxkB/s    txkB/s   rxcmp/s   txcmp/s  rxmcst/s   %ifutil
12:48:55           lo      4,00      4,00      0,44      0,44      0,00      0,00      0,00      0,00
12:48:55         eno1      8,00      2,00      0,65      0,20      0,00      0,00      1,00      0,00
12:48:55         eno2      0,00      0,00      0,00      0,00      0,00      0,00      0,00      0,00
12:48:55      docker0      0,00      0,00      0,00      0,00      0,00      0,00      0,00      0,00
12:48:55      ens2np0 8344379,00 8341504,00 488928,46 488760,00      0,00      0,00      0,00     40,05
12:48:55      ens2np1      0,00      0,00      0,00      0,00      0,00      0,00      0,00      0,00

12:48:55        CPU      %usr     %nice      %sys   %iowait    %steal      %irq     %soft    %guest    %gnice     %idle
12:48:57        all      0,16      0,00      0,09      0,03      0,00      0,00     12,59      0,00      0,00     87,13
12:48:57          0      0,00      0,00      0,50      0,00      0,00      0,00     99,50      0,00      0,00      0,00
12:48:57          1      0,00      0,00      0,00      0,00      0,00      0,00    100,00      0,00      0,00      0,00
12:48:57          2      0,99      0,00      0,50      0,00      0,00      0,00      1,98      0,00      0,00     96,53
12:48:57          3      0,00      0,00      0,50      0,00      0,00      0,00      0,00      0,00      0,00     99,50
12:48:57          4      0,50      0,00      0,00      0,00      0,00      0,00      0,00      0,00      0,00     99,50
12:48:57          5      0,00      0,00      0,00      0,00      0,00      0,00      0,00      0,00      0,00    100,00
12:48:57          6      0,00      0,00      0,00      0,00      0,00      0,00      0,00      0,00      0,00    100,00
12:48:57          7      0,00      0,00      0,00      0,00      0,00      0,00      0,00      0,00      0,00    100,00
12:48:57          8      0,00      0,00      0,00      0,00      0,00      0,00      0,00      0,00      0,00    100,00
12:48:57          9      0,00      0,00      0,00      0,00      0,00      0,00      0,00      0,00      0,00    100,00
12:48:57         10      0,00      0,00      0,00      0,00      0,00      0,00      0,00      0,00      0,00    100,00
12:48:57         11      1,01      0,00      0,00      0,00      0,00      0,00      0,00      0,00      0,00     98,99
12:48:57         12      0,00      0,00      0,00      0,00      0,00      0,00      0,00      0,00      0,00    100,00
12:48:57         13      0,00      0,00      0,00      0,00      0,00      0,00      0,00      0,00      0,00    100,00
12:48:57         14      0,00      0,00      0,00      0,00      0,00      0,00      0,00      0,00      0,00    100,00
12:48:57         15      0,00      0,00      0,00      0,50      0,00      0,00      0,00      0,00      0,00     99,50

12:48:55        IFACE   rxpck/s   txpck/s    rxkB/s    txkB/s   rxcmp/s   txcmp/s  rxmcst/s   %ifutil
12:48:57           lo      0,00      0,00      0,00      0,00      0,00      0,00      0,00      0,00
12:48:57         eno1     10,00      4,50      0,91      0,99      0,00      0,00      1,00      0,00
12:48:57         eno2      0,00      0,00      0,00      0,00      0,00      0,00      0,00      0,00
12:48:57      docker0      0,00      0,00      0,00      0,00      0,00      0,00      0,00      0,00
12:48:57      ens2np0 13737336,00 13736960,00 804922,03 804900,00      0,00      0,00      0,00     65,94
12:48:57      ens2np1      0,00      0,00      0,00      0,00      0,00      0,00      0,00      0,00

12:48:57        CPU      %usr     %nice      %sys   %iowait    %steal      %irq     %soft    %guest    %gnice     %idle
12:48:59        all      0,03      0,00      0,06      0,03      0,00      0,00     12,52      0,00      0,00     87,35
12:48:59          0      0,00      0,00      0,50      0,00      0,00      0,00     99,50      0,00      0,00      0,00
12:48:59          1      0,00      0,00      0,00      0,00      0,00      0,00    100,00      0,00      0,00      0,00
12:48:59          2      0,00      0,00      0,50      0,00      0,00      0,00      1,00      0,00      0,00     98,51
12:48:59          3      0,50      0,00      0,00      0,00      0,00      0,00      0,00      0,00      0,00     99,50
12:48:59          4      0,00      0,00      0,00      0,50      0,00      0,00      0,00      0,00      0,00     99,50
12:48:59          5      0,00      0,00      0,00      0,00      0,00      0,00      0,00      0,00      0,00    100,00
12:48:59          6      0,00      0,00      0,00      0,00      0,00      0,00      0,00      0,00      0,00    100,00
12:48:59          7      0,00      0,00      0,00      0,00      0,00      0,00      0,00      0,00      0,00    100,00
12:48:59          8      0,00      0,00      0,00      0,00      0,00      0,00      0,00      0,00      0,00    100,00
12:48:59          9      0,00      0,00      0,00      0,00      0,00      0,00      0,00      0,00      0,00    100,00
12:48:59         10      0,00      0,00      0,00      0,00      0,00      0,00      0,00      0,00      0,00    100,00
12:48:59         11      0,00      0,00      0,00      0,00      0,00      0,00      0,00      0,00      0,00    100,00
12:48:59         12      0,00      0,00      0,00      0,00      0,00      0,00      0,00      0,00      0,00    100,00
12:48:59         13      0,00      0,00      0,00      0,00      0,00      0,00      0,00      0,00      0,00    100,00
12:48:59         14      0,00      0,00      0,00      0,00      0,00      0,00      0,00      0,00      0,00    100,00
12:48:59         15      0,00      0,00      0,00      0,00      0,00      0,00      0,00      0,00      0,00    100,00

12:48:57        IFACE   rxpck/s   txpck/s    rxkB/s    txkB/s   rxcmp/s   txcmp/s  rxmcst/s   %ifutil
12:48:59           lo      0,00      0,00      0,00      0,00      0,00      0,00      0,00      0,00
12:48:59         eno1     14,00      7,50      1,31      1,26      0,00      0,00      1,00      0,00
12:48:59         eno2      0,00      0,00      0,00      0,00      0,00      0,00      0,00      0,00
12:48:59      docker0      0,00      0,00      0,00      0,00      0,00      0,00      0,00      0,00
12:48:59      ens2np0 13787784,50 13788160,50 807878,00 807900,04      0,00      0,00      0,00     66,18
12:48:59      ens2np1      0,00      0,00      0,00      0,00      0,00      0,00      0,00      0,00

12:48:59        CPU      %usr     %nice      %sys   %iowait    %steal      %irq     %soft    %guest    %gnice     %idle
12:49:01        all      0,03      0,00      0,12      0,00      0,00      0,00     12,54      0,00      0,00     87,30
12:49:01          0      0,00      0,00      0,50      0,00      0,00      0,00     99,50      0,00      0,00      0,00
12:49:01          1      0,00      0,00      0,50      0,00      0,00      0,00     99,50      0,00      0,00      0,00
12:49:01          2      0,00      0,00      0,00      0,00      0,00      0,00      1,97      0,00      0,00     98,03
12:49:01          3      0,00      0,00      0,50      0,00      0,00      0,00      0,00      0,00      0,00     99,50
12:49:01          4      0,00      0,00      0,00      0,00      0,00      0,00      0,00      0,00      0,00    100,00
12:49:01          5      0,00      0,00      0,00      0,00      0,00      0,00      0,00      0,00      0,00    100,00
12:49:01          6      0,00      0,00      0,00      0,00      0,00      0,00      0,00      0,00      0,00    100,00
12:49:01          7      0,00      0,00      0,00      0,00      0,00      0,00      0,00      0,00      0,00    100,00
12:49:01          8      0,00      0,00      0,00      0,00      0,00      0,00      0,00      0,00      0,00    100,00
12:49:01          9      0,00      0,00      0,00      0,00      0,00      0,00      0,00      0,00      0,00    100,00
12:49:01         10      0,00      0,00      0,00      0,00      0,00      0,00      0,00      0,00      0,00    100,00
12:49:01         11      0,50      0,00      0,50      0,00      0,00      0,00      0,00      0,00      0,00     99,01
12:49:01         12      0,00      0,00      0,00      0,00      0,00      0,00      0,00      0,00      0,00    100,00
12:49:01         13      0,00      0,00      0,00      0,00      0,00      0,00      0,00      0,00      0,00    100,00
12:49:01         14      0,00      0,00      0,00      0,00      0,00      0,00      0,00      0,00      0,00    100,00
12:49:01         15      0,00      0,00      0,00      0,00      0,00      0,00      0,00      0,00      0,00    100,00

12:48:59        IFACE   rxpck/s   txpck/s    rxkB/s    txkB/s   rxcmp/s   txcmp/s  rxmcst/s   %ifutil
12:49:01           lo      0,00      0,00      0,00      0,00      0,00      0,00      0,00      0,00
12:49:01         eno1      7,00      2,00      0,67      1,17      0,00      0,00      1,00      0,00
12:49:01         eno2      0,00      0,00      0,00      0,00      0,00      0,00      0,00      0,00
12:49:01      docker0      0,00      0,00      0,00      0,00      0,00      0,00      0,00      0,00
12:49:01      ens2np0 13775917,50 13774848,00 807182,67 807120,00      0,00      0,00      0,00     66,12
12:49:01      ens2np1      0,00      0,00      0,00      0,00      0,00      0,00      0,00      0,00

12:49:01        CPU      %usr     %nice      %sys   %iowait    %steal      %irq     %soft    %guest    %gnice     %idle
12:49:03        all      0,62      0,00      0,19      0,03      0,00      0,00     12,64      0,00      0,00     86,52
12:49:03          0      0,00      0,00      0,00      0,00      0,00      0,00    100,00      0,00      0,00      0,00
12:49:03          1      0,00      0,00      0,50      0,00      0,00      0,00     99,50      0,00      0,00      0,00
12:49:03          2      0,49      0,00      0,49      0,00      0,00      0,00      2,91      0,00      0,00     96,12
12:49:03          3      0,99      0,00      0,00      0,50      0,00      0,00      0,50      0,00      0,00     98,02
12:49:03          4      0,50      0,00      0,50      0,00      0,00      0,00      0,00      0,00      0,00     99,00
12:49:03          5      0,50      0,00      0,00      0,00      0,00      0,00      0,00      0,00      0,00     99,50
12:49:03          6      1,50      0,00      0,50      0,00      0,00      0,00      0,00      0,00      0,00     98,00
12:49:03          7      0,50      0,00      0,00      0,00      0,00      0,00      0,00      0,00      0,00     99,50
12:49:03          8      0,50      0,00      0,00      0,00      0,00      0,00      0,00      0,00      0,00     99,50
12:49:03          9      0,50      0,00      0,00      0,00      0,00      0,00      0,00      0,00      0,00     99,50
12:49:03         10      0,50      0,00      0,00      0,00      0,00      0,00      0,00      0,00      0,00     99,50
12:49:03         11      0,50      0,00      0,00      0,00      0,00      0,00      0,00      0,00      0,00     99,50
12:49:03         12      1,50      0,00      0,00      0,00      0,00      0,00      0,00      0,00      0,00     98,50
12:49:03         13      0,50      0,00      0,50      0,00      0,00      0,00      0,00      0,00      0,00     99,00
12:49:03         14      1,00      0,00      0,50      0,00      0,00      0,00      0,00      0,00      0,00     98,51
12:49:03         15      0,50      0,00      0,00      0,00      0,00      0,00      0,00      0,00      0,00     99,50

12:49:01        IFACE   rxpck/s   txpck/s    rxkB/s    txkB/s   rxcmp/s   txcmp/s  rxmcst/s   %ifutil
12:49:03           lo      0,00      0,00      0,00      0,00      0,00      0,00      0,00      0,00
12:49:03         eno1      9,50      6,00      0,73      0,64      0,00      0,00      1,00      0,00
12:49:03         eno2      0,00      0,00      0,00      0,00      0,00      0,00      0,00      0,00
12:49:03      docker0      0,00      0,00      0,00      0,00      0,00      0,00      0,00      0,00
12:49:03      ens2np0 13686517,00 13686784,00 801944,36 801960,00      0,00      0,00      0,00     65,70
12:49:03      ens2np1      0,00      0,00      0,00      0,00      0,00      0,00      0,00      0,00

12:49:03        CPU      %usr     %nice      %sys   %iowait    %steal      %irq     %soft    %guest    %gnice     %idle
12:49:05        all      0,00      0,00      0,06      0,00      0,00      0,00     12,53      0,00      0,00     87,41
12:49:05          0      0,00      0,00      0,00      0,00      0,00      0,00    100,00      0,00      0,00      0,00
12:49:05          1      0,00      0,00      1,00      0,00      0,00      0,00     99,00      0,00      0,00      0,00
12:49:05          2      0,00      0,00      0,00      0,00      0,00      0,00      1,48      0,00      0,00     98,52
12:49:05          3      0,00      0,00      0,00      0,00      0,00      0,00      0,00      0,00      0,00    100,00
12:49:05          4      0,00      0,00      0,00      0,00      0,00      0,00      0,00      0,00      0,00    100,00
12:49:05          5      0,00      0,00      0,00      0,00      0,00      0,00      0,00      0,00      0,00    100,00
12:49:05          6      0,00      0,00      0,00      0,00      0,00      0,00      0,00      0,00      0,00    100,00
12:49:05          7      0,00      0,00      0,00      0,00      0,00      0,00      0,00      0,00      0,00    100,00
12:49:05          8      0,00      0,00      0,00      0,00      0,00      0,00      0,00      0,00      0,00    100,00
12:49:05          9      0,00      0,00      0,00      0,00      0,00      0,00      0,00      0,00      0,00    100,00
12:49:05         10      0,00      0,00      0,00      0,00      0,00      0,00      0,00      0,00      0,00    100,00
12:49:05         11      0,00      0,00      0,00      0,00      0,00      0,00      0,00      0,00      0,00    100,00
12:49:05         12      0,00      0,00      0,00      0,00      0,00      0,00      0,00      0,00      0,00    100,00
12:49:05         13      0,00      0,00      0,00      0,00      0,00      0,00      0,00      0,00      0,00    100,00
12:49:05         14      0,00      0,00      0,00      0,00      0,00      0,00      0,00      0,00      0,00    100,00
12:49:05         15      0,00      0,00      0,00      0,00      0,00      0,00      0,00      0,00      0,00    100,00

12:49:03        IFACE   rxpck/s   txpck/s    rxkB/s    txkB/s   rxcmp/s   txcmp/s  rxmcst/s   %ifutil
12:49:05           lo      0,00      0,00      0,00      0,00      0,00      0,00      0,00      0,00
12:49:05         eno1      6,00      1,00      0,48      0,07      0,00      0,00      1,00      0,00
12:49:05         eno2      0,00      0,00      0,00      0,00      0,00      0,00      0,00      0,00
12:49:05      docker0      0,00      0,00      0,00      0,00      0,00      0,00      0,00      0,00
12:49:05      ens2np0 13767774,00 13768704,00 806705,48 806760,00      0,00      0,00      0,00     66,09
12:49:05      ens2np1      0,00      0,00      0,00      0,00      0,00      0,00      0,00      0,00

12:49:05        CPU      %usr     %nice      %sys   %iowait    %steal      %irq     %soft    %guest    %gnice     %idle
12:49:07        all      0,03      0,00      0,06      0,00      0,00      0,00     12,55      0,00      0,00     87,36
12:49:07          0      0,00      0,00      0,50      0,00      0,00      0,00     99,50      0,00      0,00      0,00
12:49:07          1      0,00      0,00      0,50      0,00      0,00      0,00     99,50      0,00      0,00      0,00
12:49:07          2      0,00      0,00      0,00      0,00      0,00      0,00      1,97      0,00      0,00     98,03
12:49:07          3      0,50      0,00      0,00      0,00      0,00      0,00      0,00      0,00      0,00     99,50
12:49:07          4      0,00      0,00      0,00      0,00      0,00      0,00      0,00      0,00      0,00    100,00
12:49:07          5      0,00      0,00      0,00      0,00      0,00      0,00      0,00      0,00      0,00    100,00
12:49:07          6      0,00      0,00      0,00      0,00      0,00      0,00      0,00      0,00      0,00    100,00
12:49:07          7      0,00      0,00      0,00      0,00      0,00      0,00      0,00      0,00      0,00    100,00
12:49:07          8      0,00      0,00      0,00      0,00      0,00      0,00      0,00      0,00      0,00    100,00
12:49:07          9      0,00      0,00      0,00      0,00      0,00      0,00      0,00      0,00      0,00    100,00
12:49:07         10      0,00      0,00      0,00      0,00      0,00      0,00      0,00      0,00      0,00    100,00
12:49:07         11      0,00      0,00      0,00      0,00      0,00      0,00      0,00      0,00      0,00    100,00
12:49:07         12      0,00      0,00      0,00      0,00      0,00      0,00      0,00      0,00      0,00    100,00
12:49:07         13      0,00      0,00      0,00      0,00      0,00      0,00      0,00      0,00      0,00    100,00
12:49:07         14      0,00      0,00      0,00      0,00      0,00      0,00      0,00      0,00      0,00    100,00
12:49:07         15      0,00      0,00      0,00      0,00      0,00      0,00      0,00      0,00      0,00    100,00

12:49:05        IFACE   rxpck/s   txpck/s    rxkB/s    txkB/s   rxcmp/s   txcmp/s  rxmcst/s   %ifutil
12:49:07           lo      0,00      0,00      0,00      0,00      0,00      0,00      0,00      0,00
12:49:07         eno1      8,00      2,50      0,59      0,21      0,00      0,00      1,00      0,00
12:49:07         eno2      0,00      0,00      0,00      0,00      0,00      0,00      0,00      0,00
12:49:07      docker0      0,00      0,00      0,00      0,00      0,00      0,00      0,00      0,00
12:49:07      ens2np0 13768520,50 13768704,00 806749,28 806760,00      0,00      0,00      0,00     66,09
12:49:07      ens2np1      0,00      0,00      0,00      0,00      0,00      0,00      0,00      0,00

12:49:07        CPU      %usr     %nice      %sys   %iowait    %steal      %irq     %soft    %guest    %gnice     %idle
12:49:09        all      0,09      0,00      0,16      0,00      0,00      0,00     12,52      0,00      0,00     87,23
12:49:09          0      0,00      0,00      0,50      0,00      0,00      0,00     99,50      0,00      0,00      0,00
12:49:09          1      0,00      0,00      1,00      0,00      0,00      0,00     99,00      0,00      0,00      0,00
12:49:09          2      0,99      0,00      0,50      0,00      0,00      0,00      0,99      0,00      0,00     97,52
12:49:09          3      0,50      0,00      0,50      0,00      0,00      0,00      0,00      0,00      0,00     98,99
12:49:09          4      0,00      0,00      0,00      0,00      0,00      0,00      0,00      0,00      0,00    100,00
12:49:09          5      0,00      0,00      0,00      0,00      0,00      0,00      0,00      0,00      0,00    100,00
12:49:09          6      0,00      0,00      0,00      0,00      0,00      0,00      0,00      0,00      0,00    100,00
12:49:09          7      0,00      0,00      0,00      0,00      0,00      0,00      0,00      0,00      0,00    100,00
12:49:09          8      0,00      0,00      0,00      0,00      0,00      0,00      0,00      0,00      0,00    100,00
12:49:09          9      0,00      0,00      0,00      0,00      0,00      0,00      0,00      0,00      0,00    100,00
12:49:09         10      0,00      0,00      0,00      0,00      0,00      0,00      0,00      0,00      0,00    100,00
12:49:09         11      0,00      0,00      0,00      0,00      0,00      0,00      0,00      0,00      0,00    100,00
12:49:09         12      0,00      0,00      0,00      0,00      0,00      0,00      0,00      0,00      0,00    100,00
12:49:09         13      0,00      0,00      0,00      0,00      0,00      0,00      0,00      0,00      0,00    100,00
12:49:09         14      0,00      0,00      0,00      0,00      0,00      0,00      0,00      0,00      0,00    100,00
12:49:09         15      0,00      0,00      0,00      0,00      0,00      0,00      0,00      0,00      0,00    100,00

12:49:07        IFACE   rxpck/s   txpck/s    rxkB/s    txkB/s   rxcmp/s   txcmp/s  rxmcst/s   %ifutil
12:49:09           lo      0,00      0,00      0,00      0,00      0,00      0,00      0,00      0,00
12:49:09         eno1     10,00      5,50      0,99      1,08      0,00      0,00      1,00      0,00
12:49:09         eno2      0,00      0,00      0,00      0,00      0,00      0,00      0,00      0,00
12:49:09      docker0      0,00      0,00      0,00      0,00      0,00      0,00      0,00      0,00
12:49:09      ens2np0 13757605,50 13756416,00 806109,70 806040,00      0,00      0,00      0,00     66,04
12:49:09      ens2np1      0,00      0,00      0,00      0,00      0,00      0,00      0,00      0,00

12:49:09        CPU      %usr     %nice      %sys   %iowait    %steal      %irq     %soft    %guest    %gnice     %idle
12:49:11        all      0,06      0,00      0,03      0,00      0,00      0,00     12,62      0,00      0,00     87,29
12:49:11          0      0,00      0,00      0,50      0,00      0,00      0,00     99,50      0,00      0,00      0,00
12:49:11          1      0,00      0,00      0,00      0,00      0,00      0,00    100,00      0,00      0,00      0,00
12:49:11          2      0,00      0,00      0,00      0,00      0,00      0,00      2,93      0,00      0,00     97,07
12:49:11          3      0,00      0,00      0,00      0,00      0,00      0,00      0,00      0,00      0,00    100,00
12:49:11          4      0,00      0,00      0,00      0,00      0,00      0,00      0,00      0,00      0,00    100,00
12:49:11          5      0,00      0,00      0,00      0,00      0,00      0,00      0,00      0,00      0,00    100,00
12:49:11          6      0,50      0,00      0,00      0,00      0,00      0,00      0,00      0,00      0,00     99,50
12:49:11          7      0,00      0,00      0,00      0,00      0,00      0,00      0,00      0,00      0,00    100,00
12:49:11          8      0,00      0,00      0,00      0,00      0,00      0,00      0,00      0,00      0,00    100,00
12:49:11          9      0,00      0,00      0,00      0,00      0,00      0,00      0,00      0,00      0,00    100,00
12:49:11         10      0,00      0,00      0,00      0,00      0,00      0,00      0,00      0,00      0,00    100,00
12:49:11         11      0,00      0,00      0,00      0,00      0,00      0,00      0,00      0,00      0,00    100,00
12:49:11         12      0,00      0,00      0,00      0,00      0,00      0,00      0,00      0,00      0,00    100,00
12:49:11         13      0,00      0,00      0,00      0,00      0,00      0,00      0,00      0,00      0,00    100,00
12:49:11         14      0,50      0,00      0,00      0,00      0,00      0,00      0,00      0,00      0,00     99,50
12:49:11         15      0,00      0,00      0,00      0,00      0,00      0,00      0,00      0,00      0,00    100,00

12:49:09        IFACE   rxpck/s   txpck/s    rxkB/s    txkB/s   rxcmp/s   txcmp/s  rxmcst/s   %ifutil
12:49:11           lo      0,00      0,00      0,00      0,00      0,00      0,00      0,00      0,00
12:49:11         eno1      7,50      1,50      0,50      0,14      0,00      0,00      1,00      0,00
12:49:11         eno2      0,00      0,00      0,00      0,00      0,00      0,00      0,00      0,00
12:49:11      docker0      0,00      0,00      0,00      0,00      0,00      0,00      0,00      0,00
12:49:11      ens2np0 13760422,50 13761536,00 806274,76 806340,00      0,00      0,00      0,00     66,06
12:49:11      ens2np1      0,00      0,00      0,00      0,00      0,00      0,00      0,00      0,00

12:49:11        CPU      %usr     %nice      %sys   %iowait    %steal      %irq     %soft    %guest    %gnice     %idle
12:49:13        all      0,00      0,00      0,06      0,00      0,00      0,00     12,57      0,00      0,00     87,36
12:49:13          0      0,00      0,00      0,50      0,00      0,00      0,00     99,50      0,00      0,00      0,00
12:49:13          1      0,00      0,00      0,00      0,00      0,00      0,00    100,00      0,00      0,00      0,00
12:49:13          2      0,00      0,00      0,00      0,00      0,00      0,00      1,96      0,00      0,00     98,04
12:49:13          3      0,00      0,00      0,50      0,00      0,00      0,00      0,00      0,00      0,00     99,50
12:49:13          4      0,00      0,00      0,00      0,00      0,00      0,00      0,00      0,00      0,00    100,00
12:49:13          5      0,00      0,00      0,00      0,00      0,00      0,00      0,00      0,00      0,00    100,00
12:49:13          6      0,00      0,00      0,00      0,00      0,00      0,00      0,00      0,00      0,00    100,00
12:49:13          7      0,00      0,00      0,00      0,00      0,00      0,00      0,00      0,00      0,00    100,00
12:49:13          8      0,00      0,00      0,00      0,00      0,00      0,00      0,00      0,00      0,00    100,00
12:49:13          9      0,00      0,00      0,00      0,00      0,00      0,00      0,00      0,00      0,00    100,00
12:49:13         10      0,00      0,00      0,00      0,00      0,00      0,00      0,00      0,00      0,00    100,00
12:49:13         11      0,00      0,00      0,00      0,00      0,00      0,00      0,00      0,00      0,00    100,00
12:49:13         12      0,00      0,00      0,00      0,00      0,00      0,00      0,00      0,00      0,00    100,00
12:49:13         13      0,00      0,00      0,00      0,00      0,00      0,00      0,00      0,00      0,00    100,00
12:49:13         14      0,00      0,00      0,00      0,00      0,00      0,00      0,00      0,00      0,00    100,00
12:49:13         15      0,00      0,00      0,00      0,00      0,00      0,00      0,00      0,00      0,00    100,00

12:49:11        IFACE   rxpck/s   txpck/s    rxkB/s    txkB/s   rxcmp/s   txcmp/s  rxmcst/s   %ifutil
12:49:13           lo      0,00      0,00      0,00      0,00      0,00      0,00      0,00      0,00
12:49:13         eno1      5,00      0,00      0,31      0,00      0,00      0,00      1,00      0,00
12:49:13         eno2      0,00      0,00      0,00      0,00      0,00      0,00      0,00      0,00
12:49:13      docker0      0,00      0,00      0,00      0,00      0,00      0,00      0,00      0,00
12:49:13      ens2np0 13789704,50 13789184,00 807990,50 807960,00      0,00      0,00      0,00     66,19
12:49:13      ens2np1      0,00      0,00      0,00      0,00      0,00      0,00      0,00      0,00

12:49:13        CPU      %usr     %nice      %sys   %iowait    %steal      %irq     %soft    %guest    %gnice     %idle
12:49:15        all      0,56      0,00      0,28      0,00      0,00      0,00     12,45      0,00      0,00     86,71
12:49:15          0      0,00      0,00      1,00      0,00      0,00      0,00     99,00      0,00      0,00      0,00
12:49:15          1      0,00      0,00      0,50      0,00      0,00      0,00     99,50      0,00      0,00      0,00
12:49:15          2      1,01      0,00      0,50      0,00      0,00      0,00      0,00      0,00      0,00     98,49
12:49:15          3      0,50      0,00      0,00      0,00      0,00      0,00      0,50      0,00      0,00     99,00
12:49:15          4      0,50      0,00      0,00      0,00      0,00      0,00      0,00      0,00      0,00     99,50
12:49:15          5      0,50      0,00      0,50      0,00      0,00      0,00      0,00      0,00      0,00     99,00
12:49:15          6      0,00      0,00      0,50      0,00      0,00      0,00      0,00      0,00      0,00     99,50
12:49:15          7      0,00      0,00      0,50      0,00      0,00      0,00      0,00      0,00      0,00     99,50
12:49:15          8      0,00      0,00      0,00      0,00      0,00      0,00      0,00      0,00      0,00    100,00
12:49:15          9      0,50      0,00      0,00      0,00      0,00      0,00      0,00      0,00      0,00     99,50
12:49:15         10      0,50      0,00      0,00      0,00      0,00      0,00      0,00      0,00      0,00     99,50
12:49:15         11      1,51      0,00      0,00      0,00      0,00      0,00      0,00      0,00      0,00     98,49
12:49:15         12      1,50      0,00      0,00      0,00      0,00      0,00      0,00      0,00      0,00     98,50
12:49:15         13      1,00      0,00      0,50      0,00      0,00      0,00      0,00      0,00      0,00     98,51
12:49:15         14      1,00      0,00      0,00      0,00      0,00      0,00      0,00      0,00      0,00     99,00
12:49:15         15      0,50      0,00      0,50      0,00      0,00      0,00      0,00      0,00      0,00     99,00

12:49:13        IFACE   rxpck/s   txpck/s    rxkB/s    txkB/s   rxcmp/s   txcmp/s  rxmcst/s   %ifutil
12:49:15           lo      0,00      0,00      0,00      0,00      0,00      0,00      0,00      0,00
12:49:15         eno1      6,50      0,00      0,41      0,00      0,00      0,00      1,50      0,00
12:49:15         eno2      0,00      0,00      0,00      0,00      0,00      0,00      0,00      0,00
12:49:15      docker0      0,00      0,00      0,00      0,00      0,00      0,00      0,00      0,00
12:49:15      ens2np0 13775793,50 13775872,50 807175,34 807180,04      0,00      0,00      0,00     66,12
12:49:15      ens2np1      0,00      0,00      0,00      0,00      0,00      0,00      0,00      0,00

12:49:15        CPU      %usr     %nice      %sys   %iowait    %steal      %irq     %soft    %guest    %gnice     %idle
12:49:17        all      0,00      0,00      0,09      0,00      0,00      0,00     12,52      0,00      0,00     87,38
12:49:17          0      0,00      0,00      0,50      0,00      0,00      0,00     99,50      0,00      0,00      0,00
12:49:17          1      0,00      0,00      1,00      0,00      0,00      0,00     99,00      0,00      0,00      0,00
12:49:17          2      0,00      0,00      0,00      0,00      0,00      0,00      1,96      0,00      0,00     98,04
12:49:17          3      0,00      0,00      0,00      0,00      0,00      0,00      0,00      0,00      0,00    100,00
12:49:17          4      0,00      0,00      0,00      0,00      0,00      0,00      0,00      0,00      0,00    100,00
12:49:17          5      0,00      0,00      0,00      0,00      0,00      0,00      0,00      0,00      0,00    100,00
12:49:17          6      0,00      0,00      0,00      0,00      0,00      0,00      0,00      0,00      0,00    100,00
12:49:17          7      0,00      0,00      0,00      0,00      0,00      0,00      0,00      0,00      0,00    100,00
12:49:17          8      0,00      0,00      0,00      0,00      0,00      0,00      0,00      0,00      0,00    100,00
12:49:17          9      0,00      0,00      0,00      0,00      0,00      0,00      0,00      0,00      0,00    100,00
12:49:17         10      0,00      0,00      0,00      0,00      0,00      0,00      0,00      0,00      0,00    100,00
12:49:17         11      0,00      0,00      0,00      0,00      0,00      0,00      0,00      0,00      0,00    100,00
12:49:17         12      0,00      0,00      0,00      0,00      0,00      0,00      0,00      0,00      0,00    100,00
12:49:17         13      0,00      0,00      0,00      0,00      0,00      0,00      0,00      0,00      0,00    100,00
12:49:17         14      0,00      0,00      0,00      0,00      0,00      0,00      0,00      0,00      0,00    100,00
12:49:17         15      0,00      0,00      0,00      0,00      0,00      0,00      0,00      0,00      0,00    100,00

12:49:15        IFACE   rxpck/s   txpck/s    rxkB/s    txkB/s   rxcmp/s   txcmp/s  rxmcst/s   %ifutil
12:49:17           lo      0,00      0,00      0,00      0,00      0,00      0,00      0,00      0,00
12:49:17         eno1      5,50      0,00      0,40      0,00      0,00      0,00      1,50      0,00
12:49:17         eno2      0,00      0,00      0,00      0,00      0,00      0,00      0,00      0,00
12:49:17      docker0      0,00      0,00      0,00      0,00      0,00      0,00      0,00      0,00
12:49:17      ens2np0 13767224,50 13767680,00 806673,37 806700,00      0,00      0,00      0,00     66,08
12:49:17      ens2np1      0,00      0,00      0,00      0,00      0,00      0,00      0,00      0,00

12:49:17        CPU      %usr     %nice      %sys   %iowait    %steal      %irq     %soft    %guest    %gnice     %idle
12:49:19        all      0,12      0,00      0,12      0,00      0,00      0,00     12,54      0,00      0,00     87,21
12:49:19          0      0,00      0,00      0,50      0,00      0,00      0,00     99,50      0,00      0,00      0,00
12:49:19          1      0,00      0,00      0,50      0,00      0,00      0,00     99,50      0,00      0,00      0,00
12:49:19          2      0,98      0,00      0,49      0,00      0,00      0,00      1,96      0,00      0,00     96,57
12:49:19          3      0,00      0,00      0,50      0,00      0,00      0,00      0,00      0,00      0,00     99,50
12:49:19          4      0,00      0,00      0,00      0,00      0,00      0,00      0,00      0,00      0,00    100,00
12:49:19          5      0,00      0,00      0,00      0,00      0,00      0,00      0,00      0,00      0,00    100,00
12:49:19          6      0,00      0,00      0,00      0,00      0,00      0,00      0,00      0,00      0,00    100,00
12:49:19          7      0,00      0,00      0,00      0,00      0,00      0,00      0,00      0,00      0,00    100,00
12:49:19          8      0,00      0,00      0,00      0,00      0,00      0,00      0,00      0,00      0,00    100,00
12:49:19          9      0,00      0,00      0,00      0,00      0,00      0,00      0,00      0,00      0,00    100,00
12:49:19         10      0,00      0,00      0,00      0,00      0,00      0,00      0,00      0,00      0,00    100,00
12:49:19         11      1,00      0,00      0,00      0,00      0,00      0,00      0,00      0,00      0,00     99,00
12:49:19         12      0,00      0,00      0,00      0,00      0,00      0,00      0,00      0,00      0,00    100,00
12:49:19         13      0,00      0,00      0,00      0,00      0,00      0,00      0,00      0,00      0,00    100,00
12:49:19         14      0,00      0,00      0,00      0,00      0,00      0,00      0,00      0,00      0,00    100,00
12:49:19         15      0,00      0,00      0,00      0,00      0,00      0,00      0,00      0,00      0,00    100,00

12:49:17        IFACE   rxpck/s   txpck/s    rxkB/s    txkB/s   rxcmp/s   txcmp/s  rxmcst/s   %ifutil
12:49:19           lo      0,00      0,00      0,00      0,00      0,00      0,00      0,00      0,00
12:49:19         eno1     11,00      5,50      1,04      1,08      0,00      0,00      1,00      0,00
12:49:19         eno2      0,00      0,00      0,00      0,00      0,00      0,00      0,00      0,00
12:49:19      docker0      0,00      0,00      0,00      0,00      0,00      0,00      0,00      0,00
12:49:19      ens2np0 13789678,50 13789184,00 807988,97 807960,00      0,00      0,00      0,00     66,19
12:49:19      ens2np1      0,00      0,00      0,00      0,00      0,00      0,00      0,00      0,00

12:49:19        CPU      %usr     %nice      %sys   %iowait    %steal      %irq     %soft    %guest    %gnice     %idle
12:49:21        all      0,00      0,00      0,06      0,00      0,00      0,00     12,55      0,00      0,00     87,39
12:49:21          0      0,00      0,00      0,00      0,00      0,00      0,00    100,00      0,00      0,00      0,00
12:49:21          1      0,00      0,00      1,00      0,00      0,00      0,00     99,00      0,00      0,00      0,00
12:49:21          2      0,00      0,00      0,00      0,00      0,00      0,00      1,49      0,00      0,00     98,51
12:49:21          3      0,00      0,00      0,00      0,00      0,00      0,00      0,50      0,00      0,00     99,50
12:49:21          4      0,00      0,00      0,00      0,00      0,00      0,00      0,00      0,00      0,00    100,00
12:49:21          5      0,00      0,00      0,00      0,00      0,00      0,00      0,00      0,00      0,00    100,00
12:49:21          6      0,00      0,00      0,00      0,00      0,00      0,00      0,00      0,00      0,00    100,00
12:49:21          7      0,00      0,00      0,00      0,00      0,00      0,00      0,00      0,00      0,00    100,00
12:49:21          8      0,00      0,00      0,00      0,00      0,00      0,00      0,00      0,00      0,00    100,00
12:49:21          9      0,00      0,00      0,00      0,00      0,00      0,00      0,00      0,00      0,00    100,00
12:49:21         10      0,00      0,00      0,00      0,00      0,00      0,00      0,00      0,00      0,00    100,00
12:49:21         11      0,00      0,00      0,00      0,00      0,00      0,00      0,00      0,00      0,00    100,00
12:49:21         12      0,00      0,00      0,00      0,00      0,00      0,00      0,00      0,00      0,00    100,00
12:49:21         13      0,00      0,00      0,00      0,00      0,00      0,00      0,00      0,00      0,00    100,00
12:49:21         14      0,00      0,00      0,00      0,00      0,00      0,00      0,00      0,00      0,00    100,00
12:49:21         15      0,00      0,00      0,00      0,00      0,00      0,00      0,00      0,00      0,00    100,00

12:49:19        IFACE   rxpck/s   txpck/s    rxkB/s    txkB/s   rxcmp/s   txcmp/s  rxmcst/s   %ifutil
12:49:21           lo      0,00      0,00      0,00      0,00      0,00      0,00      0,00      0,00
12:49:21         eno1      9,00      2,00      0,61      0,18      0,00      0,00      1,50      0,00
12:49:21         eno2      0,00      0,00      0,00      0,00      0,00      0,00      0,00      0,00
12:49:21      docker0      0,00      0,00      0,00      0,00      0,00      0,00      0,00      0,00
12:49:21      ens2np0 13770068,50 13769728,00 806839,95 806820,00      0,00      0,00      0,00     66,10
12:49:21      ens2np1      0,00      0,00      0,00      0,00      0,00      0,00      0,00      0,00

12:49:21        CPU      %usr     %nice      %sys   %iowait    %steal      %irq     %soft    %guest    %gnice     %idle
12:49:23        all      0,00      0,00      0,06      0,03      0,00      0,00     12,57      0,00      0,00     87,33
12:49:23          0      0,00      0,00      1,00      0,00      0,00      0,00     99,00      0,00      0,00      0,00
12:49:23          1      0,00      0,00      0,00      0,00      0,00      0,00    100,00      0,00      0,00      0,00
12:49:23          2      0,00      0,00      0,00      0,00      0,00      0,00      2,44      0,00      0,00     97,56
12:49:23          3      0,00      0,00      0,00      0,00      0,00      0,00      0,00      0,00      0,00    100,00
12:49:23          4      0,00      0,00      0,00      0,00      0,00      0,00      0,00      0,00      0,00    100,00
12:49:23          5      0,00      0,00      0,00      0,00      0,00      0,00      0,00      0,00      0,00    100,00
12:49:23          6      0,00      0,00      0,00      0,00      0,00      0,00      0,00      0,00      0,00    100,00
12:49:23          7      0,00      0,00      0,00      0,00      0,00      0,00      0,00      0,00      0,00    100,00
12:49:23          8      0,00      0,00      0,00      0,00      0,00      0,00      0,00      0,00      0,00    100,00
12:49:23          9      0,00      0,00      0,00      0,00      0,00      0,00      0,00      0,00      0,00    100,00
12:49:23         10      0,00      0,00      0,00      0,00      0,00      0,00      0,00      0,00      0,00    100,00
12:49:23         11      0,00      0,00      0,00      0,50      0,00      0,00      0,00      0,00      0,00     99,50
12:49:23         12      0,00      0,00      0,00      0,00      0,00      0,00      0,00      0,00      0,00    100,00
12:49:23         13      0,00      0,00      0,00      0,00      0,00      0,00      0,00      0,00      0,00    100,00
12:49:23         14      0,00      0,00      0,00      0,00      0,00      0,00      0,00      0,00      0,00    100,00
12:49:23         15      0,00      0,00      0,00      0,00      0,00      0,00      0,00      0,00      0,00    100,00

12:49:21        IFACE   rxpck/s   txpck/s    rxkB/s    txkB/s   rxcmp/s   txcmp/s  rxmcst/s   %ifutil
12:49:23           lo      0,00      0,00      0,00      0,00      0,00      0,00      0,00      0,00
12:49:23         eno1      3,50      0,00      0,22      0,00      0,00      0,00      0,50      0,00
12:49:23         eno2      0,00      0,00      0,00      0,00      0,00      0,00      0,00      0,00
12:49:23      docker0      0,00      0,00      0,00      0,00      0,00      0,00      0,00      0,00
12:49:23      ens2np0 13785534,50 13785088,00 807746,16 807720,00      0,00      0,00      0,00     66,17
12:49:23      ens2np1      0,00      0,00      0,00      0,00      0,00      0,00      0,00      0,00

12:49:23        CPU      %usr     %nice      %sys   %iowait    %steal      %irq     %soft    %guest    %gnice     %idle
12:49:25        all      0,31      0,00      0,25      0,00      0,00      0,00     12,57      0,00      0,00     86,86
12:49:25          0      0,00      0,00      0,00      0,00      0,00      0,00    100,00      0,00      0,00      0,00
12:49:25          1      0,00      0,00      0,50      0,00      0,00      0,00     99,50      0,00      0,00      0,00
12:49:25          2      0,00      0,00      0,00      0,00      0,00      0,00      1,49      0,00      0,00     98,51
12:49:25          3      0,51      0,00      0,00      0,00      0,00      0,00      0,00      0,00      0,00     99,49
12:49:25          4      0,00      0,00      0,50      0,00      0,00      0,00      0,00      0,00      0,00     99,50
12:49:25          5      0,00      0,00      0,00      0,00      0,00      0,00      0,00      0,00      0,00    100,00
12:49:25          6      0,00      0,00      0,00      0,00      0,00      0,00      0,00      0,00      0,00    100,00
12:49:25          7      0,50      0,00      0,00      0,00      0,00      0,00      0,00      0,00      0,00     99,50
12:49:25          8      0,50      0,00      0,00      0,00      0,00      0,00      0,00      0,00      0,00     99,50
12:49:25          9      0,00      0,00      0,50      0,00      0,00      0,00      0,00      0,00      0,00     99,50
12:49:25         10      0,00      0,00      0,00      0,00      0,00      0,00      0,00      0,00      0,00    100,00
12:49:25         11      0,50      0,00      0,50      0,00      0,00      0,00      0,00      0,00      0,00     99,00
12:49:25         12      1,00      0,00      0,50      0,00      0,00      0,00      0,00      0,00      0,00     98,51
12:49:25         13      0,00      0,00      0,50      0,00      0,00      0,00      0,00      0,00      0,00     99,50
12:49:25         14      0,50      0,00      0,00      0,00      0,00      0,00      0,00      0,00      0,00     99,50
12:49:25         15      1,51      0,00      1,01      0,00      0,00      0,00      0,00      0,00      0,00     97,49

12:49:23        IFACE   rxpck/s   txpck/s    rxkB/s    txkB/s   rxcmp/s   txcmp/s  rxmcst/s   %ifutil
12:49:25           lo      0,00      0,00      0,00      0,00      0,00      0,00      0,00      0,00
12:49:25         eno1      9,50      0,00      0,62      0,00      0,00      0,00      1,50      0,00
12:49:25         eno2      0,00      0,00      0,00      0,00      0,00      0,00      0,00      0,00
12:49:25      docker0      0,00      0,00      0,00      0,00      0,00      0,00      0,00      0,00
12:49:25      ens2np0 13799198,50 13800448,00 808546,79 808620,00      0,00      0,00      0,00     66,24
12:49:25      ens2np1      0,00      0,00      0,00      0,00      0,00      0,00      0,00      0,00

12:49:25        CPU      %usr     %nice      %sys   %iowait    %steal      %irq     %soft    %guest    %gnice     %idle
12:49:27        all      0,00      0,00      0,03      0,00      0,00      0,00     12,61      0,00      0,00     87,36
12:49:27          0      0,00      0,00      0,00      0,00      0,00      0,00    100,00      0,00      0,00      0,00
12:49:27          1      0,00      0,00      0,50      0,00      0,00      0,00     99,50      0,00      0,00      0,00
12:49:27          2      0,00      0,00      0,00      0,00      0,00      0,00      2,45      0,00      0,00     97,55
12:49:27          3      0,00      0,00      0,00      0,00      0,00      0,00      0,00      0,00      0,00    100,00
12:49:27          4      0,00      0,00      0,00      0,00      0,00      0,00      0,00      0,00      0,00    100,00
12:49:27          5      0,00      0,00      0,00      0,00      0,00      0,00      0,00      0,00      0,00    100,00
12:49:27          6      0,00      0,00      0,00      0,00      0,00      0,00      0,00      0,00      0,00    100,00
12:49:27          7      0,00      0,00      0,00      0,00      0,00      0,00      0,00      0,00      0,00    100,00
12:49:27          8      0,00      0,00      0,00      0,00      0,00      0,00      0,00      0,00      0,00    100,00
12:49:27          9      0,00      0,00      0,00      0,00      0,00      0,00      0,00      0,00      0,00    100,00
12:49:27         10      0,00      0,00      0,00      0,00      0,00      0,00      0,00      0,00      0,00    100,00
12:49:27         11      0,00      0,00      0,00      0,00      0,00      0,00      0,00      0,00      0,00    100,00
12:49:27         12      0,00      0,00      0,00      0,00      0,00      0,00      0,00      0,00      0,00    100,00
12:49:27         13      0,00      0,00      0,00      0,00      0,00      0,00      0,00      0,00      0,00    100,00
12:49:27         14      0,00      0,00      0,00      0,00      0,00      0,00      0,00      0,00      0,00    100,00
12:49:27         15      0,00      0,00      0,00      0,00      0,00      0,00      0,00      0,00      0,00    100,00

12:49:25        IFACE   rxpck/s   txpck/s    rxkB/s    txkB/s   rxcmp/s   txcmp/s  rxmcst/s   %ifutil
12:49:27           lo      0,00      0,00      0,00      0,00      0,00      0,00      0,00      0,00
12:49:27         eno1      7,50      0,00      0,47      0,00      0,00      0,00      1,50      0,00
12:49:27         eno2      0,00      0,00      0,00      0,00      0,00      0,00      0,00      0,00
12:49:27      docker0      0,00      0,00      0,00      0,00      0,00      0,00      0,00      0,00
12:49:27      ens2np0 13806288,50 13805568,00 808962,22 808920,00      0,00      0,00      0,00     66,27
12:49:27      ens2np1      0,00      0,00      0,00      0,00      0,00      0,00      0,00      0,00

12:49:27        CPU      %usr     %nice      %sys   %iowait    %steal      %irq     %soft    %guest    %gnice     %idle
12:49:29        all      0,00      0,00      0,09      0,00      0,00      0,00     12,41      0,00      0,00     87,50
12:49:29          0      0,00      0,00      0,50      0,00      0,00      0,00     99,50      0,00      0,00      0,00
12:49:29          1      0,00      0,00      1,00      0,00      0,00      0,00     99,00      0,00      0,00      0,00
12:49:29          2      0,00      0,00      0,00      0,00      0,00      0,00      0,50      0,00      0,00     99,50
12:49:29          3      0,00      0,00      0,00      0,00      0,00      0,00      0,00      0,00      0,00    100,00
12:49:29          4      0,00      0,00      0,00      0,00      0,00      0,00      0,00      0,00      0,00    100,00
12:49:29          5      0,00      0,00      0,00      0,00      0,00      0,00      0,00      0,00      0,00    100,00
12:49:29          6      0,00      0,00      0,00      0,00      0,00      0,00      0,00      0,00      0,00    100,00
12:49:29          7      0,00      0,00      0,00      0,00      0,00      0,00      0,00      0,00      0,00    100,00
12:49:29          8      0,00      0,00      0,00      0,00      0,00      0,00      0,00      0,00      0,00    100,00
12:49:29          9      0,00      0,00      0,00      0,00      0,00      0,00      0,00      0,00      0,00    100,00
12:49:29         10      0,00      0,00      0,00      0,00      0,00      0,00      0,00      0,00      0,00    100,00
12:49:29         11      0,00      0,00      0,00      0,00      0,00      0,00      0,00      0,00      0,00    100,00
12:49:29         12      0,00      0,00      0,00      0,00      0,00      0,00      0,00      0,00      0,00    100,00
12:49:29         13      0,00      0,00      0,00      0,00      0,00      0,00      0,00      0,00      0,00    100,00
12:49:29         14      0,00      0,00      0,00      0,00      0,00      0,00      0,00      0,00      0,00    100,00
12:49:29         15      0,00      0,00      0,00      0,00      0,00      0,00      0,00      0,00      0,00    100,00

12:49:27        IFACE   rxpck/s   txpck/s    rxkB/s    txkB/s   rxcmp/s   txcmp/s  rxmcst/s   %ifutil
12:49:29           lo      0,00      0,00      0,00      0,00      0,00      0,00      0,00      0,00
12:49:29         eno1      7,00      0,00      0,44      0,00      0,00      0,00      1,00      0,00
12:49:29         eno2      0,00      0,00      0,00      0,00      0,00      0,00      0,00      0,00
12:49:29      docker0      0,00      0,00      0,00      0,00      0,00      0,00      0,00      0,00
12:49:29      ens2np0 13770202,00 13770752,00 806847,77 806880,00      0,00      0,00      0,00     66,10
12:49:29      ens2np1      0,00      0,00      0,00      0,00      0,00      0,00      0,00      0,00

12:49:29        CPU      %usr     %nice      %sys   %iowait    %steal      %irq     %soft    %guest    %gnice     %idle
12:49:31        all      0,00      0,00      0,06      0,00      0,00      0,00     12,61      0,00      0,00     87,33
12:49:31          0      0,00      0,00      0,50      0,00      0,00      0,00     99,50      0,00      0,00      0,00
12:49:31          1      0,00      0,00      0,50      0,00      0,00      0,00     99,50      0,00      0,00      0,00
12:49:31          2      0,00      0,00      0,00      0,00      0,00      0,00      2,45      0,00      0,00     97,55
12:49:31          3      0,00      0,00      0,00      0,00      0,00      0,00      0,00      0,00      0,00    100,00
12:49:31          4      0,00      0,00      0,00      0,00      0,00      0,00      0,00      0,00      0,00    100,00
12:49:31          5      0,00      0,00      0,00      0,00      0,00      0,00      0,00      0,00      0,00    100,00
12:49:31          6      0,00      0,00      0,00      0,00      0,00      0,00      0,00      0,00      0,00    100,00
12:49:31          7      0,00      0,00      0,00      0,00      0,00      0,00      0,00      0,00      0,00    100,00
12:49:31          8      0,00      0,00      0,00      0,00      0,00      0,00      0,00      0,00      0,00    100,00
12:49:31          9      0,00      0,00      0,00      0,00      0,00      0,00      0,00      0,00      0,00    100,00
12:49:31         10      0,00      0,00      0,00      0,00      0,00      0,00      0,00      0,00      0,00    100,00
12:49:31         11      0,00      0,00      0,00      0,00      0,00      0,00      0,00      0,00      0,00    100,00
12:49:31         12      0,00      0,00      0,00      0,00      0,00      0,00      0,00      0,00      0,00    100,00
12:49:31         13      0,00      0,00      0,00      0,00      0,00      0,00      0,00      0,00      0,00    100,00
12:49:31         14      0,00      0,00      0,00      0,00      0,00      0,00      0,00      0,00      0,00    100,00
12:49:31         15      0,00      0,00      0,00      0,00      0,00      0,00      0,00      0,00      0,00    100,00

12:49:29        IFACE   rxpck/s   txpck/s    rxkB/s    txkB/s   rxcmp/s   txcmp/s  rxmcst/s   %ifutil
12:49:31           lo      0,00      0,00      0,00      0,00      0,00      0,00      0,00      0,00
12:49:31         eno1      7,00      0,00      0,44      0,00      0,00      0,00      1,00      0,00
12:49:31         eno2      0,00      0,00      0,00      0,00      0,00      0,00      0,00      0,00
12:49:31      docker0      0,00      0,00      0,00      0,00      0,00      0,00      0,00      0,00
12:49:31      ens2np0 13786321,50 13786112,00 807792,28 807780,00      0,00      0,00      0,00     66,17
12:49:31      ens2np1      0,00      0,00      0,00      0,00      0,00      0,00      0,00      0,00

12:49:31        CPU      %usr     %nice      %sys   %iowait    %steal      %irq     %soft    %guest    %gnice     %idle
12:49:33        all      0,00      0,00      0,00      0,00      0,00      0,00     12,61      0,00      0,00     87,39
12:49:33          0      0,00      0,00      0,00      0,00      0,00      0,00    100,00      0,00      0,00      0,00
12:49:33          1      0,00      0,00      0,00      0,00      0,00      0,00    100,00      0,00      0,00      0,00
12:49:33          2      0,00      0,00      0,00      0,00      0,00      0,00      2,91      0,00      0,00     97,09
12:49:33          3      0,00      0,00      0,00      0,00      0,00      0,00      0,00      0,00      0,00    100,00
12:49:33          4      0,00      0,00      0,00      0,00      0,00      0,00      0,00      0,00      0,00    100,00
12:49:33          5      0,00      0,00      0,00      0,00      0,00      0,00      0,00      0,00      0,00    100,00
12:49:33          6      0,00      0,00      0,00      0,00      0,00      0,00      0,00      0,00      0,00    100,00
12:49:33          7      0,00      0,00      0,00      0,00      0,00      0,00      0,00      0,00      0,00    100,00
12:49:33          8      0,00      0,00      0,00      0,00      0,00      0,00      0,00      0,00      0,00    100,00
12:49:33          9      0,00      0,00      0,00      0,00      0,00      0,00      0,00      0,00      0,00    100,00
12:49:33         10      0,00      0,00      0,00      0,00      0,00      0,00      0,00      0,00      0,00    100,00
12:49:33         11      0,00      0,00      0,00      0,00      0,00      0,00      0,00      0,00      0,00    100,00
12:49:33         12      0,00      0,00      0,00      0,00      0,00      0,00      0,00      0,00      0,00    100,00
12:49:33         13      0,00      0,00      0,00      0,00      0,00      0,00      0,00      0,00      0,00    100,00
12:49:33         14      0,00      0,00      0,00      0,00      0,00      0,00      0,00      0,00      0,00    100,00
12:49:33         15      0,00      0,00      0,00      0,00      0,00      0,00      0,00      0,00      0,00    100,00

12:49:31        IFACE   rxpck/s   txpck/s    rxkB/s    txkB/s   rxcmp/s   txcmp/s  rxmcst/s   %ifutil
12:49:33           lo      0,00      0,00      0,00      0,00      0,00      0,00      0,00      0,00
12:49:33         eno1      6,50      0,00      0,41      0,00      0,00      0,00      1,00      0,00
12:49:33         eno2      0,00      0,00      0,00      0,00      0,00      0,00      0,00      0,00
12:49:33      docker0      0,00      0,00      0,00      0,00      0,00      0,00      0,00      0,00
12:49:33      ens2np0 13747434,00 13747200,00 805513,71 805500,00      0,00      0,00      0,00     65,99
12:49:33      ens2np1      0,00      0,00      0,00      0,00      0,00      0,00      0,00      0,00

Average:        CPU      %usr     %nice      %sys   %iowait    %steal      %irq     %soft    %guest    %gnice     %idle
Average:        all      0,10      0,00      0,09      0,00      0,00      0,00      9,85      0,00      0,00     89,95
Average:          0      0,04      0,00      0,32      0,00      0,00      0,00     78,14      0,00      0,00     21,50
Average:          1      0,02      0,00      0,38      0,00      0,00      0,00     78,08      0,00      0,00     21,52
Average:          2      0,20      0,00      0,14      0,00      0,00      0,00      1,42      0,00      0,00     98,24
Average:          3      0,16      0,00      0,12      0,02      0,00      0,00      0,06      0,00      0,00     99,64
Average:          4      0,10      0,00      0,04      0,02      0,00      0,00      0,00      0,00      0,00     99,84
Average:          5      0,06      0,00      0,04      0,00      0,00      0,00      0,00      0,00      0,00     99,90
Average:          6      0,12      0,00      0,06      0,00      0,00      0,00      0,00      0,00      0,00     99,82
Average:          7      0,06      0,00      0,02      0,00      0,00      0,00      0,00      0,00      0,00     99,92
Average:          8      0,04      0,00      0,02      0,00      0,00      0,00      0,00      0,00      0,00     99,94
Average:          9      0,04      0,00      0,04      0,00      0,00      0,00      0,00      0,00      0,00     99,92
Average:         10      0,08      0,00      0,02      0,00      0,00      0,00      0,00      0,00      0,00     99,90
Average:         11      0,20      0,00      0,06      0,02      0,00      0,00      0,00      0,00      0,00     99,72
Average:         12      0,16      0,00      0,02      0,00      0,00      0,00      0,00      0,00      0,00     99,82
Average:         13      0,10      0,00      0,08      0,00      0,00      0,00      0,00      0,00      0,00     99,82
Average:         14      0,14      0,00      0,04      0,00      0,00      0,00      0,00      0,00      0,00     99,82
Average:         15      0,12      0,00      0,08      0,02      0,00      0,00      0,00      0,00      0,00     99,78

Average:        IFACE   rxpck/s   txpck/s    rxkB/s    txkB/s   rxcmp/s   txcmp/s  rxmcst/s   %ifutil
Average:           lo      0,32      0,32      0,03      0,03      0,00      0,00      0,00      0,00
Average:         eno1      8,56      2,50      0,73      0,43      0,00      0,00      1,10      0,00
Average:         eno2      0,00      0,00      0,00      0,00      0,00      0,00      0,00      0,00
Average:      docker0      0,00      0,00      0,00      0,00      0,00      0,00      0,00      0,00
Average:      ens2np0 10798948,20 10798817,52 632750,87 632743,22      0,00      0,00      0,00     51,83
Average:      ens2np1      0,00      0,00      0,00      0,00      0,00      0,00      0,00      0,00
