Linux 5.13.0-52-generic (w1) 	21/07/2022 	_x86_64_	(16 CPU)

18:21:28        CPU      %usr     %nice      %sys   %iowait    %steal      %irq     %soft    %guest    %gnice     %idle
18:21:30        all      0,06      0,00      0,00      0,00      0,00      0,00      0,00      0,00      0,00     99,94
18:21:30          0      0,00      0,00      0,00      0,00      0,00      0,00      0,00      0,00      0,00    100,00
18:21:30          1      0,00      0,00      0,00      0,00      0,00      0,00      0,00      0,00      0,00    100,00
18:21:30          2      0,00      0,00      0,00      0,00      0,00      0,00      0,00      0,00      0,00    100,00
18:21:30          3      0,00      0,00      0,00      0,00      0,00      0,00      0,00      0,00      0,00    100,00
18:21:30          4      0,00      0,00      0,00      0,00      0,00      0,00      0,00      0,00      0,00    100,00
18:21:30          5      0,00      0,00      0,00      0,00      0,00      0,00      0,00      0,00      0,00    100,00
18:21:30          6      0,50      0,00      0,00      0,00      0,00      0,00      0,00      0,00      0,00     99,50
18:21:30          7      0,00      0,00      0,00      0,00      0,00      0,00      0,00      0,00      0,00    100,00
18:21:30          8      0,00      0,00      0,00      0,00      0,00      0,00      0,00      0,00      0,00    100,00
18:21:30          9      0,00      0,00      0,00      0,00      0,00      0,00      0,00      0,00      0,00    100,00
18:21:30         10      0,00      0,00      0,00      0,00      0,00      0,00      0,00      0,00      0,00    100,00
18:21:30         11      0,00      0,00      0,00      0,00      0,00      0,00      0,00      0,00      0,00    100,00
18:21:30         12      0,00      0,00      0,00      0,00      0,00      0,00      0,00      0,00      0,00    100,00
18:21:30         13      0,00      0,00      0,00      0,00      0,00      0,00      0,00      0,00      0,00    100,00
18:21:30         14      0,50      0,00      0,00      0,00      0,00      0,00      0,00      0,00      0,00     99,50
18:21:30         15      0,00      0,00      0,00      0,00      0,00      0,00      0,00      0,00      0,00    100,00

18:21:28        IFACE   rxpck/s   txpck/s    rxkB/s    txkB/s   rxcmp/s   txcmp/s  rxmcst/s   %ifutil
18:21:30           lo      0,00      0,00      0,00      0,00      0,00      0,00      0,00      0,00
18:21:30         eno1     22,00     18,00      3,75      3,39      0,00      0,00      1,00      0,00
18:21:30         eno2      0,00      0,00      0,00      0,00      0,00      0,00      0,00      0,00
18:21:30      docker0      0,00      0,00      0,00      0,00      0,00      0,00      0,00      0,00
18:21:30      ens2np0      0,00      0,00      0,00      0,00      0,00      0,00      0,00      0,00
18:21:30      ens2np1      0,00      0,00      0,00      0,00      0,00      0,00      0,00      0,00

18:21:30        CPU      %usr     %nice      %sys   %iowait    %steal      %irq     %soft    %guest    %gnice     %idle
18:21:32        all      0,00      0,00      0,00      0,00      0,00      0,00      0,00      0,00      0,00    100,00
18:21:32          0      0,00      0,00      0,00      0,00      0,00      0,00      0,00      0,00      0,00    100,00
18:21:32          1      0,00      0,00      0,00      0,00      0,00      0,00      0,00      0,00      0,00    100,00
18:21:32          2      0,00      0,00      0,00      0,00      0,00      0,00      0,00      0,00      0,00    100,00
18:21:32          3      0,00      0,00      0,00      0,00      0,00      0,00      0,00      0,00      0,00    100,00
18:21:32          4      0,00      0,00      0,00      0,00      0,00      0,00      0,00      0,00      0,00    100,00
18:21:32          5      0,00      0,00      0,00      0,00      0,00      0,00      0,00      0,00      0,00    100,00
18:21:32          6      0,00      0,00      0,00      0,00      0,00      0,00      0,00      0,00      0,00    100,00
18:21:32          7      0,00      0,00      0,00      0,00      0,00      0,00      0,00      0,00      0,00    100,00
18:21:32          8      0,00      0,00      0,00      0,00      0,00      0,00      0,00      0,00      0,00    100,00
18:21:32          9      0,00      0,00      0,00      0,00      0,00      0,00      0,00      0,00      0,00    100,00
18:21:32         10      0,00      0,00      0,00      0,00      0,00      0,00      0,00      0,00      0,00    100,00
18:21:32         11      0,00      0,00      0,00      0,00      0,00      0,00      0,00      0,00      0,00    100,00
18:21:32         12      0,00      0,00      0,00      0,00      0,00      0,00      0,00      0,00      0,00    100,00
18:21:32         13      0,00      0,00      0,00      0,00      0,00      0,00      0,00      0,00      0,00    100,00
18:21:32         14      0,00      0,00      0,00      0,00      0,00      0,00      0,00      0,00      0,00    100,00
18:21:32         15      0,00      0,00      0,00      0,00      0,00      0,00      0,00      0,00      0,00    100,00

18:21:30        IFACE   rxpck/s   txpck/s    rxkB/s    txkB/s   rxcmp/s   txcmp/s  rxmcst/s   %ifutil
18:21:32           lo      0,00      0,00      0,00      0,00      0,00      0,00      0,00      0,00
18:21:32         eno1      6,00      0,50      0,38      0,03      0,00      0,00      1,00      0,00
18:21:32         eno2      0,00      0,00      0,00      0,00      0,00      0,00      0,00      0,00
18:21:32      docker0      0,00      0,00      0,00      0,00      0,00      0,00      0,00      0,00
18:21:32      ens2np0      0,00      0,00      0,00      0,00      0,00      0,00      0,00      0,00
18:21:32      ens2np1      0,00      0,00      0,00      0,00      0,00      0,00      0,00      0,00

18:21:32        CPU      %usr     %nice      %sys   %iowait    %steal      %irq     %soft    %guest    %gnice     %idle
18:21:34        all      0,16      0,00      0,19      0,00      0,00      0,00      0,00      0,00      0,00     99,66
18:21:34          0      0,00      0,00      0,00      0,00      0,00      0,00      0,00      0,00      0,00    100,00
18:21:34          1      0,50      0,00      0,00      0,00      0,00      0,00      0,00      0,00      0,00     99,50
18:21:34          2      0,50      0,00      0,00      0,00      0,00      0,00      0,00      0,00      0,00     99,50
18:21:34          3      0,00      0,00      0,00      0,00      0,00      0,00      0,00      0,00      0,00    100,00
18:21:34          4      0,00      0,00      0,50      0,00      0,00      0,00      0,00      0,00      0,00     99,50
18:21:34          5      0,00      0,00      0,00      0,00      0,00      0,00      0,00      0,00      0,00    100,00
18:21:34          6      0,00      0,00      0,50      0,00      0,00      0,00      0,00      0,00      0,00     99,50
18:21:34          7      0,00      0,00      0,00      0,00      0,00      0,00      0,00      0,00      0,00    100,00
18:21:34          8      0,00      0,00      0,00      0,00      0,00      0,00      0,00      0,00      0,00    100,00
18:21:34          9      0,00      0,00      0,00      0,00      0,00      0,00      0,00      0,00      0,00    100,00
18:21:34         10      0,00      0,00      0,00      0,00      0,00      0,00      0,00      0,00      0,00    100,00
18:21:34         11      0,00      0,00      0,00      0,00      0,00      0,00      0,00      0,00      0,00    100,00
18:21:34         12      0,50      0,00      0,50      0,00      0,00      0,00      0,00      0,00      0,00     98,99
18:21:34         13      1,00      0,00      1,50      0,00      0,00      0,00      0,00      0,00      0,00     97,50
18:21:34         14      0,00      0,00      0,00      0,00      0,00      0,00      0,00      0,00      0,00    100,00
18:21:34         15      0,00      0,00      0,00      0,00      0,00      0,00      0,00      0,00      0,00    100,00

18:21:32        IFACE   rxpck/s   txpck/s    rxkB/s    txkB/s   rxcmp/s   txcmp/s  rxmcst/s   %ifutil
18:21:34           lo      0,00      0,00      0,00      0,00      0,00      0,00      0,00      0,00
18:21:34         eno1      8,00      1,50      0,53      0,13      0,00      0,00      1,00      0,00
18:21:34         eno2      0,00      0,00      0,00      0,00      0,00      0,00      0,00      0,00
18:21:34      docker0      0,00      0,00      0,00      0,00      0,00      0,00      0,00      0,00
18:21:34      ens2np0      0,00      0,00      0,00      0,00      0,00      0,00      0,00      0,00
18:21:34      ens2np1      0,00      0,00      0,00      0,00      0,00      0,00      0,00      0,00

18:21:34        CPU      %usr     %nice      %sys   %iowait    %steal      %irq     %soft    %guest    %gnice     %idle
18:21:36        all      0,12      0,00      0,00      0,00      0,00      0,00      0,00      0,00      0,00     99,88
18:21:36          0      0,00      0,00      0,00      0,00      0,00      0,00      0,00      0,00      0,00    100,00
18:21:36          1      0,50      0,00      0,00      0,00      0,00      0,00      0,00      0,00      0,00     99,50
18:21:36          2      0,00      0,00      0,00      0,00      0,00      0,00      0,00      0,00      0,00    100,00
18:21:36          3      0,00      0,00      0,00      0,00      0,00      0,00      0,00      0,00      0,00    100,00
18:21:36          4      0,00      0,00      0,00      0,00      0,00      0,00      0,00      0,00      0,00    100,00
18:21:36          5      0,00      0,00      0,00      0,00      0,00      0,00      0,00      0,00      0,00    100,00
18:21:36          6      0,00      0,00      0,00      0,00      0,00      0,00      0,00      0,00      0,00    100,00
18:21:36          7      0,00      0,00      0,00      0,00      0,00      0,00      0,00      0,00      0,00    100,00
18:21:36          8      0,00      0,00      0,00      0,00      0,00      0,00      0,00      0,00      0,00    100,00
18:21:36          9      0,00      0,00      0,00      0,00      0,00      0,00      0,00      0,00      0,00    100,00
18:21:36         10      1,00      0,00      0,00      0,00      0,00      0,00      0,00      0,00      0,00     99,00
18:21:36         11      0,00      0,00      0,00      0,00      0,00      0,00      0,00      0,00      0,00    100,00
18:21:36         12      0,00      0,00      0,00      0,00      0,00      0,00      0,00      0,00      0,00    100,00
18:21:36         13      0,00      0,00      0,00      0,00      0,00      0,00      0,00      0,00      0,00    100,00
18:21:36         14      0,50      0,00      0,00      0,00      0,00      0,00      0,00      0,00      0,00     99,50
18:21:36         15      0,00      0,00      0,00      0,00      0,00      0,00      0,00      0,00      0,00    100,00

18:21:34        IFACE   rxpck/s   txpck/s    rxkB/s    txkB/s   rxcmp/s   txcmp/s  rxmcst/s   %ifutil
18:21:36           lo      0,00      0,00      0,00      0,00      0,00      0,00      0,00      0,00
18:21:36         eno1     11,00      5,50      1,84      1,10      0,00      0,00      1,00      0,00
18:21:36         eno2      0,00      0,00      0,00      0,00      0,00      0,00      0,00      0,00
18:21:36      docker0      0,00      0,00      0,00      0,00      0,00      0,00      0,00      0,00
18:21:36      ens2np0      0,00      0,00      0,00      0,00      0,00      0,00      0,00      0,00
18:21:36      ens2np1      0,00      0,00      0,00      0,00      0,00      0,00      0,00      0,00

18:21:36        CPU      %usr     %nice      %sys   %iowait    %steal      %irq     %soft    %guest    %gnice     %idle
18:21:38        all      0,00      0,00      0,00      0,00      0,00      0,00      0,00      0,00      0,00    100,00
18:21:38          0      0,00      0,00      0,00      0,00      0,00      0,00      0,00      0,00      0,00    100,00
18:21:38          1      0,00      0,00      0,00      0,00      0,00      0,00      0,00      0,00      0,00    100,00
18:21:38          2      0,00      0,00      0,00      0,00      0,00      0,00      0,00      0,00      0,00    100,00
18:21:38          3      0,00      0,00      0,00      0,00      0,00      0,00      0,00      0,00      0,00    100,00
18:21:38          4      0,00      0,00      0,00      0,00      0,00      0,00      0,00      0,00      0,00    100,00
18:21:38          5      0,00      0,00      0,00      0,00      0,00      0,00      0,00      0,00      0,00    100,00
18:21:38          6      0,00      0,00      0,00      0,00      0,00      0,00      0,00      0,00      0,00    100,00
18:21:38          7      0,00      0,00      0,00      0,00      0,00      0,00      0,00      0,00      0,00    100,00
18:21:38          8      0,00      0,00      0,00      0,00      0,00      0,00      0,00      0,00      0,00    100,00
18:21:38          9      0,00      0,00      0,00      0,00      0,00      0,00      0,00      0,00      0,00    100,00
18:21:38         10      0,00      0,00      0,00      0,00      0,00      0,00      0,00      0,00      0,00    100,00
18:21:38         11      0,00      0,00      0,00      0,00      0,00      0,00      0,00      0,00      0,00    100,00
18:21:38         12      0,00      0,00      0,00      0,00      0,00      0,00      0,00      0,00      0,00    100,00
18:21:38         13      0,00      0,00      0,00      0,00      0,00      0,00      0,00      0,00      0,00    100,00
18:21:38         14      0,00      0,00      0,00      0,00      0,00      0,00      0,00      0,00      0,00    100,00
18:21:38         15      0,00      0,00      0,00      0,00      0,00      0,00      0,00      0,00      0,00    100,00

18:21:36        IFACE   rxpck/s   txpck/s    rxkB/s    txkB/s   rxcmp/s   txcmp/s  rxmcst/s   %ifutil
18:21:38           lo      0,00      0,00      0,00      0,00      0,00      0,00      0,00      0,00
18:21:38         eno1      7,50      3,50      0,67      1,06      0,00      0,00      1,50      0,00
18:21:38         eno2      0,00      0,00      0,00      0,00      0,00      0,00      0,00      0,00
18:21:38      docker0      0,00      0,00      0,00      0,00      0,00      0,00      0,00      0,00
18:21:38      ens2np0      0,00      0,00      0,00      0,00      0,00      0,00      0,00      0,00
18:21:38      ens2np1      0,00      0,00      0,00      0,00      0,00      0,00      0,00      0,00

18:21:38        CPU      %usr     %nice      %sys   %iowait    %steal      %irq     %soft    %guest    %gnice     %idle
18:21:40        all      0,00      0,00      0,00      0,00      0,00      0,00      0,03      0,00      0,00     99,97
18:21:40          0      0,00      0,00      0,00      0,00      0,00      0,00      0,00      0,00      0,00    100,00
18:21:40          1      0,00      0,00      0,00      0,00      0,00      0,00      0,00      0,00      0,00    100,00
18:21:40          2      0,00      0,00      0,00      0,00      0,00      0,00      0,00      0,00      0,00    100,00
18:21:40          3      0,00      0,00      0,00      0,00      0,00      0,00      0,00      0,00      0,00    100,00
18:21:40          4      0,00      0,00      0,00      0,00      0,00      0,00      0,00      0,00      0,00    100,00
18:21:40          5      0,00      0,00      0,00      0,00      0,00      0,00      0,00      0,00      0,00    100,00
18:21:40          6      0,00      0,00      0,00      0,00      0,00      0,00      0,52      0,00      0,00     99,48
18:21:40          7      0,00      0,00      0,00      0,00      0,00      0,00      0,00      0,00      0,00    100,00
18:21:40          8      0,00      0,00      0,00      0,00      0,00      0,00      0,00      0,00      0,00    100,00
18:21:40          9      0,00      0,00      0,00      0,00      0,00      0,00      0,00      0,00      0,00    100,00
18:21:40         10      0,00      0,00      0,00      0,00      0,00      0,00      0,00      0,00      0,00    100,00
18:21:40         11      0,00      0,00      0,00      0,00      0,00      0,00      0,00      0,00      0,00    100,00
18:21:40         12      0,00      0,00      0,00      0,00      0,00      0,00      0,00      0,00      0,00    100,00
18:21:40         13      0,00      0,00      0,00      0,00      0,00      0,00      0,00      0,00      0,00    100,00
18:21:40         14      0,00      0,00      0,00      0,00      0,00      0,00      0,00      0,00      0,00    100,00
18:21:40         15      0,00      0,00      0,00      0,00      0,00      0,00      0,00      0,00      0,00    100,00

18:21:38        IFACE   rxpck/s   txpck/s    rxkB/s    txkB/s   rxcmp/s   txcmp/s  rxmcst/s   %ifutil
18:21:40           lo      0,00      0,00      0,00      0,00      0,00      0,00      0,00      0,00
18:21:40         eno1      8,00      3,50      0,58      0,46      0,00      0,00      1,00      0,00
18:21:40         eno2      0,00      0,00      0,00      0,00      0,00      0,00      0,00      0,00
18:21:40      docker0      0,00      0,00      0,00      0,00      0,00      0,00      0,00      0,00
18:21:40      ens2np0 697808,50 696692,00 695082,69 693970,55      0,00      0,00      0,00     56,94
18:21:40      ens2np1      0,00      0,00      0,00      0,00      0,00      0,00      0,00      0,00

18:21:40        CPU      %usr     %nice      %sys   %iowait    %steal      %irq     %soft    %guest    %gnice     %idle
18:21:42        all      0,00      0,00      0,03      0,00      0,00      0,00      0,16      0,00      0,00     99,81
18:21:42          0      0,00      0,00      0,53      0,00      0,00      0,00      0,53      0,00      0,00     98,94
18:21:42          1      0,00      0,00      0,00      0,00      0,00      0,00      0,53      0,00      0,00     99,47
18:21:42          2      0,00      0,00      0,00      0,00      0,00      0,00      0,00      0,00      0,00    100,00
18:21:42          3      0,00      0,00      0,00      0,00      0,00      0,00      0,53      0,00      0,00     99,47
18:21:42          4      0,00      0,00      0,00      0,00      0,00      0,00      0,53      0,00      0,00     99,47
18:21:42          5      0,00      0,00      0,00      0,00      0,00      0,00      0,53      0,00      0,00     99,47
18:21:42          6      0,00      0,00      0,00      0,00      0,00      0,00      0,00      0,00      0,00    100,00
18:21:42          7      0,00      0,00      0,00      0,00      0,00      0,00      0,00      0,00      0,00    100,00
18:21:42          8      0,00      0,00      0,00      0,00      0,00      0,00      0,00      0,00      0,00    100,00
18:21:42          9      0,00      0,00      0,00      0,00      0,00      0,00      0,00      0,00      0,00    100,00
18:21:42         10      0,00      0,00      0,00      0,00      0,00      0,00      0,00      0,00      0,00    100,00
18:21:42         11      0,00      0,00      0,00      0,00      0,00      0,00      0,00      0,00      0,00    100,00
18:21:42         12      0,00      0,00      0,00      0,00      0,00      0,00      0,00      0,00      0,00    100,00
18:21:42         13      0,00      0,00      0,00      0,00      0,00      0,00      0,00      0,00      0,00    100,00
18:21:42         14      0,00      0,00      0,00      0,00      0,00      0,00      0,00      0,00      0,00    100,00
18:21:42         15      0,00      0,00      0,00      0,00      0,00      0,00      0,00      0,00      0,00    100,00

18:21:40        IFACE   rxpck/s   txpck/s    rxkB/s    txkB/s   rxcmp/s   txcmp/s  rxmcst/s   %ifutil
18:21:42           lo      0,00      0,00      0,00      0,00      0,00      0,00      0,00      0,00
18:21:42         eno1      7,50      1,00      0,48      0,10      0,00      0,00      1,00      0,00
18:21:42         eno2      0,00      0,00      0,00      0,00      0,00      0,00      0,00      0,00
18:21:42      docker0      0,00      0,00      0,00      0,00      0,00      0,00      0,00      0,00
18:21:42      ens2np0 1197316,50 1197906,00 1192639,48 1193226,68      0,00      0,00      0,00     97,75
18:21:42      ens2np1      0,00      0,00      0,00      0,00      0,00      0,00      0,00      0,00

18:21:42        CPU      %usr     %nice      %sys   %iowait    %steal      %irq     %soft    %guest    %gnice     %idle
18:21:44        all      0,42      0,00      0,10      0,00      0,00      0,00      0,32      0,00      0,00     99,16
18:21:44          0      0,53      0,00      0,00      0,00      0,00      0,00      1,06      0,00      0,00     98,40
18:21:44          1      0,53      0,00      0,53      0,00      0,00      0,00      0,53      0,00      0,00     98,41
18:21:44          2      0,00      0,00      0,00      0,00      0,00      0,00      0,53      0,00      0,00     99,47
18:21:44          3      0,53      0,00      0,00      0,00      0,00      0,00      1,06      0,00      0,00     98,41
18:21:44          4      0,00      0,00      0,00      0,00      0,00      0,00      0,53      0,00      0,00     99,47
18:21:44          5      0,53      0,00      0,00      0,00      0,00      0,00      0,53      0,00      0,00     98,94
18:21:44          6      2,13      0,00      0,53      0,00      0,00      0,00      0,53      0,00      0,00     96,81
18:21:44          7      0,00      0,00      0,00      0,00      0,00      0,00      0,53      0,00      0,00     99,47
18:21:44          8      0,50      0,00      0,00      0,00      0,00      0,00      0,00      0,00      0,00     99,50
18:21:44          9      0,50      0,00      0,00      0,00      0,00      0,00      0,00      0,00      0,00     99,50
18:21:44         10      0,00      0,00      0,00      0,00      0,00      0,00      0,00      0,00      0,00    100,00
18:21:44         11      0,00      0,00      0,00      0,00      0,00      0,00      0,00      0,00      0,00    100,00
18:21:44         12      1,00      0,00      0,50      0,00      0,00      0,00      0,00      0,00      0,00     98,50
18:21:44         13      0,50      0,00      0,00      0,00      0,00      0,00      0,00      0,00      0,00     99,50
18:21:44         14      0,00      0,00      0,00      0,00      0,00      0,00      0,00      0,00      0,00    100,00
18:21:44         15      0,00      0,00      0,00      0,00      0,00      0,00      0,00      0,00      0,00    100,00

18:21:42        IFACE   rxpck/s   txpck/s    rxkB/s    txkB/s   rxcmp/s   txcmp/s  rxmcst/s   %ifutil
18:21:44           lo      0,00      0,00      0,00      0,00      0,00      0,00      0,00      0,00
18:21:44         eno1      6,00      0,00      0,38      0,00      0,00      0,00      1,00      0,00
18:21:44         eno2      0,00      0,00      0,00      0,00      0,00      0,00      0,00      0,00
18:21:44      docker0      0,00      0,00      0,00      0,00      0,00      0,00      0,00      0,00
18:21:44      ens2np0 1197323,00 1197247,00 1192645,96 1192570,25      0,00      0,00      0,00     97,70
18:21:44      ens2np1      0,00      0,00      0,00      0,00      0,00      0,00      0,00      0,00

18:21:44        CPU      %usr     %nice      %sys   %iowait    %steal      %irq     %soft    %guest    %gnice     %idle
18:21:46        all      0,00      0,00      0,00      0,00      0,00      0,00      0,10      0,00      0,00     99,90
18:21:46          0      0,00      0,00      0,00      0,00      0,00      0,00      0,00      0,00      0,00    100,00
18:21:46          1      0,00      0,00      0,00      0,00      0,00      0,00      0,53      0,00      0,00     99,47
18:21:46          2      0,00      0,00      0,00      0,00      0,00      0,00      0,00      0,00      0,00    100,00
18:21:46          3      0,00      0,00      0,00      0,00      0,00      0,00      0,00      0,00      0,00    100,00
18:21:46          4      0,00      0,00      0,00      0,00      0,00      0,00      0,53      0,00      0,00     99,47
18:21:46          5      0,00      0,00      0,00      0,00      0,00      0,00      0,53      0,00      0,00     99,47
18:21:46          6      0,00      0,00      0,00      0,00      0,00      0,00      0,00      0,00      0,00    100,00
18:21:46          7      0,00      0,00      0,00      0,00      0,00      0,00      0,00      0,00      0,00    100,00
18:21:46          8      0,00      0,00      0,00      0,00      0,00      0,00      0,00      0,00      0,00    100,00
18:21:46          9      0,00      0,00      0,00      0,00      0,00      0,00      0,00      0,00      0,00    100,00
18:21:46         10      0,00      0,00      0,00      0,00      0,00      0,00      0,00      0,00      0,00    100,00
18:21:46         11      0,00      0,00      0,00      0,00      0,00      0,00      0,00      0,00      0,00    100,00
18:21:46         12      0,00      0,00      0,00      0,00      0,00      0,00      0,00      0,00      0,00    100,00
18:21:46         13      0,00      0,00      0,00      0,00      0,00      0,00      0,00      0,00      0,00    100,00
18:21:46         14      0,00      0,00      0,00      0,00      0,00      0,00      0,00      0,00      0,00    100,00
18:21:46         15      0,00      0,00      0,00      0,00      0,00      0,00      0,00      0,00      0,00    100,00

18:21:44        IFACE   rxpck/s   txpck/s    rxkB/s    txkB/s   rxcmp/s   txcmp/s  rxmcst/s   %ifutil
18:21:46           lo      0,00      0,00      0,00      0,00      0,00      0,00      0,00      0,00
18:21:46         eno1      6,50      0,00      0,41      0,00      0,00      0,00      1,00      0,00
18:21:46         eno2      0,00      0,00      0,00      0,00      0,00      0,00      0,00      0,00
18:21:46      docker0      0,00      0,00      0,00      0,00      0,00      0,00      0,00      0,00
18:21:46      ens2np0 1197294,00 1197535,00 1192617,07 1192857,13      0,00      0,00      0,00     97,72
18:21:46      ens2np1      0,00      0,00      0,00      0,00      0,00      0,00      0,00      0,00

18:21:46        CPU      %usr     %nice      %sys   %iowait    %steal      %irq     %soft    %guest    %gnice     %idle
18:21:48        all      0,00      0,00      0,03      0,03      0,00      0,00      0,06      0,00      0,00     99,87
18:21:48          0      0,00      0,00      0,00      0,00      0,00      0,00      0,00      0,00      0,00    100,00
18:21:48          1      0,00      0,00      0,00      0,00      0,00      0,00      0,00      0,00      0,00    100,00
18:21:48          2      0,00      0,00      0,00      0,00      0,00      0,00      0,00      0,00      0,00    100,00
18:21:48          3      0,00      0,00      0,00      0,00      0,00      0,00      0,00      0,00      0,00    100,00
18:21:48          4      0,00      0,00      0,00      0,00      0,00      0,00      0,00      0,00      0,00    100,00
18:21:48          5      0,00      0,00      0,00      0,00      0,00      0,00      0,00      0,00      0,00    100,00
18:21:48          6      0,00      0,00      0,00      0,53      0,00      0,00      0,53      0,00      0,00     98,94
18:21:48          7      0,00      0,00      0,00      0,00      0,00      0,00      0,53      0,00      0,00     99,47
18:21:48          8      0,00      0,00      0,50      0,00      0,00      0,00      0,00      0,00      0,00     99,50
18:21:48          9      0,00      0,00      0,00      0,00      0,00      0,00      0,00      0,00      0,00    100,00
18:21:48         10      0,00      0,00      0,00      0,00      0,00      0,00      0,00      0,00      0,00    100,00
18:21:48         11      0,00      0,00      0,00      0,00      0,00      0,00      0,00      0,00      0,00    100,00
18:21:48         12      0,00      0,00      0,00      0,00      0,00      0,00      0,00      0,00      0,00    100,00
18:21:48         13      0,00      0,00      0,00      0,00      0,00      0,00      0,00      0,00      0,00    100,00
18:21:48         14      0,00      0,00      0,00      0,00      0,00      0,00      0,00      0,00      0,00    100,00
18:21:48         15      0,00      0,00      0,00      0,00      0,00      0,00      0,00      0,00      0,00    100,00

18:21:46        IFACE   rxpck/s   txpck/s    rxkB/s    txkB/s   rxcmp/s   txcmp/s  rxmcst/s   %ifutil
18:21:48           lo      0,00      0,00      0,00      0,00      0,00      0,00      0,00      0,00
18:21:48         eno1      5,50      0,00      0,35      0,00      0,00      0,00      1,50      0,00
18:21:48         eno2      0,00      0,00      0,00      0,00      0,00      0,00      0,00      0,00
18:21:48      docker0      0,00      0,00      0,00      0,00      0,00      0,00      0,00      0,00
18:21:48      ens2np0 1197304,50 1196607,50 1192627,53 1191933,25      0,00      0,00      0,00     97,70
18:21:48      ens2np1      0,00      0,00      0,00      0,00      0,00      0,00      0,00      0,00

18:21:48        CPU      %usr     %nice      %sys   %iowait    %steal      %irq     %soft    %guest    %gnice     %idle
18:21:50        all      0,00      0,00      0,00      0,00      0,00      0,00      0,16      0,00      0,00     99,84
18:21:50          0      0,00      0,00      0,00      0,00      0,00      0,00      0,53      0,00      0,00     99,47
18:21:50          1      0,00      0,00      0,00      0,00      0,00      0,00      1,06      0,00      0,00     98,94
18:21:50          2      0,00      0,00      0,00      0,00      0,00      0,00      0,00      0,00      0,00    100,00
18:21:50          3      0,00      0,00      0,00      0,00      0,00      0,00      0,00      0,00      0,00    100,00
18:21:50          4      0,00      0,00      0,00      0,00      0,00      0,00      0,53      0,00      0,00     99,47
18:21:50          5      0,00      0,00      0,00      0,00      0,00      0,00      0,00      0,00      0,00    100,00
18:21:50          6      0,00      0,00      0,00      0,00      0,00      0,00      0,00      0,00      0,00    100,00
18:21:50          7      0,00      0,00      0,00      0,00      0,00      0,00      0,53      0,00      0,00     99,47
18:21:50          8      0,00      0,00      0,00      0,00      0,00      0,00      0,00      0,00      0,00    100,00
18:21:50          9      0,00      0,00      0,00      0,00      0,00      0,00      0,00      0,00      0,00    100,00
18:21:50         10      0,00      0,00      0,00      0,00      0,00      0,00      0,00      0,00      0,00    100,00
18:21:50         11      0,00      0,00      0,00      0,00      0,00      0,00      0,00      0,00      0,00    100,00
18:21:50         12      0,00      0,00      0,00      0,00      0,00      0,00      0,00      0,00      0,00    100,00
18:21:50         13      0,00      0,00      0,00      0,00      0,00      0,00      0,00      0,00      0,00    100,00
18:21:50         14      0,00      0,00      0,00      0,00      0,00      0,00      0,00      0,00      0,00    100,00
18:21:50         15      0,00      0,00      0,00      0,00      0,00      0,00      0,00      0,00      0,00    100,00

18:21:48        IFACE   rxpck/s   txpck/s    rxkB/s    txkB/s   rxcmp/s   txcmp/s  rxmcst/s   %ifutil
18:21:50           lo      0,00      0,00      0,00      0,00      0,00      0,00      0,00      0,00
18:21:50         eno1      6,00      0,00      0,38      0,00      0,00      0,00      1,00      0,00
18:21:50         eno2      0,00      0,00      0,00      0,00      0,00      0,00      0,00      0,00
18:21:50      docker0      0,00      0,00      0,00      0,00      0,00      0,00      0,00      0,00
18:21:50      ens2np0 1197317,00 1197458,50 1192639,98 1192780,93      0,00      0,00      0,00     97,71
18:21:50      ens2np1      0,00      0,00      0,00      0,00      0,00      0,00      0,00      0,00

18:21:50        CPU      %usr     %nice      %sys   %iowait    %steal      %irq     %soft    %guest    %gnice     %idle
18:21:52        all      0,00      0,00      0,00      0,00      0,00      0,00      0,06      0,00      0,00     99,94
18:21:52          0      0,00      0,00      0,00      0,00      0,00      0,00      0,53      0,00      0,00     99,47
18:21:52          1      0,00      0,00      0,00      0,00      0,00      0,00      0,00      0,00      0,00    100,00
18:21:52          2      0,00      0,00      0,00      0,00      0,00      0,00      0,00      0,00      0,00    100,00
18:21:52          3      0,00      0,00      0,00      0,00      0,00      0,00      0,00      0,00      0,00    100,00
18:21:52          4      0,00      0,00      0,00      0,00      0,00      0,00      0,00      0,00      0,00    100,00
18:21:52          5      0,00      0,00      0,00      0,00      0,00      0,00      0,00      0,00      0,00    100,00
18:21:52          6      0,00      0,00      0,00      0,00      0,00      0,00      0,00      0,00      0,00    100,00
18:21:52          7      0,00      0,00      0,00      0,00      0,00      0,00      0,53      0,00      0,00     99,47
18:21:52          8      0,00      0,00      0,00      0,00      0,00      0,00      0,00      0,00      0,00    100,00
18:21:52          9      0,00      0,00      0,00      0,00      0,00      0,00      0,00      0,00      0,00    100,00
18:21:52         10      0,00      0,00      0,00      0,00      0,00      0,00      0,00      0,00      0,00    100,00
18:21:52         11      0,00      0,00      0,00      0,00      0,00      0,00      0,00      0,00      0,00    100,00
18:21:52         12      0,00      0,00      0,00      0,00      0,00      0,00      0,00      0,00      0,00    100,00
18:21:52         13      0,00      0,00      0,00      0,00      0,00      0,00      0,00      0,00      0,00    100,00
18:21:52         14      0,00      0,00      0,00      0,00      0,00      0,00      0,00      0,00      0,00    100,00
18:21:52         15      0,00      0,00      0,00      0,00      0,00      0,00      0,00      0,00      0,00    100,00

18:21:50        IFACE   rxpck/s   txpck/s    rxkB/s    txkB/s   rxcmp/s   txcmp/s  rxmcst/s   %ifutil
18:21:52           lo      0,00      0,00      0,00      0,00      0,00      0,00      0,00      0,00
18:21:52         eno1      6,00      0,00      0,38      0,00      0,00      0,00      1,00      0,00
18:21:52         eno2      0,00      0,00      0,00      0,00      0,00      0,00      0,00      0,00
18:21:52      docker0      0,00      0,00      0,00      0,00      0,00      0,00      0,00      0,00
18:21:52      ens2np0 1197318,50 1197779,00 1192641,47 1193100,18      0,00      0,00      0,00     97,74
18:21:52      ens2np1      0,00      0,00      0,00      0,00      0,00      0,00      0,00      0,00

18:21:52        CPU      %usr     %nice      %sys   %iowait    %steal      %irq     %soft    %guest    %gnice     %idle
18:21:54        all      0,19      0,00      0,16      0,00      0,00      0,00      0,32      0,00      0,00     99,32
18:21:54          0      0,00      0,00      0,00      0,00      0,00      0,00      1,06      0,00      0,00     98,94
18:21:54          1      0,00      0,00      0,00      0,00      0,00      0,00      0,53      0,00      0,00     99,47
18:21:54          2      0,53      0,00      0,00      0,00      0,00      0,00      1,07      0,00      0,00     98,40
18:21:54          3      0,00      0,00      0,53      0,00      0,00      0,00      1,06      0,00      0,00     98,40
18:21:54          4      0,00      0,00      0,00      0,00      0,00      0,00      0,53      0,00      0,00     99,47
18:21:54          5      0,00      0,00      0,00      0,00      0,00      0,00      0,00      0,00      0,00    100,00
18:21:54          6      0,53      0,00      0,53      0,00      0,00      0,00      0,53      0,00      0,00     98,41
18:21:54          7      0,53      0,00      0,00      0,00      0,00      0,00      0,53      0,00      0,00     98,94
18:21:54          8      0,00      0,00      0,00      0,00      0,00      0,00      0,00      0,00      0,00    100,00
18:21:54          9      0,00      0,00      0,50      0,00      0,00      0,00      0,00      0,00      0,00     99,50
18:21:54         10      0,00      0,00      0,00      0,00      0,00      0,00      0,00      0,00      0,00    100,00
18:21:54         11      0,00      0,00      0,00      0,00      0,00      0,00      0,00      0,00      0,00    100,00
18:21:54         12      0,50      0,00      0,50      0,00      0,00      0,00      0,00      0,00      0,00     99,00
18:21:54         13      1,00      0,00      0,50      0,00      0,00      0,00      0,00      0,00      0,00     98,50
18:21:54         14      0,00      0,00      0,00      0,00      0,00      0,00      0,00      0,00      0,00    100,00
18:21:54         15      0,00      0,00      0,00      0,00      0,00      0,00      0,00      0,00      0,00    100,00

18:21:52        IFACE   rxpck/s   txpck/s    rxkB/s    txkB/s   rxcmp/s   txcmp/s  rxmcst/s   %ifutil
18:21:54           lo      0,00      0,00      0,00      0,00      0,00      0,00      0,00      0,00
18:21:54         eno1      5,50      0,00      0,35      0,00      0,00      0,00      1,00      0,00
18:21:54         eno2      0,00      0,00      0,00      0,00      0,00      0,00      0,00      0,00
18:21:54      docker0      0,00      0,00      0,00      0,00      0,00      0,00      0,00      0,00
18:21:54      ens2np0 1197359,00 1197198,00 1192681,82 1192521,45      0,00      0,00      0,00     97,70
18:21:54      ens2np1      0,00      0,00      0,00      0,00      0,00      0,00      0,00      0,00

18:21:54        CPU      %usr     %nice      %sys   %iowait    %steal      %irq     %soft    %guest    %gnice     %idle
18:21:56        all      0,00      0,00      0,03      0,00      0,00      0,00      0,10      0,00      0,00     99,87
18:21:56          0      0,00      0,00      0,00      0,00      0,00      0,00      0,00      0,00      0,00    100,00
18:21:56          1      0,00      0,00      0,00      0,00      0,00      0,00      0,53      0,00      0,00     99,47
18:21:56          2      0,00      0,00      0,00      0,00      0,00      0,00      0,00      0,00      0,00    100,00
18:21:56          3      0,00      0,00      0,00      0,00      0,00      0,00      0,00      0,00      0,00    100,00
18:21:56          4      0,00      0,00      0,00      0,00      0,00      0,00      0,53      0,00      0,00     99,47
18:21:56          5      0,00      0,00      0,00      0,00      0,00      0,00      0,00      0,00      0,00    100,00
18:21:56          6      0,00      0,00      0,00      0,00      0,00      0,00      0,53      0,00      0,00     99,47
18:21:56          7      0,00      0,00      0,00      0,00      0,00      0,00      0,00      0,00      0,00    100,00
18:21:56          8      0,00      0,00      0,50      0,00      0,00      0,00      0,00      0,00      0,00     99,50
18:21:56          9      0,00      0,00      0,00      0,00      0,00      0,00      0,00      0,00      0,00    100,00
18:21:56         10      0,00      0,00      0,00      0,00      0,00      0,00      0,00      0,00      0,00    100,00
18:21:56         11      0,00      0,00      0,00      0,00      0,00      0,00      0,00      0,00      0,00    100,00
18:21:56         12      0,00      0,00      0,00      0,00      0,00      0,00      0,00      0,00      0,00    100,00
18:21:56         13      0,00      0,00      0,00      0,00      0,00      0,00      0,00      0,00      0,00    100,00
18:21:56         14      0,00      0,00      0,00      0,00      0,00      0,00      0,00      0,00      0,00    100,00
18:21:56         15      0,00      0,00      0,00      0,00      0,00      0,00      0,00      0,00      0,00    100,00

18:21:54        IFACE   rxpck/s   txpck/s    rxkB/s    txkB/s   rxcmp/s   txcmp/s  rxmcst/s   %ifutil
18:21:56           lo      0,00      0,00      0,00      0,00      0,00      0,00      0,00      0,00
18:21:56         eno1      6,50      0,00      0,41      0,00      0,00      0,00      1,00      0,00
18:21:56         eno2      0,00      0,00      0,00      0,00      0,00      0,00      0,00      0,00
18:21:56      docker0      0,00      0,00      0,00      0,00      0,00      0,00      0,00      0,00
18:21:56      ens2np0 1197285,50 1197447,00 1192608,60 1192769,47      0,00      0,00      0,00     97,71
18:21:56      ens2np1      0,00      0,00      0,00      0,00      0,00      0,00      0,00      0,00

18:21:56        CPU      %usr     %nice      %sys   %iowait    %steal      %irq     %soft    %guest    %gnice     %idle
18:21:58        all      0,00      0,00      0,00      0,00      0,00      0,00      0,16      0,00      0,00     99,84
18:21:58          0      0,00      0,00      0,00      0,00      0,00      0,00      0,00      0,00      0,00    100,00
18:21:58          1      0,00      0,00      0,00      0,00      0,00      0,00      0,00      0,00      0,00    100,00
18:21:58          2      0,00      0,00      0,00      0,00      0,00      0,00      0,53      0,00      0,00     99,47
18:21:58          3      0,00      0,00      0,00      0,00      0,00      0,00      0,53      0,00      0,00     99,47
18:21:58          4      0,00      0,00      0,00      0,00      0,00      0,00      0,00      0,00      0,00    100,00
18:21:58          5      0,00      0,00      0,00      0,00      0,00      0,00      0,53      0,00      0,00     99,47
18:21:58          6      0,00      0,00      0,00      0,00      0,00      0,00      1,06      0,00      0,00     98,94
18:21:58          7      0,00      0,00      0,00      0,00      0,00      0,00      0,00      0,00      0,00    100,00
18:21:58          8      0,00      0,00      0,00      0,00      0,00      0,00      0,00      0,00      0,00    100,00
18:21:58          9      0,00      0,00      0,00      0,00      0,00      0,00      0,00      0,00      0,00    100,00
18:21:58         10      0,00      0,00      0,00      0,00      0,00      0,00      0,00      0,00      0,00    100,00
18:21:58         11      0,00      0,00      0,00      0,00      0,00      0,00      0,00      0,00      0,00    100,00
18:21:58         12      0,00      0,00      0,00      0,00      0,00      0,00      0,00      0,00      0,00    100,00
18:21:58         13      0,00      0,00      0,00      0,00      0,00      0,00      0,00      0,00      0,00    100,00
18:21:58         14      0,00      0,00      0,00      0,00      0,00      0,00      0,00      0,00      0,00    100,00
18:21:58         15      0,00      0,00      0,00      0,00      0,00      0,00      0,00      0,00      0,00    100,00

18:21:56        IFACE   rxpck/s   txpck/s    rxkB/s    txkB/s   rxcmp/s   txcmp/s  rxmcst/s   %ifutil
18:21:58           lo      0,00      0,00      0,00      0,00      0,00      0,00      0,00      0,00
18:21:58         eno1      5,00      0,00      0,31      0,00      0,00      0,00      1,00      0,00
18:21:58         eno2      0,00      0,00      0,00      0,00      0,00      0,00      0,00      0,00
18:21:58      docker0      0,00      0,00      0,00      0,00      0,00      0,00      0,00      0,00
18:21:58      ens2np0 1197306,00 1197131,50 1192629,02 1192455,21      0,00      0,00      0,00     97,70
18:21:58      ens2np1      0,00      0,00      0,00      0,00      0,00      0,00      0,00      0,00

18:21:58        CPU      %usr     %nice      %sys   %iowait    %steal      %irq     %soft    %guest    %gnice     %idle
18:22:00        all      0,00      0,00      0,03      0,00      0,00      0,00      0,13      0,00      0,00     99,84
18:22:00          0      0,00      0,00      0,00      0,00      0,00      0,00      0,00      0,00      0,00    100,00
18:22:00          1      0,00      0,00      0,00      0,00      0,00      0,00      0,00      0,00      0,00    100,00
18:22:00          2      0,00      0,00      0,00      0,00      0,00      0,00      0,00      0,00      0,00    100,00
18:22:00          3      0,00      0,00      0,00      0,00      0,00      0,00      0,53      0,00      0,00     99,47
18:22:00          4      0,00      0,00      0,00      0,00      0,00      0,00      1,06      0,00      0,00     98,94
18:22:00          5      0,00      0,00      0,00      0,00      0,00      0,00      0,00      0,00      0,00    100,00
18:22:00          6      0,00      0,00      0,00      0,00      0,00      0,00      0,53      0,00      0,00     99,47
18:22:00          7      0,00      0,00      0,00      0,00      0,00      0,00      0,00      0,00      0,00    100,00
18:22:00          8      0,00      0,00      0,50      0,00      0,00      0,00      0,00      0,00      0,00     99,50
18:22:00          9      0,00      0,00      0,00      0,00      0,00      0,00      0,00      0,00      0,00    100,00
18:22:00         10      0,00      0,00      0,00      0,00      0,00      0,00      0,00      0,00      0,00    100,00
18:22:00         11      0,00      0,00      0,00      0,00      0,00      0,00      0,00      0,00      0,00    100,00
18:22:00         12      0,00      0,00      0,00      0,00      0,00      0,00      0,00      0,00      0,00    100,00
18:22:00         13      0,00      0,00      0,00      0,00      0,00      0,00      0,00      0,00      0,00    100,00
18:22:00         14      0,00      0,00      0,00      0,00      0,00      0,00      0,00      0,00      0,00    100,00
18:22:00         15      0,00      0,00      0,00      0,00      0,00      0,00      0,00      0,00      0,00    100,00

18:21:58        IFACE   rxpck/s   txpck/s    rxkB/s    txkB/s   rxcmp/s   txcmp/s  rxmcst/s   %ifutil
18:22:00           lo      0,00      0,00      0,00      0,00      0,00      0,00      0,00      0,00
18:22:00         eno1      5,50      0,00      0,35      0,00      0,00      0,00      1,00      0,00
18:22:00         eno2      0,00      0,00      0,00      0,00      0,00      0,00      0,00      0,00
18:22:00      docker0      0,00      0,00      0,00      0,00      0,00      0,00      0,00      0,00
18:22:00      ens2np0 1197309,00 1197520,00 1192632,01 1192842,19      0,00      0,00      0,00     97,72
18:22:00      ens2np1      0,00      0,00      0,00      0,00      0,00      0,00      0,00      0,00

18:22:00        CPU      %usr     %nice      %sys   %iowait    %steal      %irq     %soft    %guest    %gnice     %idle
18:22:02        all      0,00      0,00      0,00      0,00      0,00      0,00      0,03      0,00      0,00     99,97
18:22:02          0      0,00      0,00      0,00      0,00      0,00      0,00      0,00      0,00      0,00    100,00
18:22:02          1      0,00      0,00      0,00      0,00      0,00      0,00      0,53      0,00      0,00     99,47
18:22:02          2      0,00      0,00      0,00      0,00      0,00      0,00      0,00      0,00      0,00    100,00
18:22:02          3      0,00      0,00      0,00      0,00      0,00      0,00      0,00      0,00      0,00    100,00
18:22:02          4      0,00      0,00      0,00      0,00      0,00      0,00      0,00      0,00      0,00    100,00
18:22:02          5      0,00      0,00      0,00      0,00      0,00      0,00      0,00      0,00      0,00    100,00
18:22:02          6      0,00      0,00      0,00      0,00      0,00      0,00      0,00      0,00      0,00    100,00
18:22:02          7      0,00      0,00      0,00      0,00      0,00      0,00      0,00      0,00      0,00    100,00
18:22:02          8      0,00      0,00      0,00      0,00      0,00      0,00      0,00      0,00      0,00    100,00
18:22:02          9      0,00      0,00      0,00      0,00      0,00      0,00      0,00      0,00      0,00    100,00
18:22:02         10      0,00      0,00      0,00      0,00      0,00      0,00      0,00      0,00      0,00    100,00
18:22:02         11      0,00      0,00      0,00      0,00      0,00      0,00      0,00      0,00      0,00    100,00
18:22:02         12      0,00      0,00      0,00      0,00      0,00      0,00      0,00      0,00      0,00    100,00
18:22:02         13      0,00      0,00      0,00      0,00      0,00      0,00      0,00      0,00      0,00    100,00
18:22:02         14      0,00      0,00      0,00      0,00      0,00      0,00      0,00      0,00      0,00    100,00
18:22:02         15      0,00      0,00      0,00      0,00      0,00      0,00      0,00      0,00      0,00    100,00

18:22:00        IFACE   rxpck/s   txpck/s    rxkB/s    txkB/s   rxcmp/s   txcmp/s  rxmcst/s   %ifutil
18:22:02           lo      0,00      0,00      0,00      0,00      0,00      0,00      0,00      0,00
18:22:02         eno1      6,00      0,00      0,38      0,00      0,00      0,00      1,00      0,00
18:22:02         eno2      0,00      0,00      0,00      0,00      0,00      0,00      0,00      0,00
18:22:02      docker0      0,00      0,00      0,00      0,00      0,00      0,00      0,00      0,00
18:22:02      ens2np0 1197334,00 1197053,00 1192656,91 1192377,01      0,00      0,00      0,00     97,70
18:22:02      ens2np1      0,00      0,00      0,00      0,00      0,00      0,00      0,00      0,00

18:22:02        CPU      %usr     %nice      %sys   %iowait    %steal      %irq     %soft    %guest    %gnice     %idle
18:22:04        all      0,35      0,00      0,16      0,00      0,00      0,00      0,29      0,00      0,00     99,19
18:22:04          0      0,53      0,00      0,00      0,00      0,00      0,00      0,53      0,00      0,00     98,94
18:22:04          1      0,00      0,00      0,00      0,00      0,00      0,00      0,53      0,00      0,00     99,47
18:22:04          2      0,00      0,00      0,53      0,00      0,00      0,00      1,06      0,00      0,00     98,41
18:22:04          3      0,00      0,00      0,54      0,00      0,00      0,00      0,00      0,00      0,00     99,46
18:22:04          4      1,07      0,00      0,53      0,00      0,00      0,00      0,53      0,00      0,00     97,86
18:22:04          5      0,53      0,00      0,00      0,00      0,00      0,00      0,53      0,00      0,00     98,94
18:22:04          6      0,00      0,00      0,00      0,00      0,00      0,00      0,53      0,00      0,00     99,47
18:22:04          7      0,00      0,00      0,53      0,00      0,00      0,00      1,06      0,00      0,00     98,41
18:22:04          8      0,50      0,00      0,00      0,00      0,00      0,00      0,00      0,00      0,00     99,50
18:22:04          9      0,00      0,00      0,00      0,00      0,00      0,00      0,00      0,00      0,00    100,00
18:22:04         10      0,50      0,00      0,00      0,00      0,00      0,00      0,00      0,00      0,00     99,50
18:22:04         11      0,00      0,00      0,00      0,00      0,00      0,00      0,00      0,00      0,00    100,00
18:22:04         12      1,50      0,00      0,00      0,00      0,00      0,00      0,00      0,00      0,00     98,50
18:22:04         13      0,00      0,00      0,00      0,00      0,00      0,00      0,00      0,00      0,00    100,00
18:22:04         14      1,00      0,00      0,50      0,00      0,00      0,00      0,00      0,00      0,00     98,51
18:22:04         15      0,00      0,00      0,00      0,00      0,00      0,00      0,00      0,00      0,00    100,00

18:22:02        IFACE   rxpck/s   txpck/s    rxkB/s    txkB/s   rxcmp/s   txcmp/s  rxmcst/s   %ifutil
18:22:04           lo      0,00      0,00      0,00      0,00      0,00      0,00      0,00      0,00
18:22:04         eno1      4,98      0,00      0,31      0,00      0,00      0,00      1,00      0,00
18:22:04         eno2      0,00      0,00      0,00      0,00      0,00      0,00      0,00      0,00
18:22:04      docker0      0,00      0,00      0,00      0,00      0,00      0,00      0,00      0,00
18:22:04      ens2np0 1191367,16 1191247,76 1186713,39 1186594,45      0,00      0,00      0,00     97,22
18:22:04      ens2np1      0,00      0,00      0,00      0,00      0,00      0,00      0,00      0,00

18:22:04        CPU      %usr     %nice      %sys   %iowait    %steal      %irq     %soft    %guest    %gnice     %idle
18:22:06        all      0,00      0,00      0,03      0,00      0,00      0,00      0,26      0,00      0,00     99,71
18:22:06          0      0,00      0,00      0,00      0,00      0,00      0,00      0,53      0,00      0,00     99,47
18:22:06          1      0,00      0,00      0,00      0,00      0,00      0,00      0,53      0,00      0,00     99,47
18:22:06          2      0,00      0,00      0,00      0,00      0,00      0,00      0,53      0,00      0,00     99,47
18:22:06          3      0,00      0,00      0,00      0,00      0,00      0,00      0,53      0,00      0,00     99,47
18:22:06          4      0,00      0,00      0,53      0,00      0,00      0,00      0,53      0,00      0,00     98,95
18:22:06          5      0,00      0,00      0,00      0,00      0,00      0,00      0,53      0,00      0,00     99,47
18:22:06          6      0,00      0,00      0,00      0,00      0,00      0,00      0,53      0,00      0,00     99,47
18:22:06          7      0,00      0,00      0,00      0,00      0,00      0,00      0,53      0,00      0,00     99,47
18:22:06          8      0,00      0,00      0,00      0,00      0,00      0,00      0,00      0,00      0,00    100,00
18:22:06          9      0,00      0,00      0,00      0,00      0,00      0,00      0,00      0,00      0,00    100,00
18:22:06         10      0,00      0,00      0,00      0,00      0,00      0,00      0,00      0,00      0,00    100,00
18:22:06         11      0,00      0,00      0,00      0,00      0,00      0,00      0,00      0,00      0,00    100,00
18:22:06         12      0,00      0,00      0,00      0,00      0,00      0,00      0,00      0,00      0,00    100,00
18:22:06         13      0,00      0,00      0,00      0,00      0,00      0,00      0,00      0,00      0,00    100,00
18:22:06         14      0,00      0,00      0,00      0,00      0,00      0,00      0,00      0,00      0,00    100,00
18:22:06         15      0,00      0,00      0,00      0,00      0,00      0,00      0,00      0,00      0,00    100,00

18:22:04        IFACE   rxpck/s   txpck/s    rxkB/s    txkB/s   rxcmp/s   txcmp/s  rxmcst/s   %ifutil
18:22:06           lo      0,00      0,00      0,00      0,00      0,00      0,00      0,00      0,00
18:22:06         eno1      6,50      0,50      0,41      0,03      0,00      0,00      1,00      0,00
18:22:06         eno2      0,00      0,00      0,00      0,00      0,00      0,00      0,00      0,00
18:22:06      docker0      0,00      0,00      0,00      0,00      0,00      0,00      0,00      0,00
18:22:06      ens2np0 1197307,50 1197290,50 1192630,52 1192613,58      0,00      0,00      0,00     97,70
18:22:06      ens2np1      0,00      0,00      0,00      0,00      0,00      0,00      0,00      0,00

18:22:06        CPU      %usr     %nice      %sys   %iowait    %steal      %irq     %soft    %guest    %gnice     %idle
18:22:08        all      0,00      0,00      0,03      0,00      0,00      0,00      0,13      0,00      0,00     99,84
18:22:08          0      0,00      0,00      0,00      0,00      0,00      0,00      0,00      0,00      0,00    100,00
18:22:08          1      0,00      0,00      0,00      0,00      0,00      0,00      0,53      0,00      0,00     99,47
18:22:08          2      0,00      0,00      0,00      0,00      0,00      0,00      0,53      0,00      0,00     99,47
18:22:08          3      0,00      0,00      0,00      0,00      0,00      0,00      0,00      0,00      0,00    100,00
18:22:08          4      0,00      0,00      0,00      0,00      0,00      0,00      0,00      0,00      0,00    100,00
18:22:08          5      0,00      0,00      0,00      0,00      0,00      0,00      0,53      0,00      0,00     99,47
18:22:08          6      0,00      0,00      0,00      0,00      0,00      0,00      0,53      0,00      0,00     99,47
18:22:08          7      0,00      0,00      0,00      0,00      0,00      0,00      0,00      0,00      0,00    100,00
18:22:08          8      0,00      0,00      0,50      0,00      0,00      0,00      0,00      0,00      0,00     99,50
18:22:08          9      0,00      0,00      0,00      0,00      0,00      0,00      0,00      0,00      0,00    100,00
18:22:08         10      0,00      0,00      0,00      0,00      0,00      0,00      0,00      0,00      0,00    100,00
18:22:08         11      0,00      0,00      0,00      0,00      0,00      0,00      0,00      0,00      0,00    100,00
18:22:08         12      0,00      0,00      0,00      0,00      0,00      0,00      0,00      0,00      0,00    100,00
18:22:08         13      0,00      0,00      0,00      0,00      0,00      0,00      0,00      0,00      0,00    100,00
18:22:08         14      0,00      0,00      0,00      0,00      0,00      0,00      0,00      0,00      0,00    100,00
18:22:08         15      0,00      0,00      0,00      0,00      0,00      0,00      0,00      0,00      0,00    100,00

18:22:06        IFACE   rxpck/s   txpck/s    rxkB/s    txkB/s   rxcmp/s   txcmp/s  rxmcst/s   %ifutil
18:22:08           lo      0,00      0,00      0,00      0,00      0,00      0,00      0,00      0,00
18:22:08         eno1      3,00      0,00      0,19      0,00      0,00      0,00      1,00      0,00
18:22:08         eno2      0,00      0,00      0,00      0,00      0,00      0,00      0,00      0,00
18:22:08      docker0      0,00      0,00      0,00      0,00      0,00      0,00      0,00      0,00
18:22:08      ens2np0 1197330,50 1197702,50 1192653,43 1193023,97      0,00      0,00      0,00     97,73
18:22:08      ens2np1      0,00      0,00      0,00      0,00      0,00      0,00      0,00      0,00

18:22:08        CPU      %usr     %nice      %sys   %iowait    %steal      %irq     %soft    %guest    %gnice     %idle
18:22:10        all      0,06      0,00      0,03      0,00      0,00      0,00      0,06      0,00      0,00     99,84
18:22:10          0      0,00      0,00      0,00      0,00      0,00      0,00      0,53      0,00      0,00     99,47
18:22:10          1      0,00      0,00      0,00      0,00      0,00      0,00      0,00      0,00      0,00    100,00
18:22:10          2      0,00      0,00      0,00      0,00      0,00      0,00      0,53      0,00      0,00     99,47
18:22:10          3      0,00      0,00      0,00      0,00      0,00      0,00      0,00      0,00      0,00    100,00
18:22:10          4      0,00      0,00      0,00      0,00      0,00      0,00      0,00      0,00      0,00    100,00
18:22:10          5      0,00      0,00      0,00      0,00      0,00      0,00      0,00      0,00      0,00    100,00
18:22:10          6      0,00      0,00      0,00      0,00      0,00      0,00      0,00      0,00      0,00    100,00
18:22:10          7      0,00      0,00      0,00      0,00      0,00      0,00      0,00      0,00      0,00    100,00
18:22:10          8      0,00      0,00      0,00      0,00      0,00      0,00      0,00      0,00      0,00    100,00
18:22:10          9      1,00      0,00      0,00      0,00      0,00      0,00      0,00      0,00      0,00     99,00
18:22:10         10      0,00      0,00      0,00      0,00      0,00      0,00      0,00      0,00      0,00    100,00
18:22:10         11      0,00      0,00      0,00      0,00      0,00      0,00      0,00      0,00      0,00    100,00
18:22:10         12      0,00      0,00      0,50      0,00      0,00      0,00      0,00      0,00      0,00     99,50
18:22:10         13      0,00      0,00      0,00      0,00      0,00      0,00      0,00      0,00      0,00    100,00
18:22:10         14      0,00      0,00      0,00      0,00      0,00      0,00      0,00      0,00      0,00    100,00
18:22:10         15      0,00      0,00      0,00      0,00      0,00      0,00      0,00      0,00      0,00    100,00

18:22:08        IFACE   rxpck/s   txpck/s    rxkB/s    txkB/s   rxcmp/s   txcmp/s  rxmcst/s   %ifutil
18:22:10           lo      0,00      0,00      0,00      0,00      0,00      0,00      0,00      0,00
18:22:10         eno1      5,50      0,00      0,35      0,00      0,00      0,00      1,00      0,00
18:22:10         eno2      0,00      0,00      0,00      0,00      0,00      0,00      0,00      0,00
18:22:10      docker0      0,00      0,00      0,00      0,00      0,00      0,00      0,00      0,00
18:22:10      ens2np0 1197247,00 1196907,00 1192570,25 1192231,58      0,00      0,00      0,00     97,70
18:22:10      ens2np1      0,00      0,00      0,00      0,00      0,00      0,00      0,00      0,00

18:22:10        CPU      %usr     %nice      %sys   %iowait    %steal      %irq     %soft    %guest    %gnice     %idle
18:22:12        all      0,00      0,00      0,00      0,00      0,00      0,00      0,19      0,00      0,00     99,81
18:22:12          0      0,00      0,00      0,00      0,00      0,00      0,00      0,53      0,00      0,00     99,47
18:22:12          1      0,00      0,00      0,00      0,00      0,00      0,00      0,53      0,00      0,00     99,47
18:22:12          2      0,00      0,00      0,00      0,00      0,00      0,00      0,00      0,00      0,00    100,00
18:22:12          3      0,00      0,00      0,00      0,00      0,00      0,00      0,53      0,00      0,00     99,47
18:22:12          4      0,00      0,00      0,00      0,00      0,00      0,00      1,06      0,00      0,00     98,94
18:22:12          5      0,00      0,00      0,00      0,00      0,00      0,00      0,53      0,00      0,00     99,47
18:22:12          6      0,00      0,00      0,00      0,00      0,00      0,00      0,00      0,00      0,00    100,00
18:22:12          7      0,00      0,00      0,00      0,00      0,00      0,00      0,00      0,00      0,00    100,00
18:22:12          8      0,00      0,00      0,00      0,00      0,00      0,00      0,00      0,00      0,00    100,00
18:22:12          9      0,00      0,00      0,00      0,00      0,00      0,00      0,00      0,00      0,00    100,00
18:22:12         10      0,00      0,00      0,00      0,00      0,00      0,00      0,00      0,00      0,00    100,00
18:22:12         11      0,00      0,00      0,00      0,00      0,00      0,00      0,00      0,00      0,00    100,00
18:22:12         12      0,00      0,00      0,00      0,00      0,00      0,00      0,00      0,00      0,00    100,00
18:22:12         13      0,00      0,00      0,00      0,00      0,00      0,00      0,00      0,00      0,00    100,00
18:22:12         14      0,00      0,00      0,00      0,00      0,00      0,00      0,00      0,00      0,00    100,00
18:22:12         15      0,00      0,00      0,00      0,00      0,00      0,00      0,00      0,00      0,00    100,00

18:22:10        IFACE   rxpck/s   txpck/s    rxkB/s    txkB/s   rxcmp/s   txcmp/s  rxmcst/s   %ifutil
18:22:12           lo      0,00      0,00      0,00      0,00      0,00      0,00      0,00      0,00
18:22:12         eno1      8,00      0,50      0,50      0,03      0,00      0,00      1,00      0,00
18:22:12         eno2      0,00      0,00      0,00      0,00      0,00      0,00      0,00      0,00
18:22:12      docker0      0,00      0,00      0,00      0,00      0,00      0,00      0,00      0,00
18:22:12      ens2np0 1197385,50 1197561,50 1192708,21 1192883,53      0,00      0,00      0,00     97,72
18:22:12      ens2np1      0,00      0,00      0,00      0,00      0,00      0,00      0,00      0,00

18:22:12        CPU      %usr     %nice      %sys   %iowait    %steal      %irq     %soft    %guest    %gnice     %idle
18:22:14        all      0,32      0,00      0,16      0,00      0,00      0,00      0,32      0,00      0,00     99,19
18:22:14          0      0,00      0,00      0,00      0,00      0,00      0,00      1,06      0,00      0,00     98,94
18:22:14          1      0,00      0,00      0,00      0,00      0,00      0,00      1,06      0,00      0,00     98,94
18:22:14          2      0,00      0,00      0,00      0,00      0,00      0,00      0,00      0,00      0,00    100,00
18:22:14          3      1,06      0,00      0,00      0,00      0,00      0,00      0,53      0,00      0,00     98,41
18:22:14          4      0,53      0,00      0,53      0,00      0,00      0,00      1,06      0,00      0,00     97,88
18:22:14          5      1,06      0,00      0,53      0,00      0,00      0,00      0,00      0,00      0,00     98,40
18:22:14          6      0,00      0,00      0,00      0,00      0,00      0,00      0,53      0,00      0,00     99,47
18:22:14          7      0,53      0,00      0,00      0,00      0,00      0,00      1,06      0,00      0,00     98,41
18:22:14          8      0,00      0,00      0,50      0,00      0,00      0,00      0,00      0,00      0,00     99,50
18:22:14          9      0,00      0,00      0,00      0,00      0,00      0,00      0,00      0,00      0,00    100,00
18:22:14         10      0,00      0,00      0,50      0,00      0,00      0,00      0,00      0,00      0,00     99,50
18:22:14         11      0,50      0,00      0,00      0,00      0,00      0,00      0,00      0,00      0,00     99,50
18:22:14         12      0,00      0,00      0,00      0,00      0,00      0,00      0,00      0,00      0,00    100,00
18:22:14         13      0,50      0,00      0,00      0,00      0,00      0,00      0,00      0,00      0,00     99,50
18:22:14         14      1,00      0,00      0,50      0,00      0,00      0,00      0,00      0,00      0,00     98,50
18:22:14         15      0,00      0,00      0,00      0,00      0,00      0,00      0,00      0,00      0,00    100,00

18:22:12        IFACE   rxpck/s   txpck/s    rxkB/s    txkB/s   rxcmp/s   txcmp/s  rxmcst/s   %ifutil
18:22:14           lo      0,00      0,00      0,00      0,00      0,00      0,00      0,00      0,00
18:22:14         eno1      6,00      0,00      0,38      0,00      0,00      0,00      1,00      0,00
18:22:14         eno2      0,00      0,00      0,00      0,00      0,00      0,00      0,00      0,00
18:22:14      docker0      0,00      0,00      0,00      0,00      0,00      0,00      0,00      0,00
18:22:14      ens2np0 1197323,00 1197176,00 1192645,96 1192499,53      0,00      0,00      0,00     97,70
18:22:14      ens2np1      0,00      0,00      0,00      0,00      0,00      0,00      0,00      0,00

18:22:14        CPU      %usr     %nice      %sys   %iowait    %steal      %irq     %soft    %guest    %gnice     %idle
18:22:16        all      0,00      0,00      0,00      0,03      0,00      0,00      0,23      0,00      0,00     99,74
18:22:16          0      0,00      0,00      0,00      0,00      0,00      0,00      0,00      0,00      0,00    100,00
18:22:16          1      0,00      0,00      0,00      0,00      0,00      0,00      0,53      0,00      0,00     99,47
18:22:16          2      0,00      0,00      0,00      0,00      0,00      0,00      0,53      0,00      0,00     99,47
18:22:16          3      0,00      0,00      0,00      0,00      0,00      0,00      1,06      0,00      0,00     98,94
18:22:16          4      0,00      0,00      0,00      0,00      0,00      0,00      0,53      0,00      0,00     99,47
18:22:16          5      0,00      0,00      0,00      0,00      0,00      0,00      0,53      0,00      0,00     99,47
18:22:16          6      0,00      0,00      0,00      0,53      0,00      0,00      0,53      0,00      0,00     98,94
18:22:16          7      0,00      0,00      0,00      0,00      0,00      0,00      0,00      0,00      0,00    100,00
18:22:16          8      0,00      0,00      0,00      0,00      0,00      0,00      0,00      0,00      0,00    100,00
18:22:16          9      0,00      0,00      0,00      0,00      0,00      0,00      0,00      0,00      0,00    100,00
18:22:16         10      0,00      0,00      0,00      0,00      0,00      0,00      0,00      0,00      0,00    100,00
18:22:16         11      0,00      0,00      0,00      0,00      0,00      0,00      0,00      0,00      0,00    100,00
18:22:16         12      0,00      0,00      0,00      0,00      0,00      0,00      0,00      0,00      0,00    100,00
18:22:16         13      0,00      0,00      0,00      0,00      0,00      0,00      0,00      0,00      0,00    100,00
18:22:16         14      0,00      0,00      0,00      0,00      0,00      0,00      0,00      0,00      0,00    100,00
18:22:16         15      0,00      0,00      0,00      0,00      0,00      0,00      0,00      0,00      0,00    100,00

18:22:14        IFACE   rxpck/s   txpck/s    rxkB/s    txkB/s   rxcmp/s   txcmp/s  rxmcst/s   %ifutil
18:22:16           lo      0,00      0,00      0,00      0,00      0,00      0,00      0,00      0,00
18:22:16         eno1      7,00      0,50      0,44      0,03      0,00      0,00      1,00      0,00
18:22:16         eno2      0,00      0,00      0,00      0,00      0,00      0,00      0,00      0,00
18:22:16      docker0      0,00      0,00      0,00      0,00      0,00      0,00      0,00      0,00
18:22:16      ens2np0 1197337,50 1197569,00 1192660,40 1192891,00      0,00      0,00      0,00     97,72
18:22:16      ens2np1      0,00      0,00      0,00      0,00      0,00      0,00      0,00      0,00

18:22:16        CPU      %usr     %nice      %sys   %iowait    %steal      %irq     %soft    %guest    %gnice     %idle
18:22:18        all      0,00      0,00      0,00      0,00      0,00      0,00      0,13      0,00      0,00     99,87
18:22:18          0      0,00      0,00      0,00      0,00      0,00      0,00      0,00      0,00      0,00    100,00
18:22:18          1      0,00      0,00      0,00      0,00      0,00      0,00      0,00      0,00      0,00    100,00
18:22:18          2      0,00      0,00      0,00      0,00      0,00      0,00      0,00      0,00      0,00    100,00
18:22:18          3      0,00      0,00      0,00      0,00      0,00      0,00      1,06      0,00      0,00     98,94
18:22:18          4      0,00      0,00      0,00      0,00      0,00      0,00      0,00      0,00      0,00    100,00
18:22:18          5      0,00      0,00      0,00      0,00      0,00      0,00      0,53      0,00      0,00     99,47
18:22:18          6      0,00      0,00      0,00      0,00      0,00      0,00      0,53      0,00      0,00     99,47
18:22:18          7      0,00      0,00      0,00      0,00      0,00      0,00      0,00      0,00      0,00    100,00
18:22:18          8      0,00      0,00      0,00      0,00      0,00      0,00      0,00      0,00      0,00    100,00
18:22:18          9      0,00      0,00      0,00      0,00      0,00      0,00      0,00      0,00      0,00    100,00
18:22:18         10      0,00      0,00      0,00      0,00      0,00      0,00      0,00      0,00      0,00    100,00
18:22:18         11      0,00      0,00      0,00      0,00      0,00      0,00      0,00      0,00      0,00    100,00
18:22:18         12      0,00      0,00      0,00      0,00      0,00      0,00      0,00      0,00      0,00    100,00
18:22:18         13      0,00      0,00      0,00      0,00      0,00      0,00      0,00      0,00      0,00    100,00
18:22:18         14      0,00      0,00      0,00      0,00      0,00      0,00      0,00      0,00      0,00    100,00
18:22:18         15      0,00      0,00      0,00      0,00      0,00      0,00      0,00      0,00      0,00    100,00

18:22:16        IFACE   rxpck/s   txpck/s    rxkB/s    txkB/s   rxcmp/s   txcmp/s  rxmcst/s   %ifutil
18:22:18           lo      0,00      0,00      0,00      0,00      0,00      0,00      0,00      0,00
18:22:18         eno1      5,50      0,00      0,40      0,00      0,00      0,00      2,00      0,00
18:22:18         eno2      0,00      0,00      0,00      0,00      0,00      0,00      0,00      0,00
18:22:18      docker0      0,00      0,00      0,00      0,00      0,00      0,00      0,00      0,00
18:22:18      ens2np0 1197299,00 1197325,00 1192622,05 1192647,95      0,00      0,00      0,00     97,70
18:22:18      ens2np1      0,00      0,00      0,00      0,00      0,00      0,00      0,00      0,00

Average:        CPU      %usr     %nice      %sys   %iowait    %steal      %irq     %soft    %guest    %gnice     %idle
Average:        all      0,07      0,00      0,04      0,00      0,00      0,00      0,13      0,00      0,00     99,76
Average:          0      0,04      0,00      0,02      0,00      0,00      0,00      0,27      0,00      0,00     99,66
Average:          1      0,06      0,00      0,02      0,00      0,00      0,00      0,32      0,00      0,00     99,60
Average:          2      0,04      0,00      0,02      0,00      0,00      0,00      0,21      0,00      0,00     99,73
Average:          3      0,06      0,00      0,04      0,00      0,00      0,00      0,29      0,00      0,00     99,60
Average:          4      0,06      0,00      0,08      0,00      0,00      0,00      0,32      0,00      0,00     99,54
Average:          5      0,08      0,00      0,02      0,00      0,00      0,00      0,21      0,00      0,00     99,68
Average:          6      0,13      0,00      0,06      0,04      0,00      0,00      0,29      0,00      0,00     99,48
Average:          7      0,04      0,00      0,02      0,00      0,00      0,00      0,21      0,00      0,00     99,73
Average:          8      0,04      0,00      0,10      0,00      0,00      0,00      0,00      0,00      0,00     99,86
Average:          9      0,06      0,00      0,02      0,00      0,00      0,00      0,00      0,00      0,00     99,92
Average:         10      0,06      0,00      0,02      0,00      0,00      0,00      0,00      0,00      0,00     99,92
Average:         11      0,02      0,00      0,00      0,00      0,00      0,00      0,00      0,00      0,00     99,98
Average:         12      0,14      0,00      0,08      0,00      0,00      0,00      0,00      0,00      0,00     99,78
Average:         13      0,12      0,00      0,08      0,00      0,00      0,00      0,00      0,00      0,00     99,80
Average:         14      0,12      0,00      0,04      0,00      0,00      0,00      0,00      0,00      0,00     99,84
Average:         15      0,00      0,00      0,00      0,00      0,00      0,00      0,00      0,00      0,00    100,00

Average:        IFACE   rxpck/s   txpck/s    rxkB/s    txkB/s   rxcmp/s   txcmp/s  rxmcst/s   %ifutil
Average:           lo      0,00      0,00      0,00      0,00      0,00      0,00      0,00      0,00
Average:         eno1      7,00      1,40      0,60      0,25      0,00      0,00      1,08      0,00
Average:         eno2      0,00      0,00      0,00      0,00      0,00      0,00      0,00      0,00
Average:      docker0      0,00      0,00      0,00      0,00      0,00      0,00      0,00      0,00
Average:      ens2np0 937685,64 937664,87 934022,81 934002,11      0,00      0,00      0,00     76,52
Average:      ens2np1      0,00      0,00      0,00      0,00      0,00      0,00      0,00      0,00
