Linux 5.13.0-52-generic (w1) 	21/07/2022 	_x86_64_	(16 CPU)

17:19:39        CPU      %usr     %nice      %sys   %iowait    %steal      %irq     %soft    %guest    %gnice     %idle
17:19:41        all      0,25      0,00      0,00      0,03      0,00      0,00      0,00      0,00      0,00     99,72
17:19:41          0      0,00      0,00      0,00      0,00      0,00      0,00      0,00      0,00      0,00    100,00
17:19:41          1      0,00      0,00      0,00      0,00      0,00      0,00      0,00      0,00      0,00    100,00
17:19:41          2      0,00      0,00      0,00      0,00      0,00      0,00      0,00      0,00      0,00    100,00
17:19:41          3      0,50      0,00      0,00      0,00      0,00      0,00      0,00      0,00      0,00     99,50
17:19:41          4      0,50      0,00      0,00      0,00      0,00      0,00      0,00      0,00      0,00     99,50
17:19:41          5      0,00      0,00      0,00      0,00      0,00      0,00      0,00      0,00      0,00    100,00
17:19:41          6      0,00      0,00      0,00      0,00      0,00      0,00      0,00      0,00      0,00    100,00
17:19:41          7      0,00      0,00      0,00      0,00      0,00      0,00      0,00      0,00      0,00    100,00
17:19:41          8      0,00      0,00      0,00      0,00      0,00      0,00      0,00      0,00      0,00    100,00
17:19:41          9      0,00      0,00      0,00      0,00      0,00      0,00      0,00      0,00      0,00    100,00
17:19:41         10      0,00      0,00      0,00      0,00      0,00      0,00      0,00      0,00      0,00    100,00
17:19:41         11      0,00      0,00      0,00      0,00      0,00      0,00      0,00      0,00      0,00    100,00
17:19:41         12      0,00      0,00      0,00      0,00      0,00      0,00      0,00      0,00      0,00    100,00
17:19:41         13      0,00      0,00      0,00      0,00      0,00      0,00      0,00      0,00      0,00    100,00
17:19:41         14      2,99      0,00      0,00      0,50      0,00      0,00      0,00      0,00      0,00     96,52
17:19:41         15      0,00      0,00      0,00      0,00      0,00      0,00      0,00      0,00      0,00    100,00

17:19:39        IFACE   rxpck/s   txpck/s    rxkB/s    txkB/s   rxcmp/s   txcmp/s  rxmcst/s   %ifutil
17:19:41           lo      0,00      0,00      0,00      0,00      0,00      0,00      0,00      0,00
17:19:41         eno1     15,00     15,50      3,28      3,20      0,00      0,00      0,50      0,00
17:19:41         eno2      0,00      0,00      0,00      0,00      0,00      0,00      0,00      0,00
17:19:41      docker0      0,00      0,00      0,00      0,00      0,00      0,00      0,00      0,00
17:19:41      ens2np0      0,00      0,00      0,00      0,00      0,00      0,00      0,00      0,00
17:19:41      ens2np1      0,00      0,00      0,00      0,00      0,00      0,00      0,00      0,00

17:19:41        CPU      %usr     %nice      %sys   %iowait    %steal      %irq     %soft    %guest    %gnice     %idle
17:19:43        all      0,00      0,00      0,03      0,00      0,00      0,00      0,00      0,00      0,00     99,97
17:19:43          0      0,00      0,00      0,00      0,00      0,00      0,00      0,00      0,00      0,00    100,00
17:19:43          1      0,00      0,00      0,00      0,00      0,00      0,00      0,00      0,00      0,00    100,00
17:19:43          2      0,00      0,00      0,00      0,00      0,00      0,00      0,00      0,00      0,00    100,00
17:19:43          3      0,00      0,00      0,00      0,00      0,00      0,00      0,00      0,00      0,00    100,00
17:19:43          4      0,00      0,00      0,00      0,00      0,00      0,00      0,00      0,00      0,00    100,00
17:19:43          5      0,00      0,00      0,00      0,00      0,00      0,00      0,00      0,00      0,00    100,00
17:19:43          6      0,00      0,00      0,00      0,00      0,00      0,00      0,00      0,00      0,00    100,00
17:19:43          7      0,00      0,00      0,00      0,00      0,00      0,00      0,00      0,00      0,00    100,00
17:19:43          8      0,00      0,00      0,00      0,00      0,00      0,00      0,00      0,00      0,00    100,00
17:19:43          9      0,00      0,00      0,00      0,00      0,00      0,00      0,00      0,00      0,00    100,00
17:19:43         10      0,00      0,00      0,00      0,00      0,00      0,00      0,00      0,00      0,00    100,00
17:19:43         11      0,00      0,00      0,50      0,00      0,00      0,00      0,00      0,00      0,00     99,50
17:19:43         12      0,00      0,00      0,00      0,00      0,00      0,00      0,00      0,00      0,00    100,00
17:19:43         13      0,00      0,00      0,00      0,00      0,00      0,00      0,00      0,00      0,00    100,00
17:19:43         14      0,00      0,00      0,00      0,00      0,00      0,00      0,00      0,00      0,00    100,00
17:19:43         15      0,00      0,00      0,00      0,00      0,00      0,00      0,00      0,00      0,00    100,00

17:19:41        IFACE   rxpck/s   txpck/s    rxkB/s    txkB/s   rxcmp/s   txcmp/s  rxmcst/s   %ifutil
17:19:43           lo      0,00      0,00      0,00      0,00      0,00      0,00      0,00      0,00
17:19:43         eno1      5,50      0,00      0,35      0,00      0,00      0,00      1,00      0,00
17:19:43         eno2      0,00      0,00      0,00      0,00      0,00      0,00      0,00      0,00
17:19:43      docker0      0,00      0,00      0,00      0,00      0,00      0,00      0,00      0,00
17:19:43      ens2np0      0,00      0,00      0,00      0,00      0,00      0,00      0,00      0,00
17:19:43      ens2np1      0,00      0,00      0,00      0,00      0,00      0,00      0,00      0,00

17:19:43        CPU      %usr     %nice      %sys   %iowait    %steal      %irq     %soft    %guest    %gnice     %idle
17:19:45        all      0,44      0,00      0,16      0,00      0,00      0,00      0,00      0,00      0,00     99,41
17:19:45          0      0,00      0,00      0,00      0,00      0,00      0,00      0,00      0,00      0,00    100,00
17:19:45          1      0,50      0,00      0,00      0,00      0,00      0,00      0,00      0,00      0,00     99,50
17:19:45          2      0,00      0,00      0,50      0,00      0,00      0,00      0,00      0,00      0,00     99,50
17:19:45          3      0,00      0,00      0,00      0,00      0,00      0,00      0,00      0,00      0,00    100,00
17:19:45          4      0,50      0,00      0,00      0,00      0,00      0,00      0,00      0,00      0,00     99,50
17:19:45          5      1,01      0,00      0,00      0,00      0,00      0,00      0,00      0,00      0,00     98,99
17:19:45          6      0,50      0,00      0,00      0,00      0,00      0,00      0,00      0,00      0,00     99,50
17:19:45          7      0,50      0,00      0,50      0,00      0,00      0,00      0,00      0,00      0,00     99,00
17:19:45          8      0,00      0,00      0,00      0,00      0,00      0,00      0,00      0,00      0,00    100,00
17:19:45          9      1,00      0,00      0,50      0,00      0,00      0,00      0,00      0,00      0,00     98,50
17:19:45         10      0,50      0,00      0,50      0,00      0,00      0,00      0,00      0,00      0,00     99,00
17:19:45         11      0,50      0,00      0,00      0,00      0,00      0,00      0,00      0,00      0,00     99,50
17:19:45         12      0,00      0,00      0,50      0,00      0,00      0,00      0,00      0,00      0,00     99,50
17:19:45         13      0,50      0,00      0,00      0,00      0,00      0,00      0,00      0,00      0,00     99,50
17:19:45         14      0,50      0,00      0,00      0,00      0,00      0,00      0,00      0,00      0,00     99,50
17:19:45         15      1,00      0,00      0,00      0,00      0,00      0,00      0,00      0,00      0,00     99,00

17:19:43        IFACE   rxpck/s   txpck/s    rxkB/s    txkB/s   rxcmp/s   txcmp/s  rxmcst/s   %ifutil
17:19:45           lo      0,00      0,00      0,00      0,00      0,00      0,00      0,00      0,00
17:19:45         eno1      6,00      0,00      0,38      0,00      0,00      0,00      1,00      0,00
17:19:45         eno2      0,00      0,00      0,00      0,00      0,00      0,00      0,00      0,00
17:19:45      docker0      0,00      0,00      0,00      0,00      0,00      0,00      0,00      0,00
17:19:45      ens2np0      0,00      0,00      0,00      0,00      0,00      0,00      0,00      0,00
17:19:45      ens2np1      0,00      0,00      0,00      0,00      0,00      0,00      0,00      0,00

17:19:45        CPU      %usr     %nice      %sys   %iowait    %steal      %irq     %soft    %guest    %gnice     %idle
17:19:47        all      0,00      0,00      0,03      0,00      0,00      0,00      0,00      0,00      0,00     99,97
17:19:47          0      0,00      0,00      0,00      0,00      0,00      0,00      0,00      0,00      0,00    100,00
17:19:47          1      0,00      0,00      0,00      0,00      0,00      0,00      0,00      0,00      0,00    100,00
17:19:47          2      0,00      0,00      0,00      0,00      0,00      0,00      0,00      0,00      0,00    100,00
17:19:47          3      0,00      0,00      0,00      0,00      0,00      0,00      0,00      0,00      0,00    100,00
17:19:47          4      0,00      0,00      0,50      0,00      0,00      0,00      0,00      0,00      0,00     99,50
17:19:47          5      0,00      0,00      0,00      0,00      0,00      0,00      0,00      0,00      0,00    100,00
17:19:47          6      0,00      0,00      0,00      0,00      0,00      0,00      0,00      0,00      0,00    100,00
17:19:47          7      0,00      0,00      0,00      0,00      0,00      0,00      0,00      0,00      0,00    100,00
17:19:47          8      0,00      0,00      0,00      0,00      0,00      0,00      0,00      0,00      0,00    100,00
17:19:47          9      0,00      0,00      0,00      0,00      0,00      0,00      0,00      0,00      0,00    100,00
17:19:47         10      0,00      0,00      0,00      0,00      0,00      0,00      0,00      0,00      0,00    100,00
17:19:47         11      0,00      0,00      0,00      0,00      0,00      0,00      0,00      0,00      0,00    100,00
17:19:47         12      0,00      0,00      0,00      0,00      0,00      0,00      0,00      0,00      0,00    100,00
17:19:47         13      0,00      0,00      0,00      0,00      0,00      0,00      0,00      0,00      0,00    100,00
17:19:47         14      0,00      0,00      0,00      0,00      0,00      0,00      0,00      0,00      0,00    100,00
17:19:47         15      0,00      0,00      0,00      0,00      0,00      0,00      0,00      0,00      0,00    100,00

17:19:45        IFACE   rxpck/s   txpck/s    rxkB/s    txkB/s   rxcmp/s   txcmp/s  rxmcst/s   %ifutil
17:19:47           lo      0,00      0,00      0,00      0,00      0,00      0,00      0,00      0,00
17:19:47         eno1      6,50      0,00      0,41      0,00      0,00      0,00      1,00      0,00
17:19:47         eno2      0,00      0,00      0,00      0,00      0,00      0,00      0,00      0,00
17:19:47      docker0      0,00      0,00      0,00      0,00      0,00      0,00      0,00      0,00
17:19:47      ens2np0      0,00      0,00      0,00      0,00      0,00      0,00      0,00      0,00
17:19:47      ens2np1      0,00      0,00      0,00      0,00      0,00      0,00      0,00      0,00

17:19:47        CPU      %usr     %nice      %sys   %iowait    %steal      %irq     %soft    %guest    %gnice     %idle
17:19:49        all      0,00      0,00      0,00      0,00      0,00      0,00      0,00      0,00      0,00    100,00
17:19:49          0      0,00      0,00      0,00      0,00      0,00      0,00      0,00      0,00      0,00    100,00
17:19:49          1      0,00      0,00      0,00      0,00      0,00      0,00      0,00      0,00      0,00    100,00
17:19:49          2      0,00      0,00      0,00      0,00      0,00      0,00      0,00      0,00      0,00    100,00
17:19:49          3      0,00      0,00      0,00      0,00      0,00      0,00      0,00      0,00      0,00    100,00
17:19:49          4      0,00      0,00      0,00      0,00      0,00      0,00      0,00      0,00      0,00    100,00
17:19:49          5      0,00      0,00      0,00      0,00      0,00      0,00      0,00      0,00      0,00    100,00
17:19:49          6      0,00      0,00      0,00      0,00      0,00      0,00      0,00      0,00      0,00    100,00
17:19:49          7      0,00      0,00      0,00      0,00      0,00      0,00      0,00      0,00      0,00    100,00
17:19:49          8      0,00      0,00      0,00      0,00      0,00      0,00      0,00      0,00      0,00    100,00
17:19:49          9      0,00      0,00      0,00      0,00      0,00      0,00      0,00      0,00      0,00    100,00
17:19:49         10      0,00      0,00      0,00      0,00      0,00      0,00      0,00      0,00      0,00    100,00
17:19:49         11      0,00      0,00      0,00      0,00      0,00      0,00      0,00      0,00      0,00    100,00
17:19:49         12      0,00      0,00      0,00      0,00      0,00      0,00      0,00      0,00      0,00    100,00
17:19:49         13      0,00      0,00      0,00      0,00      0,00      0,00      0,00      0,00      0,00    100,00
17:19:49         14      0,00      0,00      0,00      0,00      0,00      0,00      0,00      0,00      0,00    100,00
17:19:49         15      0,00      0,00      0,00      0,00      0,00      0,00      0,00      0,00      0,00    100,00

17:19:47        IFACE   rxpck/s   txpck/s    rxkB/s    txkB/s   rxcmp/s   txcmp/s  rxmcst/s   %ifutil
17:19:49           lo      0,00      0,00      0,00      0,00      0,00      0,00      0,00      0,00
17:19:49         eno1      7,00      1,00      0,56      0,07      0,00      0,00      1,50      0,00
17:19:49         eno2      0,00      0,00      0,00      0,00      0,00      0,00      0,00      0,00
17:19:49      docker0      0,00      0,00      0,00      0,00      0,00      0,00      0,00      0,00
17:19:49      ens2np0      0,00      0,00      0,00      0,00      0,00      0,00      0,00      0,00
17:19:49      ens2np1      0,00      0,00      0,00      0,00      0,00      0,00      0,00      0,00

17:19:49        CPU      %usr     %nice      %sys   %iowait    %steal      %irq     %soft    %guest    %gnice     %idle
17:19:51        all      0,00      0,00      0,03      0,00      0,00      0,00     14,44      0,00      0,00     85,53
17:19:51          0      0,00      0,00      0,00      0,00      0,00      0,00     58,29      0,00      0,00     41,71
17:19:51          1      0,00      0,00      0,00      0,00      0,00      0,00     58,08      0,00      0,00     41,92
17:19:51          2      0,00      0,00      0,00      0,00      0,00      0,00     58,38      0,00      0,00     41,62
17:19:51          3      0,00      0,00      0,00      0,00      0,00      0,00     58,08      0,00      0,00     41,92
17:19:51          4      0,00      0,00      0,00      0,00      0,00      0,00      0,00      0,00      0,00    100,00
17:19:51          5      0,00      0,00      0,00      0,00      0,00      0,00      0,00      0,00      0,00    100,00
17:19:51          6      0,00      0,00      0,00      0,00      0,00      0,00      0,00      0,00      0,00    100,00
17:19:51          7      0,00      0,00      0,00      0,00      0,00      0,00      0,00      0,00      0,00    100,00
17:19:51          8      0,00      0,00      0,00      0,00      0,00      0,00      0,00      0,00      0,00    100,00
17:19:51          9      0,00      0,00      0,00      0,00      0,00      0,00      0,00      0,00      0,00    100,00
17:19:51         10      0,00      0,00      0,00      0,00      0,00      0,00      0,00      0,00      0,00    100,00
17:19:51         11      0,00      0,00      0,00      0,00      0,00      0,00      0,00      0,00      0,00    100,00
17:19:51         12      0,00      0,00      0,00      0,00      0,00      0,00      0,00      0,00      0,00    100,00
17:19:51         13      0,00      0,00      0,00      0,00      0,00      0,00      0,00      0,00      0,00    100,00
17:19:51         14      0,00      0,00      0,00      0,00      0,00      0,00      0,00      0,00      0,00    100,00
17:19:51         15      0,00      0,00      0,50      0,00      0,00      0,00      0,00      0,00      0,00     99,50

17:19:49        IFACE   rxpck/s   txpck/s    rxkB/s    txkB/s   rxcmp/s   txcmp/s  rxmcst/s   %ifutil
17:19:51           lo      0,00      0,00      0,00      0,00      0,00      0,00      0,00      0,00
17:19:51         eno1      5,00      0,00      0,31      0,00      0,00      0,00      1,00      0,00
17:19:51         eno2      0,00      0,00      0,00      0,00      0,00      0,00      0,00      0,00
17:19:51      docker0      0,00      0,00      0,00      0,00      0,00      0,00      0,00      0,00
17:19:51      ens2np0 219836,00 219800,50  54100,27  54091,53      0,00      0,00      0,00      4,43
17:19:51      ens2np1      0,00      0,00      0,00      0,00      0,00      0,00      0,00      0,00

17:19:51        CPU      %usr     %nice      %sys   %iowait    %steal      %irq     %soft    %guest    %gnice     %idle
17:19:53        all      0,03      0,00      0,00      0,03      0,00      0,00     25,06      0,00      0,00     74,88
17:19:53          0      0,00      0,00      0,00      0,00      0,00      0,00    100,00      0,00      0,00      0,00
17:19:53          1      0,00      0,00      0,00      0,00      0,00      0,00    100,00      0,00      0,00      0,00
17:19:53          2      0,00      0,00      0,00      0,00      0,00      0,00    100,00      0,00      0,00      0,00
17:19:53          3      0,00      0,00      0,00      0,00      0,00      0,00    100,00      0,00      0,00      0,00
17:19:53          4      0,00      0,00      0,00      0,50      0,00      0,00      0,99      0,00      0,00     98,51
17:19:53          5      0,00      0,00      0,00      0,00      0,00      0,00      0,00      0,00      0,00    100,00
17:19:53          6      0,00      0,00      0,00      0,00      0,00      0,00      0,00      0,00      0,00    100,00
17:19:53          7      0,50      0,00      0,00      0,00      0,00      0,00      0,00      0,00      0,00     99,50
17:19:53          8      0,00      0,00      0,00      0,00      0,00      0,00      0,00      0,00      0,00    100,00
17:19:53          9      0,00      0,00      0,00      0,00      0,00      0,00      0,00      0,00      0,00    100,00
17:19:53         10      0,00      0,00      0,00      0,00      0,00      0,00      0,00      0,00      0,00    100,00
17:19:53         11      0,00      0,00      0,00      0,00      0,00      0,00      0,00      0,00      0,00    100,00
17:19:53         12      0,00      0,00      0,00      0,00      0,00      0,00      0,00      0,00      0,00    100,00
17:19:53         13      0,00      0,00      0,00      0,00      0,00      0,00      0,00      0,00      0,00    100,00
17:19:53         14      0,00      0,00      0,00      0,00      0,00      0,00      0,00      0,00      0,00    100,00
17:19:53         15      0,00      0,00      0,00      0,00      0,00      0,00      0,00      0,00      0,00    100,00

17:19:51        IFACE   rxpck/s   txpck/s    rxkB/s    txkB/s   rxcmp/s   txcmp/s  rxmcst/s   %ifutil
17:19:53           lo      0,00      0,00      0,00      0,00      0,00      0,00      0,00      0,00
17:19:53         eno1      6,50      0,00      0,41      0,00      0,00      0,00      1,00      0,00
17:19:53         eno2      0,00      0,00      0,00      0,00      0,00      0,00      0,00      0,00
17:19:53      docker0      0,00      0,00      0,00      0,00      0,00      0,00      0,00      0,00
17:19:53      ens2np0 383356,00 383329,50  94341,52  94334,99      0,00      0,00      0,00      7,73
17:19:53      ens2np1      0,00      0,00      0,00      0,00      0,00      0,00      0,00      0,00

17:19:53        CPU      %usr     %nice      %sys   %iowait    %steal      %irq     %soft    %guest    %gnice     %idle
17:19:55        all      0,13      0,00      0,06      0,00      0,00      0,00     25,04      0,00      0,00     74,77
17:19:55          0      0,00      0,00      0,00      0,00      0,00      0,00    100,00      0,00      0,00      0,00
17:19:55          1      0,00      0,00      0,00      0,00      0,00      0,00    100,00      0,00      0,00      0,00
17:19:55          2      0,00      0,00      0,00      0,00      0,00      0,00    100,00      0,00      0,00      0,00
17:19:55          3      0,00      0,00      0,00      0,00      0,00      0,00    100,00      0,00      0,00      0,00
17:19:55          4      0,00      0,00      0,00      0,00      0,00      0,00      0,00      0,00      0,00    100,00
17:19:55          5      1,00      0,00      0,50      0,00      0,00      0,00      0,00      0,00      0,00     98,50
17:19:55          6      0,00      0,00      0,00      0,00      0,00      0,00      0,00      0,00      0,00    100,00
17:19:55          7      0,00      0,00      0,00      0,00      0,00      0,00      0,00      0,00      0,00    100,00
17:19:55          8      0,50      0,00      0,00      0,00      0,00      0,00      0,00      0,00      0,00     99,50
17:19:55          9      0,00      0,00      0,00      0,00      0,00      0,00      0,00      0,00      0,00    100,00
17:19:55         10      0,00      0,00      0,00      0,00      0,00      0,00      0,00      0,00      0,00    100,00
17:19:55         11      0,00      0,00      0,00      0,00      0,00      0,00      0,00      0,00      0,00    100,00
17:19:55         12      0,00      0,00      0,50      0,00      0,00      0,00      0,00      0,00      0,00     99,50
17:19:55         13      0,50      0,00      0,00      0,00      0,00      0,00      0,00      0,00      0,00     99,50
17:19:55         14      0,00      0,00      0,00      0,00      0,00      0,00      0,00      0,00      0,00    100,00
17:19:55         15      0,00      0,00      0,00      0,00      0,00      0,00      0,00      0,00      0,00    100,00

17:19:53        IFACE   rxpck/s   txpck/s    rxkB/s    txkB/s   rxcmp/s   txcmp/s  rxmcst/s   %ifutil
17:19:55           lo      0,00      0,00      0,00      0,00      0,00      0,00      0,00      0,00
17:19:55         eno1      6,50      1,00      0,43      0,09      0,00      0,00      1,00      0,00
17:19:55         eno2      0,00      0,00      0,00      0,00      0,00      0,00      0,00      0,00
17:19:55      docker0      0,00      0,00      0,00      0,00      0,00      0,00      0,00      0,00
17:19:55      ens2np0 383144,00 383103,50  94289,34  94279,38      0,00      0,00      0,00      7,72
17:19:55      ens2np1      0,00      0,00      0,00      0,00      0,00      0,00      0,00      0,00

17:19:55        CPU      %usr     %nice      %sys   %iowait    %steal      %irq     %soft    %guest    %gnice     %idle
17:19:57        all      0,22      0,00      0,09      0,00      0,00      0,00     25,02      0,00      0,00     74,66
17:19:57          0      0,00      0,00      0,00      0,00      0,00      0,00    100,00      0,00      0,00      0,00
17:19:57          1      0,00      0,00      0,00      0,00      0,00      0,00    100,00      0,00      0,00      0,00
17:19:57          2      0,00      0,00      0,00      0,00      0,00      0,00    100,00      0,00      0,00      0,00
17:19:57          3      0,00      0,00      0,00      0,00      0,00      0,00    100,00      0,00      0,00      0,00
17:19:57          4      0,50      0,00      0,00      0,00      0,00      0,00      0,50      0,00      0,00     99,00
17:19:57          5      0,00      0,00      0,50      0,00      0,00      0,00      0,00      0,00      0,00     99,50
17:19:57          6      0,00      0,00      0,00      0,00      0,00      0,00      0,00      0,00      0,00    100,00
17:19:57          7      0,00      0,00      0,00      0,00      0,00      0,00      0,00      0,00      0,00    100,00
17:19:57          8      1,50      0,00      0,00      0,00      0,00      0,00      0,00      0,00      0,00     98,50
17:19:57          9      0,50      0,00      0,00      0,00      0,00      0,00      0,00      0,00      0,00     99,50
17:19:57         10      0,00      0,00      0,00      0,00      0,00      0,00      0,00      0,00      0,00    100,00
17:19:57         11      0,00      0,00      0,00      0,00      0,00      0,00      0,00      0,00      0,00    100,00
17:19:57         12      0,00      0,00      0,00      0,00      0,00      0,00      0,00      0,00      0,00    100,00
17:19:57         13      0,50      0,00      0,00      0,00      0,00      0,00      0,00      0,00      0,00     99,50
17:19:57         14      0,00      0,00      0,50      0,00      0,00      0,00      0,00      0,00      0,00     99,50
17:19:57         15      0,50      0,00      0,50      0,00      0,00      0,00      0,00      0,00      0,00     99,00

17:19:55        IFACE   rxpck/s   txpck/s    rxkB/s    txkB/s   rxcmp/s   txcmp/s  rxmcst/s   %ifutil
17:19:57           lo      0,00      0,00      0,00      0,00      0,00      0,00      0,00      0,00
17:19:57         eno1      6,50      0,50      0,84      0,05      0,00      0,00      1,00      0,00
17:19:57         eno2      0,00      0,00      0,00      0,00      0,00      0,00      0,00      0,00
17:19:57      docker0      0,00      0,00      0,00      0,00      0,00      0,00      0,00      0,00
17:19:57      ens2np0 382508,00 382528,00  94132,83  94137,75      0,00      0,00      0,00      7,71
17:19:57      ens2np1      0,00      0,00      0,00      0,00      0,00      0,00      0,00      0,00

17:19:57        CPU      %usr     %nice      %sys   %iowait    %steal      %irq     %soft    %guest    %gnice     %idle
17:19:59        all      0,03      0,00      0,00      0,00      0,00      0,00     25,02      0,00      0,00     74,95
17:19:59          0      0,00      0,00      0,00      0,00      0,00      0,00    100,00      0,00      0,00      0,00
17:19:59          1      0,00      0,00      0,00      0,00      0,00      0,00    100,00      0,00      0,00      0,00
17:19:59          2      0,00      0,00      0,00      0,00      0,00      0,00    100,00      0,00      0,00      0,00
17:19:59          3      0,00      0,00      0,00      0,00      0,00      0,00    100,00      0,00      0,00      0,00
17:19:59          4      0,00      0,00      0,00      0,00      0,00      0,00      0,00      0,00      0,00    100,00
17:19:59          5      0,50      0,00      0,00      0,00      0,00      0,00      0,00      0,00      0,00     99,50
17:19:59          6      0,00      0,00      0,00      0,00      0,00      0,00      0,00      0,00      0,00    100,00
17:19:59          7      0,00      0,00      0,00      0,00      0,00      0,00      0,00      0,00      0,00    100,00
17:19:59          8      0,00      0,00      0,00      0,00      0,00      0,00      0,00      0,00      0,00    100,00
17:19:59          9      0,00      0,00      0,00      0,00      0,00      0,00      0,00      0,00      0,00    100,00
17:19:59         10      0,00      0,00      0,00      0,00      0,00      0,00      0,00      0,00      0,00    100,00
17:19:59         11      0,00      0,00      0,00      0,00      0,00      0,00      0,00      0,00      0,00    100,00
17:19:59         12      0,00      0,00      0,00      0,00      0,00      0,00      0,00      0,00      0,00    100,00
17:19:59         13      0,00      0,00      0,00      0,00      0,00      0,00      0,00      0,00      0,00    100,00
17:19:59         14      0,00      0,00      0,00      0,00      0,00      0,00      0,00      0,00      0,00    100,00
17:19:59         15      0,00      0,00      0,00      0,00      0,00      0,00      0,00      0,00      0,00    100,00

17:19:57        IFACE   rxpck/s   txpck/s    rxkB/s    txkB/s   rxcmp/s   txcmp/s  rxmcst/s   %ifutil
17:19:59           lo      0,00      0,00      0,00      0,00      0,00      0,00      0,00      0,00
17:19:59         eno1      8,00      4,00      1,06      1,01      0,00      0,00      1,00      0,00
17:19:59         eno2      0,00      0,00      0,00      0,00      0,00      0,00      0,00      0,00
17:19:59      docker0      0,00      0,00      0,00      0,00      0,00      0,00      0,00      0,00
17:19:59      ens2np0 383380,00 383360,50  94347,42  94342,62      0,00      0,00      0,00      7,73
17:19:59      ens2np1      0,00      0,00      0,00      0,00      0,00      0,00      0,00      0,00

17:19:59        CPU      %usr     %nice      %sys   %iowait    %steal      %irq     %soft    %guest    %gnice     %idle
17:20:01        all      0,03      0,00      0,00      0,00      0,00      0,00     25,02      0,00      0,00     74,95
17:20:01          0      0,00      0,00      0,00      0,00      0,00      0,00    100,00      0,00      0,00      0,00
17:20:01          1      0,00      0,00      0,00      0,00      0,00      0,00    100,00      0,00      0,00      0,00
17:20:01          2      0,00      0,00      0,00      0,00      0,00      0,00    100,00      0,00      0,00      0,00
17:20:01          3      0,00      0,00      0,00      0,00      0,00      0,00    100,00      0,00      0,00      0,00
17:20:01          4      0,00      0,00      0,00      0,00      0,00      0,00      0,00      0,00      0,00    100,00
17:20:01          5      0,00      0,00      0,00      0,00      0,00      0,00      0,00      0,00      0,00    100,00
17:20:01          6      0,00      0,00      0,00      0,00      0,00      0,00      0,00      0,00      0,00    100,00
17:20:01          7      0,00      0,00      0,00      0,00      0,00      0,00      0,00      0,00      0,00    100,00
17:20:01          8      0,00      0,00      0,00      0,00      0,00      0,00      0,00      0,00      0,00    100,00
17:20:01          9      0,00      0,00      0,00      0,00      0,00      0,00      0,00      0,00      0,00    100,00
17:20:01         10      0,00      0,00      0,00      0,00      0,00      0,00      0,00      0,00      0,00    100,00
17:20:01         11      0,00      0,00      0,00      0,00      0,00      0,00      0,00      0,00      0,00    100,00
17:20:01         12      0,00      0,00      0,00      0,00      0,00      0,00      0,00      0,00      0,00    100,00
17:20:01         13      0,00      0,00      0,00      0,00      0,00      0,00      0,00      0,00      0,00    100,00
17:20:01         14      0,50      0,00      0,00      0,00      0,00      0,00      0,00      0,00      0,00     99,50
17:20:01         15      0,00      0,00      0,00      0,00      0,00      0,00      0,00      0,00      0,00    100,00

17:19:59        IFACE   rxpck/s   txpck/s    rxkB/s    txkB/s   rxcmp/s   txcmp/s  rxmcst/s   %ifutil
17:20:01           lo      0,00      0,00      0,00      0,00      0,00      0,00      0,00      0,00
17:20:01         eno1      4,50      0,50      0,33      0,03      0,00      0,00      1,00      0,00
17:20:01         eno2      0,00      0,00      0,00      0,00      0,00      0,00      0,00      0,00
17:20:01      docker0      0,00      0,00      0,00      0,00      0,00      0,00      0,00      0,00
17:20:01      ens2np0 383404,00 383423,50  94353,33  94358,13      0,00      0,00      0,00      7,73
17:20:01      ens2np1      0,00      0,00      0,00      0,00      0,00      0,00      0,00      0,00

17:20:01        CPU      %usr     %nice      %sys   %iowait    %steal      %irq     %soft    %guest    %gnice     %idle
17:20:03        all      0,00      0,00      0,03      0,03      0,00      0,00     24,99      0,00      0,00     74,95
17:20:03          0      0,00      0,00      0,00      0,00      0,00      0,00    100,00      0,00      0,00      0,00
17:20:03          1      0,00      0,00      0,00      0,00      0,00      0,00    100,00      0,00      0,00      0,00
17:20:03          2      0,00      0,00      0,00      0,00      0,00      0,00    100,00      0,00      0,00      0,00
17:20:03          3      0,00      0,00      0,00      0,00      0,00      0,00    100,00      0,00      0,00      0,00
17:20:03          4      0,00      0,00      0,00      0,50      0,00      0,00      0,00      0,00      0,00     99,50
17:20:03          5      0,00      0,00      0,50      0,00      0,00      0,00      0,00      0,00      0,00     99,50
17:20:03          6      0,00      0,00      0,00      0,00      0,00      0,00      0,00      0,00      0,00    100,00
17:20:03          7      0,00      0,00      0,00      0,00      0,00      0,00      0,00      0,00      0,00    100,00
17:20:03          8      0,00      0,00      0,00      0,00      0,00      0,00      0,00      0,00      0,00    100,00
17:20:03          9      0,00      0,00      0,00      0,00      0,00      0,00      0,00      0,00      0,00    100,00
17:20:03         10      0,00      0,00      0,00      0,00      0,00      0,00      0,00      0,00      0,00    100,00
17:20:03         11      0,00      0,00      0,00      0,00      0,00      0,00      0,00      0,00      0,00    100,00
17:20:03         12      0,00      0,00      0,00      0,00      0,00      0,00      0,00      0,00      0,00    100,00
17:20:03         13      0,00      0,00      0,00      0,00      0,00      0,00      0,00      0,00      0,00    100,00
17:20:03         14      0,00      0,00      0,00      0,00      0,00      0,00      0,00      0,00      0,00    100,00
17:20:03         15      0,00      0,00      0,00      0,00      0,00      0,00      0,00      0,00      0,00    100,00

17:20:01        IFACE   rxpck/s   txpck/s    rxkB/s    txkB/s   rxcmp/s   txcmp/s  rxmcst/s   %ifutil
17:20:03           lo      0,00      0,00      0,00      0,00      0,00      0,00      0,00      0,00
17:20:03         eno1      5,50      0,00      0,35      0,00      0,00      0,00      1,00      0,00
17:20:03         eno2      0,00      0,00      0,00      0,00      0,00      0,00      0,00      0,00
17:20:03      docker0      0,00      0,00      0,00      0,00      0,00      0,00      0,00      0,00
17:20:03      ens2np0 383444,00 383424,00  94363,17  94358,25      0,00      0,00      0,00      7,73
17:20:03      ens2np1      0,00      0,00      0,00      0,00      0,00      0,00      0,00      0,00

17:20:03        CPU      %usr     %nice      %sys   %iowait    %steal      %irq     %soft    %guest    %gnice     %idle
17:20:05        all      0,00      0,00      0,00      0,00      0,00      0,00     25,05      0,00      0,00     74,95
17:20:05          0      0,00      0,00      0,00      0,00      0,00      0,00    100,00      0,00      0,00      0,00
17:20:05          1      0,00      0,00      0,00      0,00      0,00      0,00    100,00      0,00      0,00      0,00
17:20:05          2      0,00      0,00      0,00      0,00      0,00      0,00    100,00      0,00      0,00      0,00
17:20:05          3      0,00      0,00      0,00      0,00      0,00      0,00    100,00      0,00      0,00      0,00
17:20:05          4      0,00      0,00      0,00      0,00      0,00      0,00      0,50      0,00      0,00     99,50
17:20:05          5      0,00      0,00      0,00      0,00      0,00      0,00      0,00      0,00      0,00    100,00
17:20:05          6      0,00      0,00      0,00      0,00      0,00      0,00      0,00      0,00      0,00    100,00
17:20:05          7      0,00      0,00      0,00      0,00      0,00      0,00      0,00      0,00      0,00    100,00
17:20:05          8      0,00      0,00      0,00      0,00      0,00      0,00      0,00      0,00      0,00    100,00
17:20:05          9      0,00      0,00      0,00      0,00      0,00      0,00      0,00      0,00      0,00    100,00
17:20:05         10      0,00      0,00      0,00      0,00      0,00      0,00      0,00      0,00      0,00    100,00
17:20:05         11      0,00      0,00      0,00      0,00      0,00      0,00      0,00      0,00      0,00    100,00
17:20:05         12      0,00      0,00      0,00      0,00      0,00      0,00      0,00      0,00      0,00    100,00
17:20:05         13      0,00      0,00      0,00      0,00      0,00      0,00      0,00      0,00      0,00    100,00
17:20:05         14      0,00      0,00      0,00      0,00      0,00      0,00      0,00      0,00      0,00    100,00
17:20:05         15      0,00      0,00      0,00      0,00      0,00      0,00      0,00      0,00      0,00    100,00

17:20:03        IFACE   rxpck/s   txpck/s    rxkB/s    txkB/s   rxcmp/s   txcmp/s  rxmcst/s   %ifutil
17:20:05           lo      0,00      0,00      0,00      0,00      0,00      0,00      0,00      0,00
17:20:05         eno1      5,00      1,50      0,36      0,18      0,00      0,00      1,00      0,00
17:20:05         eno2      0,00      0,00      0,00      0,00      0,00      0,00      0,00      0,00
17:20:05      docker0      0,00      0,00      0,00      0,00      0,00      0,00      0,00      0,00
17:20:05      ens2np0 383472,00 383488,00  94370,06  94374,00      0,00      0,00      0,00      7,73
17:20:05      ens2np1      0,00      0,00      0,00      0,00      0,00      0,00      0,00      0,00

17:20:05        CPU      %usr     %nice      %sys   %iowait    %steal      %irq     %soft    %guest    %gnice     %idle
17:20:07        all      0,53      0,00      0,16      0,00      0,00      0,00     24,98      0,00      0,00     74,33
17:20:07          0      0,00      0,00      0,00      0,00      0,00      0,00    100,00      0,00      0,00      0,00
17:20:07          1      0,00      0,00      0,00      0,00      0,00      0,00    100,00      0,00      0,00      0,00
17:20:07          2      0,00      0,00      0,00      0,00      0,00      0,00    100,00      0,00      0,00      0,00
17:20:07          3      0,00      0,00      0,00      0,00      0,00      0,00    100,00      0,00      0,00      0,00
17:20:07          4      0,50      0,00      0,50      0,00      0,00      0,00      0,50      0,00      0,00     98,50
17:20:07          5      0,50      0,00      0,50      0,00      0,00      0,00      0,00      0,00      0,00     99,00
17:20:07          6      0,99      0,00      0,50      0,00      0,00      0,00      0,00      0,00      0,00     98,51
17:20:07          7      0,50      0,00      0,50      0,00      0,00      0,00      0,00      0,00      0,00     99,00
17:20:07          8      0,50      0,00      0,00      0,00      0,00      0,00      0,00      0,00      0,00     99,50
17:20:07          9      0,50      0,00      0,00      0,00      0,00      0,00      0,00      0,00      0,00     99,50
17:20:07         10      0,50      0,00      0,00      0,00      0,00      0,00      0,00      0,00      0,00     99,50
17:20:07         11      0,50      0,00      0,00      0,00      0,00      0,00      0,00      0,00      0,00     99,50
17:20:07         12      0,50      0,00      0,50      0,00      0,00      0,00      0,00      0,00      0,00     99,00
17:20:07         13      1,00      0,00      0,00      0,00      0,00      0,00      0,00      0,00      0,00     99,00
17:20:07         14      1,01      0,00      0,00      0,00      0,00      0,00      0,00      0,00      0,00     98,99
17:20:07         15      1,50      0,00      0,00      0,00      0,00      0,00      0,00      0,00      0,00     98,50

17:20:05        IFACE   rxpck/s   txpck/s    rxkB/s    txkB/s   rxcmp/s   txcmp/s  rxmcst/s   %ifutil
17:20:07           lo      0,00      0,00      0,00      0,00      0,00      0,00      0,00      0,00
17:20:07         eno1      6,00      0,50      0,38      0,07      0,00      0,00      1,50      0,00
17:20:07         eno2      0,00      0,00      0,00      0,00      0,00      0,00      0,00      0,00
17:20:07      docker0      0,00      0,00      0,00      0,00      0,00      0,00      0,00      0,00
17:20:07      ens2np0 382772,00 382784,50  94197,80  94200,87      0,00      0,00      0,00      7,72
17:20:07      ens2np1      0,00      0,00      0,00      0,00      0,00      0,00      0,00      0,00

17:20:07        CPU      %usr     %nice      %sys   %iowait    %steal      %irq     %soft    %guest    %gnice     %idle
17:20:09        all      0,00      0,00      0,03      0,00      0,00      0,00     25,00      0,00      0,00     74,97
17:20:09          0      0,00      0,00      0,00      0,00      0,00      0,00    100,00      0,00      0,00      0,00
17:20:09          1      0,00      0,00      0,00      0,00      0,00      0,00    100,00      0,00      0,00      0,00
17:20:09          2      0,00      0,00      0,00      0,00      0,00      0,00    100,00      0,00      0,00      0,00
17:20:09          3      0,00      0,00      0,00      0,00      0,00      0,00    100,00      0,00      0,00      0,00
17:20:09          4      0,00      0,00      0,00      0,00      0,00      0,00      0,00      0,00      0,00    100,00
17:20:09          5      0,00      0,00      0,50      0,00      0,00      0,00      0,00      0,00      0,00     99,50
17:20:09          6      0,00      0,00      0,00      0,00      0,00      0,00      0,00      0,00      0,00    100,00
17:20:09          7      0,00      0,00      0,00      0,00      0,00      0,00      0,00      0,00      0,00    100,00
17:20:09          8      0,00      0,00      0,00      0,00      0,00      0,00      0,00      0,00      0,00    100,00
17:20:09          9      0,00      0,00      0,00      0,00      0,00      0,00      0,00      0,00      0,00    100,00
17:20:09         10      0,00      0,00      0,00      0,00      0,00      0,00      0,00      0,00      0,00    100,00
17:20:09         11      0,00      0,00      0,00      0,00      0,00      0,00      0,00      0,00      0,00    100,00
17:20:09         12      0,00      0,00      0,00      0,00      0,00      0,00      0,00      0,00      0,00    100,00
17:20:09         13      0,00      0,00      0,00      0,00      0,00      0,00      0,00      0,00      0,00    100,00
17:20:09         14      0,00      0,00      0,00      0,00      0,00      0,00      0,00      0,00      0,00    100,00
17:20:09         15      0,00      0,00      0,00      0,00      0,00      0,00      0,00      0,00      0,00    100,00

17:20:07        IFACE   rxpck/s   txpck/s    rxkB/s    txkB/s   rxcmp/s   txcmp/s  rxmcst/s   %ifutil
17:20:09           lo      0,00      0,00      0,00      0,00      0,00      0,00      0,00      0,00
17:20:09         eno1      6,00      1,00      0,44      0,11      0,00      0,00      1,00      0,00
17:20:09         eno2      0,00      0,00      0,00      0,00      0,00      0,00      0,00      0,00
17:20:09      docker0      0,00      0,00      0,00      0,00      0,00      0,00      0,00      0,00
17:20:09      ens2np0 383348,00 383359,00  94339,55  94342,25      0,00      0,00      0,00      7,73
17:20:09      ens2np1      0,00      0,00      0,00      0,00      0,00      0,00      0,00      0,00

17:20:09        CPU      %usr     %nice      %sys   %iowait    %steal      %irq     %soft    %guest    %gnice     %idle
17:20:11        all      0,06      0,00      0,00      0,00      0,00      0,00     25,01      0,00      0,00     74,93
17:20:11          0      0,00      0,00      0,00      0,00      0,00      0,00    100,00      0,00      0,00      0,00
17:20:11          1      0,00      0,00      0,00      0,00      0,00      0,00    100,00      0,00      0,00      0,00
17:20:11          2      0,00      0,00      0,00      0,00      0,00      0,00    100,00      0,00      0,00      0,00
17:20:11          3      0,00      0,00      0,00      0,00      0,00      0,00    100,00      0,00      0,00      0,00
17:20:11          4      0,00      0,00      0,00      0,00      0,00      0,00      0,00      0,00      0,00    100,00
17:20:11          5      0,00      0,00      0,00      0,00      0,00      0,00      0,00      0,00      0,00    100,00
17:20:11          6      0,00      0,00      0,00      0,00      0,00      0,00      0,00      0,00      0,00    100,00
17:20:11          7      0,00      0,00      0,00      0,00      0,00      0,00      0,00      0,00      0,00    100,00
17:20:11          8      0,00      0,00      0,00      0,00      0,00      0,00      0,00      0,00      0,00    100,00
17:20:11          9      0,00      0,00      0,00      0,00      0,00      0,00      0,00      0,00      0,00    100,00
17:20:11         10      0,00      0,00      0,00      0,00      0,00      0,00      0,00      0,00      0,00    100,00
17:20:11         11      0,00      0,00      0,00      0,00      0,00      0,00      0,00      0,00      0,00    100,00
17:20:11         12      0,00      0,00      0,00      0,00      0,00      0,00      0,00      0,00      0,00    100,00
17:20:11         13      1,00      0,00      0,00      0,00      0,00      0,00      0,00      0,00      0,00     99,00
17:20:11         14      0,00      0,00      0,00      0,00      0,00      0,00      0,00      0,00      0,00    100,00
17:20:11         15      0,00      0,00      0,00      0,00      0,00      0,00      0,00      0,00      0,00    100,00

17:20:09        IFACE   rxpck/s   txpck/s    rxkB/s    txkB/s   rxcmp/s   txcmp/s  rxmcst/s   %ifutil
17:20:11           lo      0,00      0,00      0,00      0,00      0,00      0,00      0,00      0,00
17:20:11         eno1      5,50      0,00      0,35      0,00      0,00      0,00      1,00      0,00
17:20:11         eno2      0,00      0,00      0,00      0,00      0,00      0,00      0,00      0,00
17:20:11      docker0      0,00      0,00      0,00      0,00      0,00      0,00      0,00      0,00
17:20:11      ens2np0 383392,00 383392,00  94350,38  94350,38      0,00      0,00      0,00      7,73
17:20:11      ens2np1      0,00      0,00      0,00      0,00      0,00      0,00      0,00      0,00

17:20:11        CPU      %usr     %nice      %sys   %iowait    %steal      %irq     %soft    %guest    %gnice     %idle
17:20:13        all      0,03      0,00      0,03      0,00      0,00      0,00     25,02      0,00      0,00     74,92
17:20:13          0      0,00      0,00      0,00      0,00      0,00      0,00    100,00      0,00      0,00      0,00
17:20:13          1      0,00      0,00      0,00      0,00      0,00      0,00    100,00      0,00      0,00      0,00
17:20:13          2      0,00      0,00      0,00      0,00      0,00      0,00    100,00      0,00      0,00      0,00
17:20:13          3      0,00      0,00      0,00      0,00      0,00      0,00    100,00      0,00      0,00      0,00
17:20:13          4      0,50      0,00      0,00      0,00      0,00      0,00      0,00      0,00      0,00     99,50
17:20:13          5      0,00      0,00      0,50      0,00      0,00      0,00      0,00      0,00      0,00     99,50
17:20:13          6      0,00      0,00      0,00      0,00      0,00      0,00      0,00      0,00      0,00    100,00
17:20:13          7      0,00      0,00      0,00      0,00      0,00      0,00      0,00      0,00      0,00    100,00
17:20:13          8      0,00      0,00      0,00      0,00      0,00      0,00      0,00      0,00      0,00    100,00
17:20:13          9      0,00      0,00      0,00      0,00      0,00      0,00      0,00      0,00      0,00    100,00
17:20:13         10      0,00      0,00      0,00      0,00      0,00      0,00      0,00      0,00      0,00    100,00
17:20:13         11      0,00      0,00      0,00      0,00      0,00      0,00      0,00      0,00      0,00    100,00
17:20:13         12      0,00      0,00      0,00      0,00      0,00      0,00      0,00      0,00      0,00    100,00
17:20:13         13      0,00      0,00      0,00      0,00      0,00      0,00      0,00      0,00      0,00    100,00
17:20:13         14      0,00      0,00      0,00      0,00      0,00      0,00      0,00      0,00      0,00    100,00
17:20:13         15      0,00      0,00      0,00      0,00      0,00      0,00      0,00      0,00      0,00    100,00

17:20:11        IFACE   rxpck/s   txpck/s    rxkB/s    txkB/s   rxcmp/s   txcmp/s  rxmcst/s   %ifutil
17:20:13           lo      0,00      0,00      0,00      0,00      0,00      0,00      0,00      0,00
17:20:13         eno1      6,50      2,00      0,45      0,18      0,00      0,00      1,00      0,00
17:20:13         eno2      0,00      0,00      0,00      0,00      0,00      0,00      0,00      0,00
17:20:13      docker0      0,00      0,00      0,00      0,00      0,00      0,00      0,00      0,00
17:20:13      ens2np0 383496,50 383489,00  94376,09  94374,25      0,00      0,00      0,00      7,73
17:20:13      ens2np1      0,00      0,00      0,00      0,00      0,00      0,00      0,00      0,00

17:20:13        CPU      %usr     %nice      %sys   %iowait    %steal      %irq     %soft    %guest    %gnice     %idle
17:20:15        all      0,06      0,00      0,00      0,00      0,00      0,00     25,01      0,00      0,00     74,93
17:20:15          0      0,00      0,00      0,00      0,00      0,00      0,00    100,00      0,00      0,00      0,00
17:20:15          1      0,00      0,00      0,00      0,00      0,00      0,00    100,00      0,00      0,00      0,00
17:20:15          2      0,00      0,00      0,00      0,00      0,00      0,00    100,00      0,00      0,00      0,00
17:20:15          3      0,00      0,00      0,00      0,00      0,00      0,00    100,00      0,00      0,00      0,00
17:20:15          4      0,00      0,00      0,00      0,00      0,00      0,00      0,00      0,00      0,00    100,00
17:20:15          5      1,00      0,00      0,00      0,00      0,00      0,00      0,00      0,00      0,00     99,00
17:20:15          6      0,00      0,00      0,00      0,00      0,00      0,00      0,00      0,00      0,00    100,00
17:20:15          7      0,00      0,00      0,00      0,00      0,00      0,00      0,00      0,00      0,00    100,00
17:20:15          8      0,00      0,00      0,00      0,00      0,00      0,00      0,00      0,00      0,00    100,00
17:20:15          9      0,00      0,00      0,00      0,00      0,00      0,00      0,00      0,00      0,00    100,00
17:20:15         10      0,00      0,00      0,00      0,00      0,00      0,00      0,00      0,00      0,00    100,00
17:20:15         11      0,00      0,00      0,00      0,00      0,00      0,00      0,00      0,00      0,00    100,00
17:20:15         12      0,00      0,00      0,00      0,00      0,00      0,00      0,00      0,00      0,00    100,00
17:20:15         13      0,00      0,00      0,00      0,00      0,00      0,00      0,00      0,00      0,00    100,00
17:20:15         14      0,00      0,00      0,00      0,00      0,00      0,00      0,00      0,00      0,00    100,00
17:20:15         15      0,00      0,00      0,00      0,00      0,00      0,00      0,00      0,00      0,00    100,00

17:20:13        IFACE   rxpck/s   txpck/s    rxkB/s    txkB/s   rxcmp/s   txcmp/s  rxmcst/s   %ifutil
17:20:15           lo      0,00      0,00      0,00      0,00      0,00      0,00      0,00      0,00
17:20:15         eno1      6,00      1,50      0,40      0,13      0,00      0,00      1,00      0,00
17:20:15         eno2      0,00      0,00      0,00      0,00      0,00      0,00      0,00      0,00
17:20:15      docker0      0,00      0,00      0,00      0,00      0,00      0,00      0,00      0,00
17:20:15      ens2np0 383479,50 383455,50  94371,91  94366,00      0,00      0,00      0,00      7,73
17:20:15      ens2np1      0,00      0,00      0,00      0,00      0,00      0,00      0,00      0,00

17:20:15        CPU      %usr     %nice      %sys   %iowait    %steal      %irq     %soft    %guest    %gnice     %idle
17:20:17        all      0,59      0,00      0,19      0,00      0,00      0,00     25,02      0,00      0,00     74,20
17:20:17          0      0,00      0,00      0,00      0,00      0,00      0,00    100,00      0,00      0,00      0,00
17:20:17          1      0,00      0,00      0,00      0,00      0,00      0,00    100,00      0,00      0,00      0,00
17:20:17          2      0,00      0,00      0,00      0,00      0,00      0,00    100,00      0,00      0,00      0,00
17:20:17          3      0,00      0,00      0,00      0,00      0,00      0,00    100,00      0,00      0,00      0,00
17:20:17          4      1,48      0,00      0,49      0,00      0,00      0,00      0,99      0,00      0,00     97,04
17:20:17          5      1,00      0,00      0,50      0,00      0,00      0,00      0,00      0,00      0,00     98,50
17:20:17          6      0,50      0,00      0,00      0,00      0,00      0,00      0,50      0,00      0,00     99,00
17:20:17          7      1,00      0,00      0,00      0,00      0,00      0,00      0,00      0,00      0,00     99,00
17:20:17          8      0,50      0,00      0,00      0,00      0,00      0,00      0,00      0,00      0,00     99,50
17:20:17          9      0,50      0,00      0,00      0,00      0,00      0,00      0,00      0,00      0,00     99,50
17:20:17         10      0,50      0,00      0,50      0,00      0,00      0,00      0,00      0,00      0,00     99,00
17:20:17         11      0,50      0,00      0,00      0,00      0,00      0,00      0,00      0,00      0,00     99,50
17:20:17         12      1,00      0,00      0,50      0,00      0,00      0,00      0,00      0,00      0,00     98,51
17:20:17         13      0,50      0,00      0,00      0,00      0,00      0,00      0,00      0,00      0,00     99,50
17:20:17         14      0,50      0,00      0,50      0,00      0,00      0,00      0,00      0,00      0,00     99,00
17:20:17         15      1,50      0,00      0,50      0,00      0,00      0,00      0,00      0,00      0,00     98,00

17:20:15        IFACE   rxpck/s   txpck/s    rxkB/s    txkB/s   rxcmp/s   txcmp/s  rxmcst/s   %ifutil
17:20:17           lo      0,00      0,00      0,00      0,00      0,00      0,00      0,00      0,00
17:20:17         eno1      6,50      0,50      0,89      0,03      0,00      0,00      1,50      0,00
17:20:17         eno2      0,00      0,00      0,00      0,00      0,00      0,00      0,00      0,00
17:20:17      docker0      0,00      0,00      0,00      0,00      0,00      0,00      0,00      0,00
17:20:17      ens2np0 382712,00 382751,50  94183,03  94192,75      0,00      0,00      0,00      7,72
17:20:17      ens2np1      0,00      0,00      0,00      0,00      0,00      0,00      0,00      0,00

17:20:17        CPU      %usr     %nice      %sys   %iowait    %steal      %irq     %soft    %guest    %gnice     %idle
17:20:19        all      0,00      0,00      0,00      0,03      0,00      0,00     25,02      0,00      0,00     74,95
17:20:19          0      0,00      0,00      0,00      0,00      0,00      0,00    100,00      0,00      0,00      0,00
17:20:19          1      0,00      0,00      0,00      0,00      0,00      0,00    100,00      0,00      0,00      0,00
17:20:19          2      0,00      0,00      0,00      0,00      0,00      0,00    100,00      0,00      0,00      0,00
17:20:19          3      0,00      0,00      0,00      0,00      0,00      0,00    100,00      0,00      0,00      0,00
17:20:19          4      0,00      0,00      0,00      0,50      0,00      0,00      0,50      0,00      0,00     99,00
17:20:19          5      0,00      0,00      0,00      0,00      0,00      0,00      0,00      0,00      0,00    100,00
17:20:19          6      0,00      0,00      0,00      0,00      0,00      0,00      0,00      0,00      0,00    100,00
17:20:19          7      0,00      0,00      0,00      0,00      0,00      0,00      0,00      0,00      0,00    100,00
17:20:19          8      0,00      0,00      0,00      0,00      0,00      0,00      0,00      0,00      0,00    100,00
17:20:19          9      0,00      0,00      0,00      0,00      0,00      0,00      0,00      0,00      0,00    100,00
17:20:19         10      0,00      0,00      0,00      0,00      0,00      0,00      0,00      0,00      0,00    100,00
17:20:19         11      0,00      0,00      0,00      0,00      0,00      0,00      0,00      0,00      0,00    100,00
17:20:19         12      0,00      0,00      0,00      0,00      0,00      0,00      0,00      0,00      0,00    100,00
17:20:19         13      0,00      0,00      0,00      0,00      0,00      0,00      0,00      0,00      0,00    100,00
17:20:19         14      0,00      0,00      0,00      0,00      0,00      0,00      0,00      0,00      0,00    100,00
17:20:19         15      0,00      0,00      0,00      0,00      0,00      0,00      0,00      0,00      0,00    100,00

17:20:17        IFACE   rxpck/s   txpck/s    rxkB/s    txkB/s   rxcmp/s   txcmp/s  rxmcst/s   %ifutil
17:20:19           lo      0,00      0,00      0,00      0,00      0,00      0,00      0,00      0,00
17:20:19         eno1      5,00      0,00      0,31      0,00      0,00      0,00      1,50      0,00
17:20:19         eno2      0,00      0,00      0,00      0,00      0,00      0,00      0,00      0,00
17:20:19      docker0      0,00      0,00      0,00      0,00      0,00      0,00      0,00      0,00
17:20:19      ens2np0 383336,00 383296,00  94336,59  94326,75      0,00      0,00      0,00      7,73
17:20:19      ens2np1      0,00      0,00      0,00      0,00      0,00      0,00      0,00      0,00

17:20:19        CPU      %usr     %nice      %sys   %iowait    %steal      %irq     %soft    %guest    %gnice     %idle
17:20:21        all      0,00      0,00      0,03      0,00      0,00      0,00     25,02      0,00      0,00     74,95
17:20:21          0      0,00      0,00      0,00      0,00      0,00      0,00    100,00      0,00      0,00      0,00
17:20:21          1      0,00      0,00      0,00      0,00      0,00      0,00    100,00      0,00      0,00      0,00
17:20:21          2      0,00      0,00      0,00      0,00      0,00      0,00    100,00      0,00      0,00      0,00
17:20:21          3      0,00      0,00      0,00      0,00      0,00      0,00    100,00      0,00      0,00      0,00
17:20:21          4      0,00      0,00      0,00      0,00      0,00      0,00      0,00      0,00      0,00    100,00
17:20:21          5      0,00      0,00      0,50      0,00      0,00      0,00      0,00      0,00      0,00     99,50
17:20:21          6      0,00      0,00      0,00      0,00      0,00      0,00      0,00      0,00      0,00    100,00
17:20:21          7      0,00      0,00      0,00      0,00      0,00      0,00      0,00      0,00      0,00    100,00
17:20:21          8      0,00      0,00      0,00      0,00      0,00      0,00      0,00      0,00      0,00    100,00
17:20:21          9      0,00      0,00      0,00      0,00      0,00      0,00      0,00      0,00      0,00    100,00
17:20:21         10      0,00      0,00      0,00      0,00      0,00      0,00      0,00      0,00      0,00    100,00
17:20:21         11      0,00      0,00      0,00      0,00      0,00      0,00      0,00      0,00      0,00    100,00
17:20:21         12      0,00      0,00      0,00      0,00      0,00      0,00      0,00      0,00      0,00    100,00
17:20:21         13      0,00      0,00      0,00      0,00      0,00      0,00      0,00      0,00      0,00    100,00
17:20:21         14      0,00      0,00      0,00      0,00      0,00      0,00      0,00      0,00      0,00    100,00
17:20:21         15      0,00      0,00      0,00      0,00      0,00      0,00      0,00      0,00      0,00    100,00

17:20:19        IFACE   rxpck/s   txpck/s    rxkB/s    txkB/s   rxcmp/s   txcmp/s  rxmcst/s   %ifutil
17:20:21           lo      0,00      0,00      0,00      0,00      0,00      0,00      0,00      0,00
17:20:21         eno1      7,00      0,50      0,46      0,03      0,00      0,00      1,00      0,00
17:20:21         eno2      0,00      0,00      0,00      0,00      0,00      0,00      0,00      0,00
17:20:21      docker0      0,00      0,00      0,00      0,00      0,00      0,00      0,00      0,00
17:20:21      ens2np0 383308,00 383328,50  94329,70  94334,75      0,00      0,00      0,00      7,73
17:20:21      ens2np1      0,00      0,00      0,00      0,00      0,00      0,00      0,00      0,00

17:20:21        CPU      %usr     %nice      %sys   %iowait    %steal      %irq     %soft    %guest    %gnice     %idle
17:20:23        all      0,00      0,00      0,00      0,00      0,00      0,00     25,01      0,00      0,00     74,99
17:20:23          0      0,00      0,00      0,00      0,00      0,00      0,00    100,00      0,00      0,00      0,00
17:20:23          1      0,00      0,00      0,00      0,00      0,00      0,00    100,00      0,00      0,00      0,00
17:20:23          2      0,00      0,00      0,00      0,00      0,00      0,00    100,00      0,00      0,00      0,00
17:20:23          3      0,00      0,00      0,00      0,00      0,00      0,00    100,00      0,00      0,00      0,00
17:20:23          4      0,00      0,00      0,00      0,00      0,00      0,00      0,00      0,00      0,00    100,00
17:20:23          5      0,00      0,00      0,00      0,00      0,00      0,00      0,00      0,00      0,00    100,00
17:20:23          6      0,00      0,00      0,00      0,00      0,00      0,00      0,00      0,00      0,00    100,00
17:20:23          7      0,00      0,00      0,00      0,00      0,00      0,00      0,00      0,00      0,00    100,00
17:20:23          8      0,00      0,00      0,00      0,00      0,00      0,00      0,00      0,00      0,00    100,00
17:20:23          9      0,00      0,00      0,00      0,00      0,00      0,00      0,00      0,00      0,00    100,00
17:20:23         10      0,00      0,00      0,00      0,00      0,00      0,00      0,00      0,00      0,00    100,00
17:20:23         11      0,00      0,00      0,00      0,00      0,00      0,00      0,00      0,00      0,00    100,00
17:20:23         12      0,00      0,00      0,00      0,00      0,00      0,00      0,00      0,00      0,00    100,00
17:20:23         13      0,00      0,00      0,00      0,00      0,00      0,00      0,00      0,00      0,00    100,00
17:20:23         14      0,00      0,00      0,00      0,00      0,00      0,00      0,00      0,00      0,00    100,00
17:20:23         15      0,00      0,00      0,00      0,00      0,00      0,00      0,00      0,00      0,00    100,00

17:20:21        IFACE   rxpck/s   txpck/s    rxkB/s    txkB/s   rxcmp/s   txcmp/s  rxmcst/s   %ifutil
17:20:23           lo      0,00      0,00      0,00      0,00      0,00      0,00      0,00      0,00
17:20:23         eno1      3,50      0,00      0,22      0,00      0,00      0,00      1,00      0,00
17:20:23         eno2      0,00      0,00      0,00      0,00      0,00      0,00      0,00      0,00
17:20:23      docker0      0,00      0,00      0,00      0,00      0,00      0,00      0,00      0,00
17:20:23      ens2np0 383316,00 383327,50  94331,67  94334,50      0,00      0,00      0,00      7,73
17:20:23      ens2np1      0,00      0,00      0,00      0,00      0,00      0,00      0,00      0,00

17:20:23        CPU      %usr     %nice      %sys   %iowait    %steal      %irq     %soft    %guest    %gnice     %idle
17:20:25        all      0,00      0,00      0,00      0,00      0,00      0,00     25,02      0,00      0,00     74,98
17:20:25          0      0,00      0,00      0,00      0,00      0,00      0,00    100,00      0,00      0,00      0,00
17:20:25          1      0,00      0,00      0,00      0,00      0,00      0,00    100,00      0,00      0,00      0,00
17:20:25          2      0,00      0,00      0,00      0,00      0,00      0,00    100,00      0,00      0,00      0,00
17:20:25          3      0,00      0,00      0,00      0,00      0,00      0,00    100,00      0,00      0,00      0,00
17:20:25          4      0,00      0,00      0,00      0,00      0,00      0,00      0,00      0,00      0,00    100,00
17:20:25          5      0,00      0,00      0,00      0,00      0,00      0,00      0,00      0,00      0,00    100,00
17:20:25          6      0,00      0,00      0,00      0,00      0,00      0,00      0,00      0,00      0,00    100,00
17:20:25          7      0,00      0,00      0,00      0,00      0,00      0,00      0,00      0,00      0,00    100,00
17:20:25          8      0,00      0,00      0,00      0,00      0,00      0,00      0,00      0,00      0,00    100,00
17:20:25          9      0,00      0,00      0,00      0,00      0,00      0,00      0,00      0,00      0,00    100,00
17:20:25         10      0,00      0,00      0,00      0,00      0,00      0,00      0,00      0,00      0,00    100,00
17:20:25         11      0,00      0,00      0,00      0,00      0,00      0,00      0,00      0,00      0,00    100,00
17:20:25         12      0,00      0,00      0,00      0,00      0,00      0,00      0,00      0,00      0,00    100,00
17:20:25         13      0,00      0,00      0,00      0,00      0,00      0,00      0,00      0,00      0,00    100,00
17:20:25         14      0,00      0,00      0,00      0,00      0,00      0,00      0,00      0,00      0,00    100,00
17:20:25         15      0,00      0,00      0,00      0,00      0,00      0,00      0,00      0,00      0,00    100,00

17:20:23        IFACE   rxpck/s   txpck/s    rxkB/s    txkB/s   rxcmp/s   txcmp/s  rxmcst/s   %ifutil
17:20:25           lo      0,00      0,00      0,00      0,00      0,00      0,00      0,00      0,00
17:20:25         eno1      4,50      0,00      0,28      0,00      0,00      0,00      1,00      0,00
17:20:25         eno2      0,00      0,00      0,00      0,00      0,00      0,00      0,00      0,00
17:20:25      docker0      0,00      0,00      0,00      0,00      0,00      0,00      0,00      0,00
17:20:25      ens2np0 383320,00 383327,50  94332,66  94334,50      0,00      0,00      0,00      7,73
17:20:25      ens2np1      0,00      0,00      0,00      0,00      0,00      0,00      0,00      0,00

17:20:25        CPU      %usr     %nice      %sys   %iowait    %steal      %irq     %soft    %guest    %gnice     %idle
17:20:27        all      0,59      0,00      0,12      0,00      0,00      0,00     24,98      0,00      0,00     74,30
17:20:27          0      0,00      0,00      0,00      0,00      0,00      0,00    100,00      0,00      0,00      0,00
17:20:27          1      0,00      0,00      0,00      0,00      0,00      0,00    100,00      0,00      0,00      0,00
17:20:27          2      0,00      0,00      0,00      0,00      0,00      0,00    100,00      0,00      0,00      0,00
17:20:27          3      0,00      0,00      0,00      0,00      0,00      0,00    100,00      0,00      0,00      0,00
17:20:27          4      0,50      0,00      0,00      0,00      0,00      0,00      0,50      0,00      0,00     99,00
17:20:27          5      1,00      0,00      0,50      0,00      0,00      0,00      0,00      0,00      0,00     98,51
17:20:27          6      1,01      0,00      0,00      0,00      0,00      0,00      0,00      0,00      0,00     98,99
17:20:27          7      0,50      0,00      0,50      0,00      0,00      0,00      0,00      0,00      0,00     99,00
17:20:27          8      0,50      0,00      0,00      0,00      0,00      0,00      0,00      0,00      0,00     99,50
17:20:27          9      1,00      0,00      0,00      0,00      0,00      0,00      0,00      0,00      0,00     99,00
17:20:27         10      0,50      0,00      0,00      0,00      0,00      0,00      0,00      0,00      0,00     99,50
17:20:27         11      0,50      0,00      0,00      0,00      0,00      0,00      0,00      0,00      0,00     99,50
17:20:27         12      1,50      0,00      0,50      0,00      0,00      0,00      0,00      0,00      0,00     98,00
17:20:27         13      0,99      0,00      0,50      0,00      0,00      0,00      0,00      0,00      0,00     98,51
17:20:27         14      0,50      0,00      0,00      0,00      0,00      0,00      0,00      0,00      0,00     99,50
17:20:27         15      1,01      0,00      0,00      0,00      0,00      0,00      0,00      0,00      0,00     98,99

17:20:25        IFACE   rxpck/s   txpck/s    rxkB/s    txkB/s   rxcmp/s   txcmp/s  rxmcst/s   %ifutil
17:20:27           lo      0,00      0,00      0,00      0,00      0,00      0,00      0,00      0,00
17:20:27         eno1      5,50      0,00      0,35      0,00      0,00      0,00      1,00      0,00
17:20:27         eno2      0,00      0,00      0,00      0,00      0,00      0,00      0,00      0,00
17:20:27      docker0      0,00      0,00      0,00      0,00      0,00      0,00      0,00      0,00
17:20:27      ens2np0 382768,00 382752,50  94196,81  94193,00      0,00      0,00      0,00      7,72
17:20:27      ens2np1      0,00      0,00      0,00      0,00      0,00      0,00      0,00      0,00

17:20:27        CPU      %usr     %nice      %sys   %iowait    %steal      %irq     %soft    %guest    %gnice     %idle
17:20:29        all      0,00      0,00      0,03      0,00      0,00      0,00     25,02      0,00      0,00     74,95
17:20:29          0      0,00      0,00      0,00      0,00      0,00      0,00    100,00      0,00      0,00      0,00
17:20:29          1      0,00      0,00      0,00      0,00      0,00      0,00    100,00      0,00      0,00      0,00
17:20:29          2      0,00      0,00      0,00      0,00      0,00      0,00    100,00      0,00      0,00      0,00
17:20:29          3      0,00      0,00      0,00      0,00      0,00      0,00    100,00      0,00      0,00      0,00
17:20:29          4      0,00      0,00      0,00      0,00      0,00      0,00      0,50      0,00      0,00     99,50
17:20:29          5      0,00      0,00      0,00      0,00      0,00      0,00      0,00      0,00      0,00    100,00
17:20:29          6      0,00      0,00      0,00      0,00      0,00      0,00      0,00      0,00      0,00    100,00
17:20:29          7      0,00      0,00      0,00      0,00      0,00      0,00      0,00      0,00      0,00    100,00
17:20:29          8      0,00      0,00      0,00      0,00      0,00      0,00      0,00      0,00      0,00    100,00
17:20:29          9      0,00      0,00      0,00      0,00      0,00      0,00      0,00      0,00      0,00    100,00
17:20:29         10      0,00      0,00      0,00      0,00      0,00      0,00      0,00      0,00      0,00    100,00
17:20:29         11      0,00      0,00      0,00      0,00      0,00      0,00      0,00      0,00      0,00    100,00
17:20:29         12      0,00      0,00      0,00      0,00      0,00      0,00      0,00      0,00      0,00    100,00
17:20:29         13      0,00      0,00      0,50      0,00      0,00      0,00      0,00      0,00      0,00     99,50
17:20:29         14      0,00      0,00      0,00      0,00      0,00      0,00      0,00      0,00      0,00    100,00
17:20:29         15      0,00      0,00      0,00      0,00      0,00      0,00      0,00      0,00      0,00    100,00

17:20:27        IFACE   rxpck/s   txpck/s    rxkB/s    txkB/s   rxcmp/s   txcmp/s  rxmcst/s   %ifutil
17:20:29           lo      0,00      0,00      0,00      0,00      0,00      0,00      0,00      0,00
17:20:29         eno1      4,50      0,00      0,28      0,00      0,00      0,00      1,00      0,00
17:20:29         eno2      0,00      0,00      0,00      0,00      0,00      0,00      0,00      0,00
17:20:29      docker0      0,00      0,00      0,00      0,00      0,00      0,00      0,00      0,00
17:20:29      ens2np0 383496,00 383456,00  94375,97  94366,12      0,00      0,00      0,00      7,73
17:20:29      ens2np1      0,00      0,00      0,00      0,00      0,00      0,00      0,00      0,00

Average:        CPU      %usr     %nice      %sys   %iowait    %steal      %irq     %soft    %guest    %gnice     %idle
Average:        all      0,12      0,00      0,04      0,01      0,00      0,00     19,59      0,00      0,00     80,24
Average:          0      0,00      0,00      0,00      0,00      0,00      0,00     78,37      0,00      0,00     21,63
Average:          1      0,02      0,00      0,00      0,00      0,00      0,00     78,33      0,00      0,00     21,65
Average:          2      0,00      0,00      0,02      0,00      0,00      0,00     78,33      0,00      0,00     21,65
Average:          3      0,02      0,00      0,00      0,00      0,00      0,00     78,35      0,00      0,00     21,63
Average:          4      0,18      0,00      0,06      0,06      0,00      0,00      0,20      0,00      0,00     99,50
Average:          5      0,24      0,00      0,18      0,00      0,00      0,00      0,00      0,00      0,00     99,58
Average:          6      0,12      0,00      0,02      0,00      0,00      0,00      0,02      0,00      0,00     99,84
Average:          7      0,12      0,00      0,06      0,00      0,00      0,00      0,00      0,00      0,00     99,82
Average:          8      0,14      0,00      0,00      0,00      0,00      0,00      0,00      0,00      0,00     99,86
Average:          9      0,14      0,00      0,02      0,00      0,00      0,00      0,00      0,00      0,00     99,84
Average:         10      0,08      0,00      0,04      0,00      0,00      0,00      0,00      0,00      0,00     99,88
Average:         11      0,08      0,00      0,02      0,00      0,00      0,00      0,00      0,00      0,00     99,90
Average:         12      0,12      0,00      0,10      0,00      0,00      0,00      0,00      0,00      0,00     99,78
Average:         13      0,20      0,00      0,04      0,00      0,00      0,00      0,00      0,00      0,00     99,76
Average:         14      0,24      0,00      0,04      0,02      0,00      0,00      0,00      0,00      0,00     99,70
Average:         15      0,22      0,00      0,06      0,00      0,00      0,00      0,00      0,00      0,00     99,72

Average:        IFACE   rxpck/s   txpck/s    rxkB/s    txkB/s   rxcmp/s   txcmp/s  rxmcst/s   %ifutil
Average:           lo      0,00      0,00      0,00      0,00      0,00      0,00      0,00      0,00
Average:         eno1      6,16      1,20      0,55      0,21      0,00      0,00      1,06      0,00
Average:         eno2      0,00      0,00      0,00      0,00      0,00      0,00      0,00      0,00
Average:      docker0      0,00      0,00      0,00      0,00      0,00      0,00      0,00      0,00
Average:      ens2np0 300051,52 300047,08  73840,80  73839,71      0,00      0,00      0,00      6,05
Average:      ens2np1      0,00      0,00      0,00      0,00      0,00      0,00      0,00      0,00
