Linux 5.13.0-52-generic (w1) 	21/07/2022 	_x86_64_	(16 CPU)

17:36:54        CPU      %usr     %nice      %sys   %iowait    %steal      %irq     %soft    %guest    %gnice     %idle
17:36:56        all      0,06      0,00      0,00      0,00      0,00      0,00      0,00      0,00      0,00     99,94
17:36:56          0      0,00      0,00      0,00      0,00      0,00      0,00      0,00      0,00      0,00    100,00
17:36:56          1      0,00      0,00      0,00      0,00      0,00      0,00      0,00      0,00      0,00    100,00
17:36:56          2      0,00      0,00      0,00      0,00      0,00      0,00      0,00      0,00      0,00    100,00
17:36:56          3      0,50      0,00      0,00      0,00      0,00      0,00      0,00      0,00      0,00     99,50
17:36:56          4      0,00      0,00      0,00      0,00      0,00      0,00      0,00      0,00      0,00    100,00
17:36:56          5      0,50      0,00      0,00      0,00      0,00      0,00      0,00      0,00      0,00     99,50
17:36:56          6      0,00      0,00      0,00      0,00      0,00      0,00      0,00      0,00      0,00    100,00
17:36:56          7      0,00      0,00      0,00      0,00      0,00      0,00      0,00      0,00      0,00    100,00
17:36:56          8      0,00      0,00      0,00      0,00      0,00      0,00      0,00      0,00      0,00    100,00
17:36:56          9      0,00      0,00      0,00      0,00      0,00      0,00      0,00      0,00      0,00    100,00
17:36:56         10      0,00      0,00      0,00      0,00      0,00      0,00      0,00      0,00      0,00    100,00
17:36:56         11      0,00      0,00      0,00      0,00      0,00      0,00      0,00      0,00      0,00    100,00
17:36:56         12      0,00      0,00      0,00      0,00      0,00      0,00      0,00      0,00      0,00    100,00
17:36:56         13      0,00      0,00      0,00      0,00      0,00      0,00      0,00      0,00      0,00    100,00
17:36:56         14      0,00      0,00      0,00      0,00      0,00      0,00      0,00      0,00      0,00    100,00
17:36:56         15      0,00      0,00      0,00      0,00      0,00      0,00      0,00      0,00      0,00    100,00

17:36:54        IFACE   rxpck/s   txpck/s    rxkB/s    txkB/s   rxcmp/s   txcmp/s  rxmcst/s   %ifutil
17:36:56           lo      0,00      0,00      0,00      0,00      0,00      0,00      0,00      0,00
17:36:56         eno1     19,00     17,50      3,57      3,36      0,00      0,00      1,00      0,00
17:36:56         eno2      0,00      0,00      0,00      0,00      0,00      0,00      0,00      0,00
17:36:56      docker0      0,00      0,00      0,00      0,00      0,00      0,00      0,00      0,00
17:36:56      ens2np0      0,00      0,00      0,00      0,00      0,00      0,00      0,00      0,00
17:36:56      ens2np1      0,00      0,00      0,00      0,00      0,00      0,00      0,00      0,00

17:36:56        CPU      %usr     %nice      %sys   %iowait    %steal      %irq     %soft    %guest    %gnice     %idle
17:36:58        all      0,00      0,00      0,00      0,00      0,00      0,00      0,00      0,00      0,00    100,00
17:36:58          0      0,00      0,00      0,00      0,00      0,00      0,00      0,00      0,00      0,00    100,00
17:36:58          1      0,00      0,00      0,00      0,00      0,00      0,00      0,00      0,00      0,00    100,00
17:36:58          2      0,00      0,00      0,00      0,00      0,00      0,00      0,00      0,00      0,00    100,00
17:36:58          3      0,00      0,00      0,00      0,00      0,00      0,00      0,00      0,00      0,00    100,00
17:36:58          4      0,00      0,00      0,00      0,00      0,00      0,00      0,00      0,00      0,00    100,00
17:36:58          5      0,00      0,00      0,00      0,00      0,00      0,00      0,00      0,00      0,00    100,00
17:36:58          6      0,00      0,00      0,00      0,00      0,00      0,00      0,00      0,00      0,00    100,00
17:36:58          7      0,00      0,00      0,00      0,00      0,00      0,00      0,00      0,00      0,00    100,00
17:36:58          8      0,00      0,00      0,00      0,00      0,00      0,00      0,00      0,00      0,00    100,00
17:36:58          9      0,00      0,00      0,00      0,00      0,00      0,00      0,00      0,00      0,00    100,00
17:36:58         10      0,00      0,00      0,00      0,00      0,00      0,00      0,00      0,00      0,00    100,00
17:36:58         11      0,00      0,00      0,00      0,00      0,00      0,00      0,00      0,00      0,00    100,00
17:36:58         12      0,00      0,00      0,00      0,00      0,00      0,00      0,00      0,00      0,00    100,00
17:36:58         13      0,00      0,00      0,00      0,00      0,00      0,00      0,00      0,00      0,00    100,00
17:36:58         14      0,00      0,00      0,00      0,00      0,00      0,00      0,00      0,00      0,00    100,00
17:36:58         15      0,00      0,00      0,00      0,00      0,00      0,00      0,00      0,00      0,00    100,00

17:36:56        IFACE   rxpck/s   txpck/s    rxkB/s    txkB/s   rxcmp/s   txcmp/s  rxmcst/s   %ifutil
17:36:58           lo      0,00      0,00      0,00      0,00      0,00      0,00      0,00      0,00
17:36:58         eno1      6,00      0,00      0,38      0,00      0,00      0,00      1,00      0,00
17:36:58         eno2      0,00      0,00      0,00      0,00      0,00      0,00      0,00      0,00
17:36:58      docker0      0,00      0,00      0,00      0,00      0,00      0,00      0,00      0,00
17:36:58      ens2np0      0,00      0,00      0,00      0,00      0,00      0,00      0,00      0,00
17:36:58      ens2np1      0,00      0,00      0,00      0,00      0,00      0,00      0,00      0,00

17:36:58        CPU      %usr     %nice      %sys   %iowait    %steal      %irq     %soft    %guest    %gnice     %idle
17:37:00        all      0,53      0,00      0,09      0,00      0,00      0,00      0,00      0,00      0,00     99,37
17:37:00          0      1,00      0,00      0,00      0,00      0,00      0,00      0,00      0,00      0,00     99,00
17:37:00          1      0,50      0,00      0,00      0,00      0,00      0,00      0,00      0,00      0,00     99,50
17:37:00          2      0,50      0,00      0,00      0,00      0,00      0,00      0,00      0,00      0,00     99,50
17:37:00          3      0,00      0,00      0,00      0,00      0,00      0,00      0,00      0,00      0,00    100,00
17:37:00          4      0,50      0,00      0,00      0,00      0,00      0,00      0,00      0,00      0,00     99,50
17:37:00          5      1,00      0,00      0,50      0,00      0,00      0,00      0,00      0,00      0,00     98,50
17:37:00          6      0,00      0,00      0,00      0,00      0,00      0,00      0,00      0,00      0,00    100,00
17:37:00          7      1,00      0,00      0,50      0,00      0,00      0,00      0,00      0,00      0,00     98,50
17:37:00          8      0,00      0,00      0,00      0,00      0,00      0,00      0,00      0,00      0,00    100,00
17:37:00          9      1,01      0,00      0,00      0,00      0,00      0,00      0,00      0,00      0,00     98,99
17:37:00         10      0,50      0,00      0,00      0,00      0,00      0,00      0,00      0,00      0,00     99,50
17:37:00         11      0,50      0,00      0,00      0,00      0,00      0,00      0,00      0,00      0,00     99,50
17:37:00         12      0,50      0,00      0,50      0,00      0,00      0,00      0,00      0,00      0,00     99,00
17:37:00         13      1,00      0,00      0,00      0,00      0,00      0,00      0,00      0,00      0,00     99,00
17:37:00         14      0,50      0,00      0,00      0,00      0,00      0,00      0,00      0,00      0,00     99,50
17:37:00         15      0,00      0,00      0,00      0,00      0,00      0,00      0,00      0,00      0,00    100,00

17:36:58        IFACE   rxpck/s   txpck/s    rxkB/s    txkB/s   rxcmp/s   txcmp/s  rxmcst/s   %ifutil
17:37:00           lo      0,00      0,00      0,00      0,00      0,00      0,00      0,00      0,00
17:37:00         eno1      4,50      0,50      0,28      0,55      0,00      0,00      1,00      0,00
17:37:00         eno2      0,00      0,00      0,00      0,00      0,00      0,00      0,00      0,00
17:37:00      docker0      0,00      0,00      0,00      0,00      0,00      0,00      0,00      0,00
17:37:00      ens2np0      0,00      0,00      0,00      0,00      0,00      0,00      0,00      0,00
17:37:00      ens2np1      0,00      0,00      0,00      0,00      0,00      0,00      0,00      0,00

17:37:00        CPU      %usr     %nice      %sys   %iowait    %steal      %irq     %soft    %guest    %gnice     %idle
17:37:02        all      0,06      0,00      0,03      0,00      0,00      0,00      0,00      0,00      0,00     99,91
17:37:02          0      0,00      0,00      0,00      0,00      0,00      0,00      0,00      0,00      0,00    100,00
17:37:02          1      0,00      0,00      0,00      0,00      0,00      0,00      0,00      0,00      0,00    100,00
17:37:02          2      0,00      0,00      0,00      0,00      0,00      0,00      0,00      0,00      0,00    100,00
17:37:02          3      0,00      0,00      0,00      0,00      0,00      0,00      0,00      0,00      0,00    100,00
17:37:02          4      0,00      0,00      0,00      0,00      0,00      0,00      0,00      0,00      0,00    100,00
17:37:02          5      0,00      0,00      0,00      0,00      0,00      0,00      0,00      0,00      0,00    100,00
17:37:02          6      0,00      0,00      0,00      0,00      0,00      0,00      0,00      0,00      0,00    100,00
17:37:02          7      0,50      0,00      0,00      0,00      0,00      0,00      0,00      0,00      0,00     99,50
17:37:02          8      0,00      0,00      0,00      0,00      0,00      0,00      0,00      0,00      0,00    100,00
17:37:02          9      0,00      0,00      0,00      0,00      0,00      0,00      0,00      0,00      0,00    100,00
17:37:02         10      0,00      0,00      0,00      0,00      0,00      0,00      0,00      0,00      0,00    100,00
17:37:02         11      0,00      0,00      0,00      0,00      0,00      0,00      0,00      0,00      0,00    100,00
17:37:02         12      0,00      0,00      0,00      0,00      0,00      0,00      0,00      0,00      0,00    100,00
17:37:02         13      0,00      0,00      0,00      0,00      0,00      0,00      0,00      0,00      0,00    100,00
17:37:02         14      0,00      0,00      0,00      0,00      0,00      0,00      0,00      0,00      0,00    100,00
17:37:02         15      0,50      0,00      0,50      0,00      0,00      0,00      0,00      0,00      0,00     99,00

17:37:00        IFACE   rxpck/s   txpck/s    rxkB/s    txkB/s   rxcmp/s   txcmp/s  rxmcst/s   %ifutil
17:37:02           lo      0,00      0,00      0,00      0,00      0,00      0,00      0,00      0,00
17:37:02         eno1      5,50      0,00      0,35      0,00      0,00      0,00      1,00      0,00
17:37:02         eno2      0,00      0,00      0,00      0,00      0,00      0,00      0,00      0,00
17:37:02      docker0      0,00      0,00      0,00      0,00      0,00      0,00      0,00      0,00
17:37:02      ens2np0      0,00      0,00      0,00      0,00      0,00      0,00      0,00      0,00
17:37:02      ens2np1      0,00      0,00      0,00      0,00      0,00      0,00      0,00      0,00

17:37:02        CPU      %usr     %nice      %sys   %iowait    %steal      %irq     %soft    %guest    %gnice     %idle
17:37:04        all      0,06      0,00      0,03      0,00      0,00      0,00      0,00      0,00      0,00     99,91
17:37:04          0      1,00      0,00      0,00      0,00      0,00      0,00      0,00      0,00      0,00     99,00
17:37:04          1      0,00      0,00      0,00      0,00      0,00      0,00      0,00      0,00      0,00    100,00
17:37:04          2      0,00      0,00      0,00      0,00      0,00      0,00      0,00      0,00      0,00    100,00
17:37:04          3      0,00      0,00      0,00      0,00      0,00      0,00      0,00      0,00      0,00    100,00
17:37:04          4      0,00      0,00      0,00      0,00      0,00      0,00      0,00      0,00      0,00    100,00
17:37:04          5      0,00      0,00      0,00      0,00      0,00      0,00      0,00      0,00      0,00    100,00
17:37:04          6      0,00      0,00      0,00      0,00      0,00      0,00      0,00      0,00      0,00    100,00
17:37:04          7      0,00      0,00      0,00      0,00      0,00      0,00      0,00      0,00      0,00    100,00
17:37:04          8      0,00      0,00      0,00      0,00      0,00      0,00      0,00      0,00      0,00    100,00
17:37:04          9      0,00      0,00      0,00      0,00      0,00      0,00      0,00      0,00      0,00    100,00
17:37:04         10      0,00      0,00      0,00      0,00      0,00      0,00      0,00      0,00      0,00    100,00
17:37:04         11      0,00      0,00      0,00      0,00      0,00      0,00      0,00      0,00      0,00    100,00
17:37:04         12      0,00      0,00      0,00      0,00      0,00      0,00      0,00      0,00      0,00    100,00
17:37:04         13      0,00      0,00      0,00      0,00      0,00      0,00      0,00      0,00      0,00    100,00
17:37:04         14      0,00      0,00      0,00      0,00      0,00      0,00      0,00      0,00      0,00    100,00
17:37:04         15      0,00      0,00      0,50      0,00      0,00      0,00      0,00      0,00      0,00     99,50

17:37:02        IFACE   rxpck/s   txpck/s    rxkB/s    txkB/s   rxcmp/s   txcmp/s  rxmcst/s   %ifutil
17:37:04           lo      0,00      0,00      0,00      0,00      0,00      0,00      0,00      0,00
17:37:04         eno1     12,00      6,00      1,23      1,11      0,00      0,00      1,50      0,00
17:37:04         eno2      0,00      0,00      0,00      0,00      0,00      0,00      0,00      0,00
17:37:04      docker0      0,00      0,00      0,00      0,00      0,00      0,00      0,00      0,00
17:37:04      ens2np0      0,00      0,00      0,00      0,00      0,00      0,00      0,00      0,00
17:37:04      ens2np1      0,00      0,00      0,00      0,00      0,00      0,00      0,00      0,00

17:37:04        CPU      %usr     %nice      %sys   %iowait    %steal      %irq     %soft    %guest    %gnice     %idle
17:37:06        all      0,00      0,00      0,00      0,03      0,00      0,00     14,94      0,00      0,00     85,03
17:37:06          0      0,00      0,00      0,00      0,00      0,00      0,00     59,70      0,00      0,00     40,30
17:37:06          1      0,00      0,00      0,00      0,00      0,00      0,00     59,80      0,00      0,00     40,20
17:37:06          2      0,00      0,00      0,00      0,00      0,00      0,00     59,50      0,00      0,00     40,50
17:37:06          3      0,00      0,00      0,00      0,00      0,00      0,00     59,60      0,00      0,00     40,40
17:37:06          4      0,00      0,00      0,00      0,50      0,00      0,00      0,99      0,00      0,00     98,51
17:37:06          5      0,00      0,00      0,00      0,00      0,00      0,00      0,00      0,00      0,00    100,00
17:37:06          6      0,00      0,00      0,00      0,00      0,00      0,00      0,00      0,00      0,00    100,00
17:37:06          7      0,00      0,00      0,00      0,00      0,00      0,00      0,00      0,00      0,00    100,00
17:37:06          8      0,00      0,00      0,00      0,00      0,00      0,00      0,00      0,00      0,00    100,00
17:37:06          9      0,00      0,00      0,00      0,00      0,00      0,00      0,00      0,00      0,00    100,00
17:37:06         10      0,00      0,00      0,00      0,00      0,00      0,00      0,00      0,00      0,00    100,00
17:37:06         11      0,00      0,00      0,00      0,00      0,00      0,00      0,00      0,00      0,00    100,00
17:37:06         12      0,00      0,00      0,00      0,00      0,00      0,00      0,00      0,00      0,00    100,00
17:37:06         13      0,00      0,00      0,00      0,00      0,00      0,00      0,00      0,00      0,00    100,00
17:37:06         14      0,00      0,00      0,00      0,00      0,00      0,00      0,00      0,00      0,00    100,00
17:37:06         15      0,00      0,00      0,00      0,00      0,00      0,00      0,00      0,00      0,00    100,00

17:37:04        IFACE   rxpck/s   txpck/s    rxkB/s    txkB/s   rxcmp/s   txcmp/s  rxmcst/s   %ifutil
17:37:06           lo      0,00      0,00      0,00      0,00      0,00      0,00      0,00      0,00
17:37:06         eno1      6,50      1,00      0,41      0,10      0,00      0,00      1,00      0,00
17:37:06         eno2      0,00      0,00      0,00      0,00      0,00      0,00      0,00      0,00
17:37:06      docker0      0,00      0,00      0,00      0,00      0,00      0,00      0,00      0,00
17:37:06      ens2np0 134500,00 134375,50  33099,61  33068,97      0,00      0,00      0,00      2,71
17:37:06      ens2np1      0,00      0,00      0,00      0,00      0,00      0,00      0,00      0,00

17:37:06        CPU      %usr     %nice      %sys   %iowait    %steal      %irq     %soft    %guest    %gnice     %idle
17:37:08        all      0,00      0,00      0,00      0,00      0,00      0,00     25,11      0,00      0,00     74,89
17:37:08          0      0,00      0,00      0,00      0,00      0,00      0,00    100,00      0,00      0,00      0,00
17:37:08          1      0,00      0,00      0,00      0,00      0,00      0,00    100,00      0,00      0,00      0,00
17:37:08          2      0,00      0,00      0,00      0,00      0,00      0,00    100,00      0,00      0,00      0,00
17:37:08          3      0,00      0,00      0,00      0,00      0,00      0,00    100,00      0,00      0,00      0,00
17:37:08          4      0,00      0,00      0,00      0,00      0,00      0,00      1,97      0,00      0,00     98,03
17:37:08          5      0,00      0,00      0,00      0,00      0,00      0,00      0,00      0,00      0,00    100,00
17:37:08          6      0,00      0,00      0,00      0,00      0,00      0,00      0,00      0,00      0,00    100,00
17:37:08          7      0,00      0,00      0,00      0,00      0,00      0,00      0,00      0,00      0,00    100,00
17:37:08          8      0,00      0,00      0,00      0,00      0,00      0,00      0,00      0,00      0,00    100,00
17:37:08          9      0,00      0,00      0,00      0,00      0,00      0,00      0,00      0,00      0,00    100,00
17:37:08         10      0,00      0,00      0,00      0,00      0,00      0,00      0,00      0,00      0,00    100,00
17:37:08         11      0,00      0,00      0,00      0,00      0,00      0,00      0,00      0,00      0,00    100,00
17:37:08         12      0,00      0,00      0,00      0,00      0,00      0,00      0,00      0,00      0,00    100,00
17:37:08         13      0,00      0,00      0,00      0,00      0,00      0,00      0,00      0,00      0,00    100,00
17:37:08         14      0,00      0,00      0,00      0,00      0,00      0,00      0,00      0,00      0,00    100,00
17:37:08         15      0,00      0,00      0,00      0,00      0,00      0,00      0,00      0,00      0,00    100,00

17:37:06        IFACE   rxpck/s   txpck/s    rxkB/s    txkB/s   rxcmp/s   txcmp/s  rxmcst/s   %ifutil
17:37:08           lo      0,00      0,00      0,00      0,00      0,00      0,00      0,00      0,00
17:37:08         eno1      7,00      1,00      0,47      0,07      0,00      0,00      1,00      0,00
17:37:08         eno2      0,00      0,00      0,00      0,00      0,00      0,00      0,00      0,00
17:37:08      docker0      0,00      0,00      0,00      0,00      0,00      0,00      0,00      0,00
17:37:08      ens2np0 228452,00 228480,00  56220,61  56227,50      0,00      0,00      0,00      4,61
17:37:08      ens2np1      0,00      0,00      0,00      0,00      0,00      0,00      0,00      0,00

17:37:08        CPU      %usr     %nice      %sys   %iowait    %steal      %irq     %soft    %guest    %gnice     %idle
17:37:10        all      0,19      0,00      0,09      0,00      0,00      0,00     25,05      0,00      0,00     74,66
17:37:10          0      0,00      0,00      0,00      0,00      0,00      0,00    100,00      0,00      0,00      0,00
17:37:10          1      0,00      0,00      0,00      0,00      0,00      0,00    100,00      0,00      0,00      0,00
17:37:10          2      0,00      0,00      0,00      0,00      0,00      0,00    100,00      0,00      0,00      0,00
17:37:10          3      0,00      0,00      0,00      0,00      0,00      0,00    100,00      0,00      0,00      0,00
17:37:10          4      1,00      0,00      0,00      0,00      0,00      0,00      1,00      0,00      0,00     98,01
17:37:10          5      1,49      0,00      0,50      0,00      0,00      0,00      0,00      0,00      0,00     98,02
17:37:10          6      0,00      0,00      0,00      0,00      0,00      0,00      0,00      0,00      0,00    100,00
17:37:10          7      0,50      0,00      0,50      0,00      0,00      0,00      0,00      0,00      0,00     98,99
17:37:10          8      0,00      0,00      0,00      0,00      0,00      0,00      0,00      0,00      0,00    100,00
17:37:10          9      0,00      0,00      0,00      0,00      0,00      0,00      0,00      0,00      0,00    100,00
17:37:10         10      0,00      0,00      0,00      0,00      0,00      0,00      0,00      0,00      0,00    100,00
17:37:10         11      0,00      0,00      0,00      0,00      0,00      0,00      0,00      0,00      0,00    100,00
17:37:10         12      0,00      0,00      0,50      0,00      0,00      0,00      0,00      0,00      0,00     99,50
17:37:10         13      0,00      0,00      0,00      0,00      0,00      0,00      0,00      0,00      0,00    100,00
17:37:10         14      0,00      0,00      0,00      0,00      0,00      0,00      0,00      0,00      0,00    100,00
17:37:10         15      0,00      0,00      0,00      0,00      0,00      0,00      0,00      0,00      0,00    100,00

17:37:08        IFACE   rxpck/s   txpck/s    rxkB/s    txkB/s   rxcmp/s   txcmp/s  rxmcst/s   %ifutil
17:37:10           lo      0,00      0,00      0,00      0,00      0,00      0,00      0,00      0,00
17:37:10         eno1      8,50      4,50      0,82      0,98      0,00      0,00      1,00      0,00
17:37:10         eno2      0,00      0,00      0,00      0,00      0,00      0,00      0,00      0,00
17:37:10      docker0      0,00      0,00      0,00      0,00      0,00      0,00      0,00      0,00
17:37:10      ens2np0 228416,00 228384,00  56211,75  56203,88      0,00      0,00      0,00      4,60
17:37:10      ens2np1      0,00      0,00      0,00      0,00      0,00      0,00      0,00      0,00

17:37:10        CPU      %usr     %nice      %sys   %iowait    %steal      %irq     %soft    %guest    %gnice     %idle
17:37:12        all      0,34      0,00      0,06      0,00      0,00      0,00     25,05      0,00      0,00     74,55
17:37:12          0      0,00      0,00      0,00      0,00      0,00      0,00    100,00      0,00      0,00      0,00
17:37:12          1      0,00      0,00      0,00      0,00      0,00      0,00    100,00      0,00      0,00      0,00
17:37:12          2      0,00      0,00      0,00      0,00      0,00      0,00    100,00      0,00      0,00      0,00
17:37:12          3      0,00      0,00      0,00      0,00      0,00      0,00    100,00      0,00      0,00      0,00
17:37:12          4      0,00      0,00      0,00      0,00      0,00      0,00      0,50      0,00      0,00     99,50
17:37:12          5      1,01      0,00      0,00      0,00      0,00      0,00      0,00      0,00      0,00     98,99
17:37:12          6      0,50      0,00      0,00      0,00      0,00      0,00      0,00      0,00      0,00     99,50
17:37:12          7      0,00      0,00      0,00      0,00      0,00      0,00      0,00      0,00      0,00    100,00
17:37:12          8      0,50      0,00      0,50      0,00      0,00      0,00      0,00      0,00      0,00     99,00
17:37:12          9      0,50      0,00      0,00      0,00      0,00      0,00      0,00      0,00      0,00     99,50
17:37:12         10      0,00      0,00      0,00      0,00      0,00      0,00      0,00      0,00      0,00    100,00
17:37:12         11      0,00      0,00      0,00      0,00      0,00      0,00      0,00      0,00      0,00    100,00
17:37:12         12      1,99      0,00      0,50      0,00      0,00      0,00      0,00      0,00      0,00     97,51
17:37:12         13      0,00      0,00      0,00      0,00      0,00      0,00      0,00      0,00      0,00    100,00
17:37:12         14      0,50      0,00      0,00      0,00      0,00      0,00      0,00      0,00      0,00     99,50
17:37:12         15      0,50      0,00      0,00      0,00      0,00      0,00      0,00      0,00      0,00     99,50

17:37:10        IFACE   rxpck/s   txpck/s    rxkB/s    txkB/s   rxcmp/s   txcmp/s  rxmcst/s   %ifutil
17:37:12           lo      0,00      0,00      0,00      0,00      0,00      0,00      0,00      0,00
17:37:12         eno1      6,50      1,50      0,48      0,13      0,00      0,00      1,00      0,00
17:37:12         eno2      0,00      0,00      0,00      0,00      0,00      0,00      0,00      0,00
17:37:12      docker0      0,00      0,00      0,00      0,00      0,00      0,00      0,00      0,00
17:37:12      ens2np0 227410,50 227456,00  55964,30  55975,50      0,00      0,00      0,00      4,59
17:37:12      ens2np1      0,00      0,00      0,00      0,00      0,00      0,00      0,00      0,00

17:37:12        CPU      %usr     %nice      %sys   %iowait    %steal      %irq     %soft    %guest    %gnice     %idle
17:37:14        all      0,06      0,00      0,06      0,00      0,00      0,00     25,06      0,00      0,00     74,81
17:37:14          0      0,00      0,00      0,00      0,00      0,00      0,00    100,00      0,00      0,00      0,00
17:37:14          1      0,00      0,00      0,00      0,00      0,00      0,00    100,00      0,00      0,00      0,00
17:37:14          2      0,00      0,00      0,00      0,00      0,00      0,00    100,00      0,00      0,00      0,00
17:37:14          3      0,00      0,00      0,00      0,00      0,00      0,00    100,00      0,00      0,00      0,00
17:37:14          4      0,50      0,00      0,50      0,00      0,00      0,00      0,99      0,00      0,00     98,02
17:37:14          5      0,00      0,00      0,00      0,00      0,00      0,00      0,00      0,00      0,00    100,00
17:37:14          6      0,00      0,00      0,00      0,00      0,00      0,00      0,00      0,00      0,00    100,00
17:37:14          7      0,50      0,00      0,50      0,00      0,00      0,00      0,00      0,00      0,00     99,00
17:37:14          8      0,00      0,00      0,00      0,00      0,00      0,00      0,00      0,00      0,00    100,00
17:37:14          9      0,00      0,00      0,00      0,00      0,00      0,00      0,00      0,00      0,00    100,00
17:37:14         10      0,00      0,00      0,00      0,00      0,00      0,00      0,00      0,00      0,00    100,00
17:37:14         11      0,00      0,00      0,00      0,00      0,00      0,00      0,00      0,00      0,00    100,00
17:37:14         12      0,00      0,00      0,00      0,00      0,00      0,00      0,00      0,00      0,00    100,00
17:37:14         13      0,00      0,00      0,00      0,00      0,00      0,00      0,00      0,00      0,00    100,00
17:37:14         14      0,00      0,00      0,00      0,00      0,00      0,00      0,00      0,00      0,00    100,00
17:37:14         15      0,00      0,00      0,00      0,00      0,00      0,00      0,00      0,00      0,00    100,00

17:37:12        IFACE   rxpck/s   txpck/s    rxkB/s    txkB/s   rxcmp/s   txcmp/s  rxmcst/s   %ifutil
17:37:14           lo      0,00      0,00      0,00      0,00      0,00      0,00      0,00      0,00
17:37:14         eno1      8,00      3,50      0,77      0,92      0,00      0,00      1,00      0,00
17:37:14         eno2      0,00      0,00      0,00      0,00      0,00      0,00      0,00      0,00
17:37:14      docker0      0,00      0,00      0,00      0,00      0,00      0,00      0,00      0,00
17:37:14      ens2np0 227721,50 227680,00  56040,84  56030,62      0,00      0,00      0,00      4,59
17:37:14      ens2np1      0,00      0,00      0,00      0,00      0,00      0,00      0,00      0,00

17:37:14        CPU      %usr     %nice      %sys   %iowait    %steal      %irq     %soft    %guest    %gnice     %idle
17:37:16        all      0,00      0,00      0,00      0,00      0,00      0,00     25,09      0,00      0,00     74,91
17:37:16          0      0,00      0,00      0,00      0,00      0,00      0,00    100,00      0,00      0,00      0,00
17:37:16          1      0,00      0,00      0,00      0,00      0,00      0,00    100,00      0,00      0,00      0,00
17:37:16          2      0,00      0,00      0,00      0,00      0,00      0,00    100,00      0,00      0,00      0,00
17:37:16          3      0,00      0,00      0,00      0,00      0,00      0,00    100,00      0,00      0,00      0,00
17:37:16          4      0,00      0,00      0,00      0,00      0,00      0,00      1,49      0,00      0,00     98,51
17:37:16          5      0,00      0,00      0,00      0,00      0,00      0,00      0,00      0,00      0,00    100,00
17:37:16          6      0,00      0,00      0,00      0,00      0,00      0,00      0,00      0,00      0,00    100,00
17:37:16          7      0,00      0,00      0,00      0,00      0,00      0,00      0,00      0,00      0,00    100,00
17:37:16          8      0,00      0,00      0,00      0,00      0,00      0,00      0,00      0,00      0,00    100,00
17:37:16          9      0,00      0,00      0,00      0,00      0,00      0,00      0,00      0,00      0,00    100,00
17:37:16         10      0,00      0,00      0,00      0,00      0,00      0,00      0,00      0,00      0,00    100,00
17:37:16         11      0,00      0,00      0,00      0,00      0,00      0,00      0,00      0,00      0,00    100,00
17:37:16         12      0,00      0,00      0,00      0,00      0,00      0,00      0,00      0,00      0,00    100,00
17:37:16         13      0,00      0,00      0,00      0,00      0,00      0,00      0,00      0,00      0,00    100,00
17:37:16         14      0,00      0,00      0,00      0,00      0,00      0,00      0,00      0,00      0,00    100,00
17:37:16         15      0,00      0,00      0,00      0,00      0,00      0,00      0,00      0,00      0,00    100,00

17:37:14        IFACE   rxpck/s   txpck/s    rxkB/s    txkB/s   rxcmp/s   txcmp/s  rxmcst/s   %ifutil
17:37:16           lo      0,00      0,00      0,00      0,00      0,00      0,00      0,00      0,00
17:37:16         eno1     10,00      3,50      0,80      0,30      0,00      0,00      1,50      0,00
17:37:16         eno2      0,00      0,00      0,00      0,00      0,00      0,00      0,00      0,00
17:37:16      docker0      0,00      0,00      0,00      0,00      0,00      0,00      0,00      0,00
17:37:16      ens2np0 227536,00 227584,00  55995,19  56007,00      0,00      0,00      0,00      4,59
17:37:16      ens2np1      0,00      0,00      0,00      0,00      0,00      0,00      0,00      0,00

17:37:16        CPU      %usr     %nice      %sys   %iowait    %steal      %irq     %soft    %guest    %gnice     %idle
17:37:18        all      0,00      0,00      0,03      0,00      0,00      0,00     25,12      0,00      0,00     74,85
17:37:18          0      0,00      0,00      0,00      0,00      0,00      0,00    100,00      0,00      0,00      0,00
17:37:18          1      0,00      0,00      0,00      0,00      0,00      0,00    100,00      0,00      0,00      0,00
17:37:18          2      0,00      0,00      0,00      0,00      0,00      0,00    100,00      0,00      0,00      0,00
17:37:18          3      0,00      0,00      0,00      0,00      0,00      0,00    100,00      0,00      0,00      0,00
17:37:18          4      0,00      0,00      0,00      0,00      0,00      0,00      2,45      0,00      0,00     97,55
17:37:18          5      0,00      0,00      0,00      0,00      0,00      0,00      0,00      0,00      0,00    100,00
17:37:18          6      0,00      0,00      0,00      0,00      0,00      0,00      0,00      0,00      0,00    100,00
17:37:18          7      0,00      0,00      0,50      0,00      0,00      0,00      0,00      0,00      0,00     99,50
17:37:18          8      0,00      0,00      0,00      0,00      0,00      0,00      0,00      0,00      0,00    100,00
17:37:18          9      0,00      0,00      0,00      0,00      0,00      0,00      0,00      0,00      0,00    100,00
17:37:18         10      0,00      0,00      0,00      0,00      0,00      0,00      0,00      0,00      0,00    100,00
17:37:18         11      0,00      0,00      0,00      0,00      0,00      0,00      0,00      0,00      0,00    100,00
17:37:18         12      0,00      0,00      0,00      0,00      0,00      0,00      0,00      0,00      0,00    100,00
17:37:18         13      0,00      0,00      0,00      0,00      0,00      0,00      0,00      0,00      0,00    100,00
17:37:18         14      0,00      0,00      0,00      0,00      0,00      0,00      0,00      0,00      0,00    100,00
17:37:18         15      0,00      0,00      0,00      0,00      0,00      0,00      0,00      0,00      0,00    100,00

17:37:16        IFACE   rxpck/s   txpck/s    rxkB/s    txkB/s   rxcmp/s   txcmp/s  rxmcst/s   %ifutil
17:37:18           lo      0,00      0,00      0,00      0,00      0,00      0,00      0,00      0,00
17:37:18         eno1      7,50      1,50      0,50      0,14      0,00      0,00      1,50      0,00
17:37:18         eno2      0,00      0,00      0,00      0,00      0,00      0,00      0,00      0,00
17:37:18      docker0      0,00      0,00      0,00      0,00      0,00      0,00      0,00      0,00
17:37:18      ens2np0 227604,00 227552,00  56011,92  55999,12      0,00      0,00      0,00      4,59
17:37:18      ens2np1      0,00      0,00      0,00      0,00      0,00      0,00      0,00      0,00

17:37:18        CPU      %usr     %nice      %sys   %iowait    %steal      %irq     %soft    %guest    %gnice     %idle
17:37:20        all      0,00      0,00      0,00      0,00      0,00      0,00     25,08      0,00      0,00     74,92
17:37:20          0      0,00      0,00      0,00      0,00      0,00      0,00    100,00      0,00      0,00      0,00
17:37:20          1      0,00      0,00      0,00      0,00      0,00      0,00    100,00      0,00      0,00      0,00
17:37:20          2      0,00      0,00      0,00      0,00      0,00      0,00    100,00      0,00      0,00      0,00
17:37:20          3      0,00      0,00      0,00      0,00      0,00      0,00    100,00      0,00      0,00      0,00
17:37:20          4      0,00      0,00      0,00      0,00      0,00      0,00      1,49      0,00      0,00     98,51
17:37:20          5      0,00      0,00      0,00      0,00      0,00      0,00      0,00      0,00      0,00    100,00
17:37:20          6      0,00      0,00      0,00      0,00      0,00      0,00      0,00      0,00      0,00    100,00
17:37:20          7      0,00      0,00      0,00      0,00      0,00      0,00      0,00      0,00      0,00    100,00
17:37:20          8      0,00      0,00      0,00      0,00      0,00      0,00      0,00      0,00      0,00    100,00
17:37:20          9      0,00      0,00      0,00      0,00      0,00      0,00      0,00      0,00      0,00    100,00
17:37:20         10      0,00      0,00      0,00      0,00      0,00      0,00      0,00      0,00      0,00    100,00
17:37:20         11      0,00      0,00      0,00      0,00      0,00      0,00      0,00      0,00      0,00    100,00
17:37:20         12      0,00      0,00      0,00      0,00      0,00      0,00      0,00      0,00      0,00    100,00
17:37:20         13      0,00      0,00      0,00      0,00      0,00      0,00      0,00      0,00      0,00    100,00
17:37:20         14      0,00      0,00      0,00      0,00      0,00      0,00      0,00      0,00      0,00    100,00
17:37:20         15      0,00      0,00      0,00      0,00      0,00      0,00      0,00      0,00      0,00    100,00

17:37:18        IFACE   rxpck/s   txpck/s    rxkB/s    txkB/s   rxcmp/s   txcmp/s  rxmcst/s   %ifutil
17:37:20           lo      0,00      0,00      0,00      0,00      0,00      0,00      0,00      0,00
17:37:20         eno1      5,00      0,50      0,31      0,55      0,00      0,00      1,50      0,00
17:37:20         eno2      0,00      0,00      0,00      0,00      0,00      0,00      0,00      0,00
17:37:20      docker0      0,00      0,00      0,00      0,00      0,00      0,00      0,00      0,00
17:37:20      ens2np0 227588,00 227616,00  56007,98  56014,87      0,00      0,00      0,00      4,59
17:37:20      ens2np1      0,00      0,00      0,00      0,00      0,00      0,00      0,00      0,00

17:37:20        CPU      %usr     %nice      %sys   %iowait    %steal      %irq     %soft    %guest    %gnice     %idle
17:37:22        all      0,19      0,00      0,13      0,00      0,00      0,00     25,13      0,00      0,00     74,56
17:37:22          0      0,00      0,00      0,00      0,00      0,00      0,00    100,00      0,00      0,00      0,00
17:37:22          1      0,00      0,00      0,00      0,00      0,00      0,00    100,00      0,00      0,00      0,00
17:37:22          2      0,00      0,00      0,00      0,00      0,00      0,00    100,00      0,00      0,00      0,00
17:37:22          3      0,00      0,00      0,00      0,00      0,00      0,00    100,00      0,00      0,00      0,00
17:37:22          4      1,00      0,00      0,00      0,00      0,00      0,00      1,00      0,00      0,00     98,00
17:37:22          5      0,00      0,00      0,50      0,00      0,00      0,00      0,00      0,00      0,00     99,50
17:37:22          6      0,00      0,00      0,50      0,00      0,00      0,00      0,00      0,00      0,00     99,50
17:37:22          7      0,00      0,00      0,00      0,00      0,00      0,00      0,00      0,00      0,00    100,00
17:37:22          8      0,00      0,00      0,00      0,00      0,00      0,00      0,00      0,00      0,00    100,00
17:37:22          9      0,00      0,00      0,00      0,00      0,00      0,00      0,00      0,00      0,00    100,00
17:37:22         10      0,00      0,00      0,00      0,00      0,00      0,00      0,00      0,00      0,00    100,00
17:37:22         11      0,00      0,00      0,00      0,00      0,00      0,00      0,00      0,00      0,00    100,00
17:37:22         12      0,50      0,00      0,00      0,00      0,00      0,00      0,00      0,00      0,00     99,50
17:37:22         13      0,00      0,00      0,00      0,00      0,00      0,00      0,00      0,00      0,00    100,00
17:37:22         14      1,00      0,00      0,50      0,00      0,00      0,00      0,00      0,00      0,00     98,50
17:37:22         15      0,50      0,00      0,50      0,00      0,00      0,00      0,00      0,00      0,00     98,99

17:37:20        IFACE   rxpck/s   txpck/s    rxkB/s    txkB/s   rxcmp/s   txcmp/s  rxmcst/s   %ifutil
17:37:22           lo      0,00      0,00      0,00      0,00      0,00      0,00      0,00      0,00
17:37:22         eno1      6,00      0,00      0,38      0,00      0,00      0,00      1,00      0,00
17:37:22         eno2      0,00      0,00      0,00      0,00      0,00      0,00      0,00      0,00
17:37:22      docker0      0,00      0,00      0,00      0,00      0,00      0,00      0,00      0,00
17:37:22      ens2np0 227412,00 227392,00  55964,67  55959,75      0,00      0,00      0,00      4,58
17:37:22      ens2np1      0,00      0,00      0,00      0,00      0,00      0,00      0,00      0,00

17:37:22        CPU      %usr     %nice      %sys   %iowait    %steal      %irq     %soft    %guest    %gnice     %idle
17:37:24        all      0,00      0,00      0,00      0,00      0,00      0,00     25,12      0,00      0,00     74,88
17:37:24          0      0,00      0,00      0,00      0,00      0,00      0,00    100,00      0,00      0,00      0,00
17:37:24          1      0,00      0,00      0,00      0,00      0,00      0,00    100,00      0,00      0,00      0,00
17:37:24          2      0,00      0,00      0,00      0,00      0,00      0,00    100,00      0,00      0,00      0,00
17:37:24          3      0,00      0,00      0,00      0,00      0,00      0,00    100,00      0,00      0,00      0,00
17:37:24          4      0,00      0,00      0,00      0,00      0,00      0,00      1,97      0,00      0,00     98,03
17:37:24          5      0,00      0,00      0,00      0,00      0,00      0,00      0,00      0,00      0,00    100,00
17:37:24          6      0,00      0,00      0,00      0,00      0,00      0,00      0,00      0,00      0,00    100,00
17:37:24          7      0,00      0,00      0,00      0,00      0,00      0,00      0,00      0,00      0,00    100,00
17:37:24          8      0,00      0,00      0,00      0,00      0,00      0,00      0,00      0,00      0,00    100,00
17:37:24          9      0,00      0,00      0,00      0,00      0,00      0,00      0,00      0,00      0,00    100,00
17:37:24         10      0,00      0,00      0,00      0,00      0,00      0,00      0,00      0,00      0,00    100,00
17:37:24         11      0,00      0,00      0,00      0,00      0,00      0,00      0,00      0,00      0,00    100,00
17:37:24         12      0,00      0,00      0,00      0,00      0,00      0,00      0,00      0,00      0,00    100,00
17:37:24         13      0,00      0,00      0,00      0,00      0,00      0,00      0,00      0,00      0,00    100,00
17:37:24         14      0,00      0,00      0,00      0,00      0,00      0,00      0,00      0,00      0,00    100,00
17:37:24         15      0,00      0,00      0,00      0,00      0,00      0,00      0,00      0,00      0,00    100,00

17:37:22        IFACE   rxpck/s   txpck/s    rxkB/s    txkB/s   rxcmp/s   txcmp/s  rxmcst/s   %ifutil
17:37:24           lo      0,00      0,00      0,00      0,00      0,00      0,00      0,00      0,00
17:37:24         eno1      4,50      0,00      0,28      0,00      0,00      0,00      1,00      0,00
17:37:24         eno2      0,00      0,00      0,00      0,00      0,00      0,00      0,00      0,00
17:37:24      docker0      0,00      0,00      0,00      0,00      0,00      0,00      0,00      0,00
17:37:24      ens2np0 227948,00 228000,00  56096,58  56109,38      0,00      0,00      0,00      4,60
17:37:24      ens2np1      0,00      0,00      0,00      0,00      0,00      0,00      0,00      0,00

17:37:24        CPU      %usr     %nice      %sys   %iowait    %steal      %irq     %soft    %guest    %gnice     %idle
17:37:26        all      0,00      0,00      0,00      0,00      0,00      0,00     25,05      0,00      0,00     74,95
17:37:26          0      0,00      0,00      0,00      0,00      0,00      0,00    100,00      0,00      0,00      0,00
17:37:26          1      0,00      0,00      0,00      0,00      0,00      0,00    100,00      0,00      0,00      0,00
17:37:26          2      0,00      0,00      0,00      0,00      0,00      0,00    100,00      0,00      0,00      0,00
17:37:26          3      0,00      0,00      0,00      0,00      0,00      0,00    100,00      0,00      0,00      0,00
17:37:26          4      0,00      0,00      0,00      0,00      0,00      0,00      0,99      0,00      0,00     99,01
17:37:26          5      0,00      0,00      0,00      0,00      0,00      0,00      0,00      0,00      0,00    100,00
17:37:26          6      0,00      0,00      0,00      0,00      0,00      0,00      0,00      0,00      0,00    100,00
17:37:26          7      0,00      0,00      0,00      0,00      0,00      0,00      0,00      0,00      0,00    100,00
17:37:26          8      0,00      0,00      0,00      0,00      0,00      0,00      0,00      0,00      0,00    100,00
17:37:26          9      0,00      0,00      0,00      0,00      0,00      0,00      0,00      0,00      0,00    100,00
17:37:26         10      0,00      0,00      0,00      0,00      0,00      0,00      0,00      0,00      0,00    100,00
17:37:26         11      0,00      0,00      0,00      0,00      0,00      0,00      0,00      0,00      0,00    100,00
17:37:26         12      0,00      0,00      0,00      0,00      0,00      0,00      0,00      0,00      0,00    100,00
17:37:26         13      0,00      0,00      0,00      0,00      0,00      0,00      0,00      0,00      0,00    100,00
17:37:26         14      0,00      0,00      0,00      0,00      0,00      0,00      0,00      0,00      0,00    100,00
17:37:26         15      0,00      0,00      0,00      0,00      0,00      0,00      0,00      0,00      0,00    100,00

17:37:24        IFACE   rxpck/s   txpck/s    rxkB/s    txkB/s   rxcmp/s   txcmp/s  rxmcst/s   %ifutil
17:37:26           lo      0,00      0,00      0,00      0,00      0,00      0,00      0,00      0,00
17:37:26         eno1      2,50      0,00      0,16      0,00      0,00      0,00      0,50      0,00
17:37:26         eno2      0,00      0,00      0,00      0,00      0,00      0,00      0,00      0,00
17:37:26      docker0      0,00      0,00      0,00      0,00      0,00      0,00      0,00      0,00
17:37:26      ens2np0 227784,00 227744,00  56056,22  56046,38      0,00      0,00      0,00      4,59
17:37:26      ens2np1      0,00      0,00      0,00      0,00      0,00      0,00      0,00      0,00

17:37:26        CPU      %usr     %nice      %sys   %iowait    %steal      %irq     %soft    %guest    %gnice     %idle
17:37:28        all      0,03      0,00      0,00      0,00      0,00      0,00     25,02      0,00      0,00     74,95
17:37:28          0      0,00      0,00      0,00      0,00      0,00      0,00    100,00      0,00      0,00      0,00
17:37:28          1      0,00      0,00      0,00      0,00      0,00      0,00    100,00      0,00      0,00      0,00
17:37:28          2      0,00      0,00      0,00      0,00      0,00      0,00    100,00      0,00      0,00      0,00
17:37:28          3      0,00      0,00      0,00      0,00      0,00      0,00    100,00      0,00      0,00      0,00
17:37:28          4      0,00      0,00      0,00      0,00      0,00      0,00      0,50      0,00      0,00     99,50
17:37:28          5      0,00      0,00      0,00      0,00      0,00      0,00      0,00      0,00      0,00    100,00
17:37:28          6      0,00      0,00      0,00      0,00      0,00      0,00      0,00      0,00      0,00    100,00
17:37:28          7      0,00      0,00      0,00      0,00      0,00      0,00      0,00      0,00      0,00    100,00
17:37:28          8      0,00      0,00      0,00      0,00      0,00      0,00      0,00      0,00      0,00    100,00
17:37:28          9      0,00      0,00      0,00      0,00      0,00      0,00      0,00      0,00      0,00    100,00
17:37:28         10      0,00      0,00      0,00      0,00      0,00      0,00      0,00      0,00      0,00    100,00
17:37:28         11      0,00      0,00      0,00      0,00      0,00      0,00      0,00      0,00      0,00    100,00
17:37:28         12      0,00      0,00      0,00      0,00      0,00      0,00      0,00      0,00      0,00    100,00
17:37:28         13      0,50      0,00      0,00      0,00      0,00      0,00      0,00      0,00      0,00     99,50
17:37:28         14      0,00      0,00      0,00      0,00      0,00      0,00      0,00      0,00      0,00    100,00
17:37:28         15      0,00      0,00      0,00      0,00      0,00      0,00      0,00      0,00      0,00    100,00

17:37:26        IFACE   rxpck/s   txpck/s    rxkB/s    txkB/s   rxcmp/s   txcmp/s  rxmcst/s   %ifutil
17:37:28           lo      0,00      0,00      0,00      0,00      0,00      0,00      0,00      0,00
17:37:28         eno1      7,50      0,00      0,47      0,00      0,00      0,00      1,00      0,00
17:37:28         eno2      0,00      0,00      0,00      0,00      0,00      0,00      0,00      0,00
17:37:28      docker0      0,00      0,00      0,00      0,00      0,00      0,00      0,00      0,00
17:37:28      ens2np0 226940,00 226944,00  55848,52  55849,50      0,00      0,00      0,00      4,58
17:37:28      ens2np1      0,00      0,00      0,00      0,00      0,00      0,00      0,00      0,00

17:37:28        CPU      %usr     %nice      %sys   %iowait    %steal      %irq     %soft    %guest    %gnice     %idle
17:37:30        all      0,00      0,00      0,00      0,00      0,00      0,00     25,03      0,00      0,00     74,97
17:37:30          0      0,00      0,00      0,00      0,00      0,00      0,00    100,00      0,00      0,00      0,00
17:37:30          1      0,00      0,00      0,00      0,00      0,00      0,00    100,00      0,00      0,00      0,00
17:37:30          2      0,00      0,00      0,00      0,00      0,00      0,00    100,00      0,00      0,00      0,00
17:37:30          3      0,00      0,00      0,00      0,00      0,00      0,00    100,00      0,00      0,00      0,00
17:37:30          4      0,00      0,00      0,00      0,00      0,00      0,00      0,50      0,00      0,00     99,50
17:37:30          5      0,00      0,00      0,00      0,00      0,00      0,00      0,00      0,00      0,00    100,00
17:37:30          6      0,00      0,00      0,00      0,00      0,00      0,00      0,00      0,00      0,00    100,00
17:37:30          7      0,00      0,00      0,00      0,00      0,00      0,00      0,00      0,00      0,00    100,00
17:37:30          8      0,00      0,00      0,00      0,00      0,00      0,00      0,00      0,00      0,00    100,00
17:37:30          9      0,00      0,00      0,00      0,00      0,00      0,00      0,00      0,00      0,00    100,00
17:37:30         10      0,00      0,00      0,00      0,00      0,00      0,00      0,00      0,00      0,00    100,00
17:37:30         11      0,00      0,00      0,00      0,00      0,00      0,00      0,00      0,00      0,00    100,00
17:37:30         12      0,00      0,00      0,00      0,00      0,00      0,00      0,00      0,00      0,00    100,00
17:37:30         13      0,00      0,00      0,00      0,00      0,00      0,00      0,00      0,00      0,00    100,00
17:37:30         14      0,00      0,00      0,00      0,00      0,00      0,00      0,00      0,00      0,00    100,00
17:37:30         15      0,00      0,00      0,00      0,00      0,00      0,00      0,00      0,00      0,00    100,00

17:37:28        IFACE   rxpck/s   txpck/s    rxkB/s    txkB/s   rxcmp/s   txcmp/s  rxmcst/s   %ifutil
17:37:30           lo      0,00      0,00      0,00      0,00      0,00      0,00      0,00      0,00
17:37:30         eno1      8,50      0,00      0,53      0,00      0,00      0,00      1,00      0,00
17:37:30         eno2      0,00      0,00      0,00      0,00      0,00      0,00      0,00      0,00
17:37:30      docker0      0,00      0,00      0,00      0,00      0,00      0,00      0,00      0,00
17:37:30      ens2np0 226940,00 226944,00  55848,52  55849,50      0,00      0,00      0,00      4,58
17:37:30      ens2np1      0,00      0,00      0,00      0,00      0,00      0,00      0,00      0,00

17:37:30        CPU      %usr     %nice      %sys   %iowait    %steal      %irq     %soft    %guest    %gnice     %idle
17:37:32        all      0,50      0,00      0,25      0,00      0,00      0,00     25,09      0,00      0,00     74,17
17:37:32          0      0,00      0,00      0,00      0,00      0,00      0,00    100,00      0,00      0,00      0,00
17:37:32          1      0,00      0,00      0,00      0,00      0,00      0,00    100,00      0,00      0,00      0,00
17:37:32          2      0,00      0,00      0,00      0,00      0,00      0,00    100,00      0,00      0,00      0,00
17:37:32          3      0,00      0,00      0,00      0,00      0,00      0,00    100,00      0,00      0,00      0,00
17:37:32          4      0,98      0,00      0,00      0,00      0,00      0,00      2,44      0,00      0,00     96,59
17:37:32          5      1,49      0,00      0,50      0,00      0,00      0,00      0,00      0,00      0,00     98,02
17:37:32          6      1,51      0,00      0,50      0,00      0,00      0,00      0,00      0,00      0,00     97,99
17:37:32          7      0,50      0,00      0,00      0,00      0,00      0,00      0,00      0,00      0,00     99,50
17:37:32          8      0,50      0,00      0,00      0,00      0,00      0,00      0,00      0,00      0,00     99,50
17:37:32          9      0,00      0,00      0,50      0,00      0,00      0,00      0,00      0,00      0,00     99,50
17:37:32         10      0,50      0,00      0,50      0,00      0,00      0,00      0,00      0,00      0,00     99,01
17:37:32         11      0,50      0,00      0,50      0,00      0,00      0,00      0,00      0,00      0,00     99,00
17:37:32         12      0,50      0,00      0,50      0,00      0,00      0,00      0,00      0,00      0,00     99,00
17:37:32         13      0,50      0,00      0,50      0,00      0,00      0,00      0,00      0,00      0,00     99,00
17:37:32         14      0,00      0,00      0,00      0,00      0,00      0,00      0,00      0,00      0,00    100,00
17:37:32         15      1,00      0,00      0,50      0,00      0,00      0,00      0,00      0,00      0,00     98,50

17:37:30        IFACE   rxpck/s   txpck/s    rxkB/s    txkB/s   rxcmp/s   txcmp/s  rxmcst/s   %ifutil
17:37:32           lo      0,00      0,00      0,00      0,00      0,00      0,00      0,00      0,00
17:37:32         eno1      6,00      0,00      0,38      0,00      0,00      0,00      1,00      0,00
17:37:32         eno2      0,00      0,00      0,00      0,00      0,00      0,00      0,00      0,00
17:37:32      docker0      0,00      0,00      0,00      0,00      0,00      0,00      0,00      0,00
17:37:32      ens2np0 227136,00 227136,00  55896,75  55896,75      0,00      0,00      0,00      4,58
17:37:32      ens2np1      0,00      0,00      0,00      0,00      0,00      0,00      0,00      0,00

17:37:32        CPU      %usr     %nice      %sys   %iowait    %steal      %irq     %soft    %guest    %gnice     %idle
17:37:34        all      0,00      0,00      0,03      0,00      0,00      0,00     25,02      0,00      0,00     74,95
17:37:34          0      0,00      0,00      0,00      0,00      0,00      0,00    100,00      0,00      0,00      0,00
17:37:34          1      0,00      0,00      0,00      0,00      0,00      0,00    100,00      0,00      0,00      0,00
17:37:34          2      0,00      0,00      0,00      0,00      0,00      0,00    100,00      0,00      0,00      0,00
17:37:34          3      0,00      0,00      0,00      0,00      0,00      0,00    100,00      0,00      0,00      0,00
17:37:34          4      0,00      0,00      0,50      0,00      0,00      0,00      0,50      0,00      0,00     99,00
17:37:34          5      0,00      0,00      0,00      0,00      0,00      0,00      0,00      0,00      0,00    100,00
17:37:34          6      0,00      0,00      0,00      0,00      0,00      0,00      0,00      0,00      0,00    100,00
17:37:34          7      0,00      0,00      0,00      0,00      0,00      0,00      0,00      0,00      0,00    100,00
17:37:34          8      0,00      0,00      0,00      0,00      0,00      0,00      0,00      0,00      0,00    100,00
17:37:34          9      0,00      0,00      0,00      0,00      0,00      0,00      0,00      0,00      0,00    100,00
17:37:34         10      0,00      0,00      0,00      0,00      0,00      0,00      0,00      0,00      0,00    100,00
17:37:34         11      0,00      0,00      0,00      0,00      0,00      0,00      0,00      0,00      0,00    100,00
17:37:34         12      0,00      0,00      0,00      0,00      0,00      0,00      0,00      0,00      0,00    100,00
17:37:34         13      0,00      0,00      0,00      0,00      0,00      0,00      0,00      0,00      0,00    100,00
17:37:34         14      0,00      0,00      0,00      0,00      0,00      0,00      0,00      0,00      0,00    100,00
17:37:34         15      0,00      0,00      0,00      0,00      0,00      0,00      0,00      0,00      0,00    100,00

17:37:32        IFACE   rxpck/s   txpck/s    rxkB/s    txkB/s   rxcmp/s   txcmp/s  rxmcst/s   %ifutil
17:37:34           lo      0,00      0,00      0,00      0,00      0,00      0,00      0,00      0,00
17:37:34         eno1      6,50      0,00      0,41      0,00      0,00      0,00      1,00      0,00
17:37:34         eno2      0,00      0,00      0,00      0,00      0,00      0,00      0,00      0,00
17:37:34      docker0      0,00      0,00      0,00      0,00      0,00      0,00      0,00      0,00
17:37:34      ens2np0 227572,00 227584,00  56004,05  56007,00      0,00      0,00      0,00      4,59
17:37:34      ens2np1      0,00      0,00      0,00      0,00      0,00      0,00      0,00      0,00

17:37:34        CPU      %usr     %nice      %sys   %iowait    %steal      %irq     %soft    %guest    %gnice     %idle
17:37:36        all      0,06      0,00      0,09      0,00      0,00      0,00     25,04      0,00      0,00     74,80
17:37:36          0      0,00      0,00      0,00      0,00      0,00      0,00    100,00      0,00      0,00      0,00
17:37:36          1      0,00      0,00      0,00      0,00      0,00      0,00    100,00      0,00      0,00      0,00
17:37:36          2      0,00      0,00      0,00      0,00      0,00      0,00    100,00      0,00      0,00      0,00
17:37:36          3      0,00      0,00      0,00      0,00      0,00      0,00    100,00      0,00      0,00      0,00
17:37:36          4      0,50      0,00      0,00      0,00      0,00      0,00      1,00      0,00      0,00     98,51
17:37:36          5      0,00      0,00      0,00      0,00      0,00      0,00      0,00      0,00      0,00    100,00
17:37:36          6      0,00      0,00      0,50      0,00      0,00      0,00      0,00      0,00      0,00     99,50
17:37:36          7      0,50      0,00      0,50      0,00      0,00      0,00      0,00      0,00      0,00     99,00
17:37:36          8      0,00      0,00      0,00      0,00      0,00      0,00      0,00      0,00      0,00    100,00
17:37:36          9      0,00      0,00      0,00      0,00      0,00      0,00      0,00      0,00      0,00    100,00
17:37:36         10      0,00      0,00      0,00      0,00      0,00      0,00      0,00      0,00      0,00    100,00
17:37:36         11      0,00      0,00      0,00      0,00      0,00      0,00      0,00      0,00      0,00    100,00
17:37:36         12      0,00      0,00      0,00      0,00      0,00      0,00      0,00      0,00      0,00    100,00
17:37:36         13      0,00      0,00      0,00      0,00      0,00      0,00      0,00      0,00      0,00    100,00
17:37:36         14      0,00      0,00      0,50      0,00      0,00      0,00      0,00      0,00      0,00     99,50
17:37:36         15      0,00      0,00      0,00      0,00      0,00      0,00      0,00      0,00      0,00    100,00

17:37:34        IFACE   rxpck/s   txpck/s    rxkB/s    txkB/s   rxcmp/s   txcmp/s  rxmcst/s   %ifutil
17:37:36           lo      0,00      0,00      0,00      0,00      0,00      0,00      0,00      0,00
17:37:36         eno1      7,00      1,50      0,45      0,12      0,00      0,00      1,00      0,00
17:37:36         eno2      0,00      0,00      0,00      0,00      0,00      0,00      0,00      0,00
17:37:36      docker0      0,00      0,00      0,00      0,00      0,00      0,00      0,00      0,00
17:37:36      ens2np0 227548,00 227520,00  55998,14  55991,25      0,00      0,00      0,00      4,59
17:37:36      ens2np1      0,00      0,00      0,00      0,00      0,00      0,00      0,00      0,00

17:37:36        CPU      %usr     %nice      %sys   %iowait    %steal      %irq     %soft    %guest    %gnice     %idle
17:37:38        all      0,03      0,00      0,00      0,00      0,00      0,00     25,02      0,00      0,00     74,95
17:37:38          0      0,00      0,00      0,00      0,00      0,00      0,00    100,00      0,00      0,00      0,00
17:37:38          1      0,00      0,00      0,00      0,00      0,00      0,00    100,00      0,00      0,00      0,00
17:37:38          2      0,00      0,00      0,00      0,00      0,00      0,00    100,00      0,00      0,00      0,00
17:37:38          3      0,00      0,00      0,00      0,00      0,00      0,00    100,00      0,00      0,00      0,00
17:37:38          4      0,00      0,00      0,00      0,00      0,00      0,00      0,50      0,00      0,00     99,50
17:37:38          5      0,00      0,00      0,00      0,00      0,00      0,00      0,00      0,00      0,00    100,00
17:37:38          6      0,00      0,00      0,00      0,00      0,00      0,00      0,00      0,00      0,00    100,00
17:37:38          7      0,50      0,00      0,00      0,00      0,00      0,00      0,00      0,00      0,00     99,50
17:37:38          8      0,00      0,00      0,00      0,00      0,00      0,00      0,00      0,00      0,00    100,00
17:37:38          9      0,00      0,00      0,00      0,00      0,00      0,00      0,00      0,00      0,00    100,00
17:37:38         10      0,00      0,00      0,00      0,00      0,00      0,00      0,00      0,00      0,00    100,00
17:37:38         11      0,00      0,00      0,00      0,00      0,00      0,00      0,00      0,00      0,00    100,00
17:37:38         12      0,00      0,00      0,00      0,00      0,00      0,00      0,00      0,00      0,00    100,00
17:37:38         13      0,00      0,00      0,00      0,00      0,00      0,00      0,00      0,00      0,00    100,00
17:37:38         14      0,00      0,00      0,00      0,00      0,00      0,00      0,00      0,00      0,00    100,00
17:37:38         15      0,00      0,00      0,00      0,00      0,00      0,00      0,00      0,00      0,00    100,00

17:37:36        IFACE   rxpck/s   txpck/s    rxkB/s    txkB/s   rxcmp/s   txcmp/s  rxmcst/s   %ifutil
17:37:38           lo      0,00      0,00      0,00      0,00      0,00      0,00      0,00      0,00
17:37:38         eno1     13,00      5,50      1,16      1,05      0,00      0,00      1,00      0,00
17:37:38         eno2      0,00      0,00      0,00      0,00      0,00      0,00      0,00      0,00
17:37:38      docker0      0,00      0,00      0,00      0,00      0,00      0,00      0,00      0,00
17:37:38      ens2np0 227644,00 227648,00  56021,77  56022,75      0,00      0,00      0,00      4,59
17:37:38      ens2np1      0,00      0,00      0,00      0,00      0,00      0,00      0,00      0,00

17:37:38        CPU      %usr     %nice      %sys   %iowait    %steal      %irq     %soft    %guest    %gnice     %idle
17:37:40        all      0,00      0,00      0,00      0,00      0,00      0,00     25,12      0,00      0,00     74,88
17:37:40          0      0,00      0,00      0,00      0,00      0,00      0,00    100,00      0,00      0,00      0,00
17:37:40          1      0,00      0,00      0,00      0,00      0,00      0,00    100,00      0,00      0,00      0,00
17:37:40          2      0,00      0,00      0,00      0,00      0,00      0,00    100,00      0,00      0,00      0,00
17:37:40          3      0,00      0,00      0,00      0,00      0,00      0,00    100,00      0,00      0,00      0,00
17:37:40          4      0,00      0,00      0,00      0,00      0,00      0,00      1,97      0,00      0,00     98,03
17:37:40          5      0,00      0,00      0,00      0,00      0,00      0,00      0,00      0,00      0,00    100,00
17:37:40          6      0,00      0,00      0,00      0,00      0,00      0,00      0,00      0,00      0,00    100,00
17:37:40          7      0,00      0,00      0,00      0,00      0,00      0,00      0,00      0,00      0,00    100,00
17:37:40          8      0,00      0,00      0,00      0,00      0,00      0,00      0,00      0,00      0,00    100,00
17:37:40          9      0,00      0,00      0,00      0,00      0,00      0,00      0,00      0,00      0,00    100,00
17:37:40         10      0,00      0,00      0,00      0,00      0,00      0,00      0,00      0,00      0,00    100,00
17:37:40         11      0,00      0,00      0,00      0,00      0,00      0,00      0,00      0,00      0,00    100,00
17:37:40         12      0,00      0,00      0,00      0,00      0,00      0,00      0,00      0,00      0,00    100,00
17:37:40         13      0,00      0,00      0,00      0,00      0,00      0,00      0,00      0,00      0,00    100,00
17:37:40         14      0,00      0,00      0,00      0,00      0,00      0,00      0,00      0,00      0,00    100,00
17:37:40         15      0,00      0,00      0,00      0,00      0,00      0,00      0,00      0,00      0,00    100,00

17:37:38        IFACE   rxpck/s   txpck/s    rxkB/s    txkB/s   rxcmp/s   txcmp/s  rxmcst/s   %ifutil
17:37:40           lo      0,00      0,00      0,00      0,00      0,00      0,00      0,00      0,00
17:37:40         eno1      8,50      1,50      0,57      0,14      0,00      0,00      1,00      0,00
17:37:40         eno2      0,00      0,00      0,00      0,00      0,00      0,00      0,00      0,00
17:37:40      docker0      0,00      0,00      0,00      0,00      0,00      0,00      0,00      0,00
17:37:40      ens2np0 227832,00 227872,00  56068,03  56077,87      0,00      0,00      0,00      4,59
17:37:40      ens2np1      0,00      0,00      0,00      0,00      0,00      0,00      0,00      0,00

17:37:40        CPU      %usr     %nice      %sys   %iowait    %steal      %irq     %soft    %guest    %gnice     %idle
17:37:42        all      0,44      0,00      0,19      0,06      0,00      0,00     25,06      0,00      0,00     74,25
17:37:42          0      0,00      0,00      0,00      0,00      0,00      0,00    100,00      0,00      0,00      0,00
17:37:42          1      0,00      0,00      0,00      0,00      0,00      0,00    100,00      0,00      0,00      0,00
17:37:42          2      0,00      0,00      0,00      0,00      0,00      0,00    100,00      0,00      0,00      0,00
17:37:42          3      0,00      0,00      0,00      0,00      0,00      0,00    100,00      0,00      0,00      0,00
17:37:42          4      0,99      0,00      0,50      0,50      0,00      0,00      0,99      0,00      0,00     97,03
17:37:42          5      1,01      0,00      0,50      0,00      0,00      0,00      0,00      0,00      0,00     98,49
17:37:42          6      0,50      0,00      0,00      0,00      0,00      0,00      0,00      0,00      0,00     99,50
17:37:42          7      0,50      0,00      0,99      0,50      0,00      0,00      0,00      0,00      0,00     98,02
17:37:42          8      0,51      0,00      0,00      0,00      0,00      0,00      0,00      0,00      0,00     99,49
17:37:42          9      0,00      0,00      0,00      0,00      0,00      0,00      0,00      0,00      0,00    100,00
17:37:42         10      0,00      0,00      0,00      0,00      0,00      0,00      0,00      0,00      0,00    100,00
17:37:42         11      0,50      0,00      0,50      0,00      0,00      0,00      0,00      0,00      0,00     99,00
17:37:42         12      0,50      0,00      0,50      0,00      0,00      0,00      0,00      0,00      0,00     99,00
17:37:42         13      0,50      0,00      0,00      0,00      0,00      0,00      0,00      0,00      0,00     99,50
17:37:42         14      0,50      0,00      0,00      0,00      0,00      0,00      0,00      0,00      0,00     99,50
17:37:42         15      1,50      0,00      0,00      0,00      0,00      0,00      0,00      0,00      0,00     98,50

17:37:40        IFACE   rxpck/s   txpck/s    rxkB/s    txkB/s   rxcmp/s   txcmp/s  rxmcst/s   %ifutil
17:37:42           lo      0,00      0,00      0,00      0,00      0,00      0,00      0,00      0,00
17:37:42         eno1      7,50      3,00      0,71      0,74      0,00      0,00      1,00      0,00
17:37:42         eno2      0,00      0,00      0,00      0,00      0,00      0,00      0,00      0,00
17:37:42      docker0      0,00      0,00      0,00      0,00      0,00      0,00      0,00      0,00
17:37:42      ens2np0 227188,00 227168,00  55909,55  55904,62      0,00      0,00      0,00      4,58
17:37:42      ens2np1      0,00      0,00      0,00      0,00      0,00      0,00      0,00      0,00

17:37:42        CPU      %usr     %nice      %sys   %iowait    %steal      %irq     %soft    %guest    %gnice     %idle
17:37:44        all      0,03      0,00      0,03      0,00      0,00      0,00     25,05      0,00      0,00     74,89
17:37:44          0      0,00      0,00      0,00      0,00      0,00      0,00    100,00      0,00      0,00      0,00
17:37:44          1      0,00      0,00      0,00      0,00      0,00      0,00    100,00      0,00      0,00      0,00
17:37:44          2      0,00      0,00      0,00      0,00      0,00      0,00    100,00      0,00      0,00      0,00
17:37:44          3      0,00      0,00      0,00      0,00      0,00      0,00    100,00      0,00      0,00      0,00
17:37:44          4      0,00      0,00      0,00      0,00      0,00      0,00      1,00      0,00      0,00     99,00
17:37:44          5      0,00      0,00      0,00      0,00      0,00      0,00      0,00      0,00      0,00    100,00
17:37:44          6      0,00      0,00      0,00      0,00      0,00      0,00      0,00      0,00      0,00    100,00
17:37:44          7      0,50      0,00      0,00      0,00      0,00      0,00      0,00      0,00      0,00     99,50
17:37:44          8      0,00      0,00      0,00      0,00      0,00      0,00      0,00      0,00      0,00    100,00
17:37:44          9      0,00      0,00      0,00      0,00      0,00      0,00      0,00      0,00      0,00    100,00
17:37:44         10      0,00      0,00      0,00      0,00      0,00      0,00      0,00      0,00      0,00    100,00
17:37:44         11      0,00      0,00      0,00      0,00      0,00      0,00      0,00      0,00      0,00    100,00
17:37:44         12      0,00      0,00      0,00      0,00      0,00      0,00      0,00      0,00      0,00    100,00
17:37:44         13      0,00      0,00      0,00      0,00      0,00      0,00      0,00      0,00      0,00    100,00
17:37:44         14      0,00      0,00      0,50      0,00      0,00      0,00      0,00      0,00      0,00     99,50
17:37:44         15      0,00      0,00      0,00      0,00      0,00      0,00      0,00      0,00      0,00    100,00

17:37:42        IFACE   rxpck/s   txpck/s    rxkB/s    txkB/s   rxcmp/s   txcmp/s  rxmcst/s   %ifutil
17:37:44           lo      0,00      0,00      0,00      0,00      0,00      0,00      0,00      0,00
17:37:44         eno1      8,50      3,00      0,64      0,37      0,00      0,00      1,00      0,00
17:37:44         eno2      0,00      0,00      0,00      0,00      0,00      0,00      0,00      0,00
17:37:44      docker0      0,00      0,00      0,00      0,00      0,00      0,00      0,00      0,00
17:37:44      ens2np0 227588,00 227584,00  56007,98  56007,00      0,00      0,00      0,00      4,59
17:37:44      ens2np1      0,00      0,00      0,00      0,00      0,00      0,00      0,00      0,00

Average:        CPU      %usr     %nice      %sys   %iowait    %steal      %irq     %soft    %guest    %gnice     %idle
Average:        all      0,10      0,00      0,04      0,00      0,00      0,00     19,65      0,00      0,00     80,20
Average:          0      0,08      0,00      0,00      0,00      0,00      0,00     78,37      0,00      0,00     21,55
Average:          1      0,02      0,00      0,00      0,00      0,00      0,00     78,40      0,00      0,00     21,58
Average:          2      0,02      0,00      0,00      0,00      0,00      0,00     78,38      0,00      0,00     21,60
Average:          3      0,02      0,00      0,00      0,00      0,00      0,00     78,41      0,00      0,00     21,57
Average:          4      0,22      0,00      0,06      0,04      0,00      0,00      0,97      0,00      0,00     98,71
Average:          5      0,26      0,00      0,10      0,00      0,00      0,00      0,00      0,00      0,00     99,64
Average:          6      0,10      0,00      0,06      0,00      0,00      0,00      0,00      0,00      0,00     99,84
Average:          7      0,20      0,00      0,14      0,02      0,00      0,00      0,00      0,00      0,00     99,64
Average:          8      0,06      0,00      0,02      0,00      0,00      0,00      0,00      0,00      0,00     99,92
Average:          9      0,06      0,00      0,02      0,00      0,00      0,00      0,00      0,00      0,00     99,92
Average:         10      0,04      0,00      0,02      0,00      0,00      0,00      0,00      0,00      0,00     99,94
Average:         11      0,06      0,00      0,04      0,00      0,00      0,00      0,00      0,00      0,00     99,90
Average:         12      0,16      0,00      0,10      0,00      0,00      0,00      0,00      0,00      0,00     99,74
Average:         13      0,10      0,00      0,02      0,00      0,00      0,00      0,00      0,00      0,00     99,88
Average:         14      0,10      0,00      0,06      0,00      0,00      0,00      0,00      0,00      0,00     99,84
Average:         15      0,16      0,00      0,08      0,00      0,00      0,00      0,00      0,00      0,00     99,76

Average:        IFACE   rxpck/s   txpck/s    rxkB/s    txkB/s   rxcmp/s   txcmp/s  rxmcst/s   %ifutil
Average:           lo      0,00      0,00      0,00      0,00      0,00      0,00      0,00      0,00
Average:         eno1      7,68      2,22      0,66      0,42      0,00      0,00      1,06      0,00
Average:         eno2      0,00      0,00      0,00      0,00      0,00      0,00      0,00      0,00
Average:      docker0      0,00      0,00      0,00      0,00      0,00      0,00      0,00      0,00
Average:      ens2np0 178350,40 178346,54  43890,92  43889,97      0,00      0,00      0,00      3,60
Average:      ens2np1      0,00      0,00      0,00      0,00      0,00      0,00      0,00      0,00
