Linux 5.13.0-52-generic (w1) 	21/07/2022 	_x86_64_	(16 CPU)

14:08:40        CPU      %usr     %nice      %sys   %iowait    %steal      %irq     %soft    %guest    %gnice     %idle
14:08:42        all      0,06      0,00      0,03      0,00      0,00      0,00      0,00      0,00      0,00     99,91
14:08:42          0      0,00      0,00      0,00      0,00      0,00      0,00      0,00      0,00      0,00    100,00
14:08:42          1      0,00      0,00      0,00      0,00      0,00      0,00      0,00      0,00      0,00    100,00
14:08:42          2      0,00      0,00      0,00      0,00      0,00      0,00      0,00      0,00      0,00    100,00
14:08:42          3      0,00      0,00      0,00      0,00      0,00      0,00      0,00      0,00      0,00    100,00
14:08:42          4      0,00      0,00      0,00      0,00      0,00      0,00      0,00      0,00      0,00    100,00
14:08:42          5      0,00      0,00      0,00      0,00      0,00      0,00      0,00      0,00      0,00    100,00
14:08:42          6      0,00      0,00      0,00      0,00      0,00      0,00      0,00      0,00      0,00    100,00
14:08:42          7      0,00      0,00      0,00      0,00      0,00      0,00      0,00      0,00      0,00    100,00
14:08:42          8      0,00      0,00      0,00      0,00      0,00      0,00      0,00      0,00      0,00    100,00
14:08:42          9      0,00      0,00      0,00      0,00      0,00      0,00      0,00      0,00      0,00    100,00
14:08:42         10      0,00      0,00      0,00      0,00      0,00      0,00      0,00      0,00      0,00    100,00
14:08:42         11      0,50      0,00      0,50      0,00      0,00      0,00      0,00      0,00      0,00     99,00
14:08:42         12      0,00      0,00      0,00      0,00      0,00      0,00      0,00      0,00      0,00    100,00
14:08:42         13      0,00      0,00      0,00      0,00      0,00      0,00      0,00      0,00      0,00    100,00
14:08:42         14      0,50      0,00      0,00      0,00      0,00      0,00      0,00      0,00      0,00     99,50
14:08:42         15      0,00      0,00      0,00      0,00      0,00      0,00      0,00      0,00      0,00    100,00

14:08:40        IFACE   rxpck/s   txpck/s    rxkB/s    txkB/s   rxcmp/s   txcmp/s  rxmcst/s   %ifutil
14:08:42           lo      0,00      0,00      0,00      0,00      0,00      0,00      0,00      0,00
14:08:42         eno1     20,00     17,00      3,61      3,32      0,00      0,00      1,00      0,00
14:08:42         eno2      0,00      0,00      0,00      0,00      0,00      0,00      0,00      0,00
14:08:42      docker0      0,00      0,00      0,00      0,00      0,00      0,00      0,00      0,00
14:08:42      ens2np0      0,00      0,00      0,00      0,00      0,00      0,00      0,00      0,00
14:08:42      ens2np1      0,00      0,00      0,00      0,00      0,00      0,00      0,00      0,00

14:08:42        CPU      %usr     %nice      %sys   %iowait    %steal      %irq     %soft    %guest    %gnice     %idle
14:08:44        all      0,06      0,00      0,03      0,00      0,00      0,00      0,00      0,00      0,00     99,91
14:08:44          0      0,00      0,00      0,00      0,00      0,00      0,00      0,00      0,00      0,00    100,00
14:08:44          1      0,00      0,00      0,00      0,00      0,00      0,00      0,00      0,00      0,00    100,00
14:08:44          2      0,00      0,00      0,00      0,00      0,00      0,00      0,00      0,00      0,00    100,00
14:08:44          3      0,00      0,00      0,00      0,00      0,00      0,00      0,00      0,00      0,00    100,00
14:08:44          4      0,00      0,00      0,00      0,00      0,00      0,00      0,00      0,00      0,00    100,00
14:08:44          5      0,00      0,00      0,00      0,00      0,00      0,00      0,00      0,00      0,00    100,00
14:08:44          6      0,00      0,00      0,00      0,00      0,00      0,00      0,00      0,00      0,00    100,00
14:08:44          7      0,00      0,00      0,00      0,00      0,00      0,00      0,00      0,00      0,00    100,00
14:08:44          8      0,00      0,00      0,00      0,00      0,00      0,00      0,00      0,00      0,00    100,00
14:08:44          9      0,00      0,00      0,00      0,00      0,00      0,00      0,00      0,00      0,00    100,00
14:08:44         10      0,00      0,00      0,00      0,00      0,00      0,00      0,00      0,00      0,00    100,00
14:08:44         11      0,00      0,00      0,00      0,00      0,00      0,00      0,00      0,00      0,00    100,00
14:08:44         12      0,00      0,00      0,00      0,00      0,00      0,00      0,00      0,00      0,00    100,00
14:08:44         13      0,99      0,00      0,50      0,00      0,00      0,00      0,00      0,00      0,00     98,51
14:08:44         14      0,00      0,00      0,00      0,00      0,00      0,00      0,00      0,00      0,00    100,00
14:08:44         15      0,00      0,00      0,00      0,00      0,00      0,00      0,00      0,00      0,00    100,00

14:08:42        IFACE   rxpck/s   txpck/s    rxkB/s    txkB/s   rxcmp/s   txcmp/s  rxmcst/s   %ifutil
14:08:44           lo      0,00      0,00      0,00      0,00      0,00      0,00      0,00      0,00
14:08:44         eno1     10,00      4,50      1,16      1,04      0,00      0,00      1,00      0,00
14:08:44         eno2      0,00      0,00      0,00      0,00      0,00      0,00      0,00      0,00
14:08:44      docker0      0,00      0,00      0,00      0,00      0,00      0,00      0,00      0,00
14:08:44      ens2np0      0,00      0,00      0,00      0,00      0,00      0,00      0,00      0,00
14:08:44      ens2np1      0,00      0,00      0,00      0,00      0,00      0,00      0,00      0,00

14:08:44        CPU      %usr     %nice      %sys   %iowait    %steal      %irq     %soft    %guest    %gnice     %idle
14:08:46        all      0,00      0,00      0,00      0,00      0,00      0,00      0,00      0,00      0,00    100,00
14:08:46          0      0,00      0,00      0,00      0,00      0,00      0,00      0,00      0,00      0,00    100,00
14:08:46          1      0,00      0,00      0,00      0,00      0,00      0,00      0,00      0,00      0,00    100,00
14:08:46          2      0,00      0,00      0,00      0,00      0,00      0,00      0,00      0,00      0,00    100,00
14:08:46          3      0,00      0,00      0,00      0,00      0,00      0,00      0,00      0,00      0,00    100,00
14:08:46          4      0,00      0,00      0,00      0,00      0,00      0,00      0,00      0,00      0,00    100,00
14:08:46          5      0,00      0,00      0,00      0,00      0,00      0,00      0,00      0,00      0,00    100,00
14:08:46          6      0,00      0,00      0,00      0,00      0,00      0,00      0,00      0,00      0,00    100,00
14:08:46          7      0,00      0,00      0,00      0,00      0,00      0,00      0,00      0,00      0,00    100,00
14:08:46          8      0,00      0,00      0,00      0,00      0,00      0,00      0,00      0,00      0,00    100,00
14:08:46          9      0,00      0,00      0,00      0,00      0,00      0,00      0,00      0,00      0,00    100,00
14:08:46         10      0,00      0,00      0,00      0,00      0,00      0,00      0,00      0,00      0,00    100,00
14:08:46         11      0,00      0,00      0,00      0,00      0,00      0,00      0,00      0,00      0,00    100,00
14:08:46         12      0,00      0,00      0,00      0,00      0,00      0,00      0,00      0,00      0,00    100,00
14:08:46         13      0,00      0,00      0,00      0,00      0,00      0,00      0,00      0,00      0,00    100,00
14:08:46         14      0,00      0,00      0,00      0,00      0,00      0,00      0,00      0,00      0,00    100,00
14:08:46         15      0,00      0,00      0,00      0,00      0,00      0,00      0,00      0,00      0,00    100,00

14:08:44        IFACE   rxpck/s   txpck/s    rxkB/s    txkB/s   rxcmp/s   txcmp/s  rxmcst/s   %ifutil
14:08:46           lo      0,00      0,00      0,00      0,00      0,00      0,00      0,00      0,00
14:08:46         eno1      8,00      3,00      0,73      0,43      0,00      0,00      1,00      0,00
14:08:46         eno2      0,00      0,00      0,00      0,00      0,00      0,00      0,00      0,00
14:08:46      docker0      0,00      0,00      0,00      0,00      0,00      0,00      0,00      0,00
14:08:46      ens2np0      0,00      0,00      0,00      0,00      0,00      0,00      0,00      0,00
14:08:46      ens2np1      0,00      0,00      0,00      0,00      0,00      0,00      0,00      0,00

14:08:46        CPU      %usr     %nice      %sys   %iowait    %steal      %irq     %soft    %guest    %gnice     %idle
14:08:48        all      0,06      0,00      0,00      0,03      0,00      0,00      0,00      0,00      0,00     99,91
14:08:48          0      0,00      0,00      0,00      0,00      0,00      0,00      0,00      0,00      0,00    100,00
14:08:48          1      0,00      0,00      0,00      0,00      0,00      0,00      0,00      0,00      0,00    100,00
14:08:48          2      0,00      0,00      0,00      0,00      0,00      0,00      0,00      0,00      0,00    100,00
14:08:48          3      0,00      0,00      0,00      0,00      0,00      0,00      0,00      0,00      0,00    100,00
14:08:48          4      0,00      0,00      0,00      0,50      0,00      0,00      0,00      0,00      0,00     99,50
14:08:48          5      0,00      0,00      0,00      0,00      0,00      0,00      0,00      0,00      0,00    100,00
14:08:48          6      0,00      0,00      0,00      0,00      0,00      0,00      0,00      0,00      0,00    100,00
14:08:48          7      0,00      0,00      0,00      0,00      0,00      0,00      0,00      0,00      0,00    100,00
14:08:48          8      0,00      0,00      0,00      0,00      0,00      0,00      0,00      0,00      0,00    100,00
14:08:48          9      0,00      0,00      0,00      0,00      0,00      0,00      0,00      0,00      0,00    100,00
14:08:48         10      0,00      0,00      0,00      0,00      0,00      0,00      0,00      0,00      0,00    100,00
14:08:48         11      0,00      0,00      0,00      0,00      0,00      0,00      0,00      0,00      0,00    100,00
14:08:48         12      0,00      0,00      0,00      0,00      0,00      0,00      0,00      0,00      0,00    100,00
14:08:48         13      1,00      0,00      0,00      0,00      0,00      0,00      0,00      0,00      0,00     99,00
14:08:48         14      0,00      0,00      0,00      0,00      0,00      0,00      0,00      0,00      0,00    100,00
14:08:48         15      0,00      0,00      0,00      0,00      0,00      0,00      0,00      0,00      0,00    100,00

14:08:46        IFACE   rxpck/s   txpck/s    rxkB/s    txkB/s   rxcmp/s   txcmp/s  rxmcst/s   %ifutil
14:08:48           lo      0,00      0,00      0,00      0,00      0,00      0,00      0,00      0,00
14:08:48         eno1     13,50      6,00      1,40      1,07      0,00      0,00      1,00      0,00
14:08:48         eno2      0,00      0,00      0,00      0,00      0,00      0,00      0,00      0,00
14:08:48      docker0      0,00      0,00      0,00      0,00      0,00      0,00      0,00      0,00
14:08:48      ens2np0      0,00      0,00      0,00      0,00      0,00      0,00      0,00      0,00
14:08:48      ens2np1      0,00      0,00      0,00      0,00      0,00      0,00      0,00      0,00

14:08:48        CPU      %usr     %nice      %sys   %iowait    %steal      %irq     %soft    %guest    %gnice     %idle
14:08:50        all      0,31      0,00      0,19      0,00      0,00      0,00      0,00      0,00      0,00     99,50
14:08:50          0      0,00      0,00      0,50      0,00      0,00      0,00      0,00      0,00      0,00     99,50
14:08:50          1      0,50      0,00      0,50      0,00      0,00      0,00      0,00      0,00      0,00     99,00
14:08:50          2      0,50      0,00      0,00      0,00      0,00      0,00      0,00      0,00      0,00     99,50
14:08:50          3      0,00      0,00      0,00      0,00      0,00      0,00      0,00      0,00      0,00    100,00
14:08:50          4      0,00      0,00      0,00      0,00      0,00      0,00      0,00      0,00      0,00    100,00
14:08:50          5      0,50      0,00      0,00      0,00      0,00      0,00      0,00      0,00      0,00     99,50
14:08:50          6      0,00      0,00      0,00      0,00      0,00      0,00      0,00      0,00      0,00    100,00
14:08:50          7      0,50      0,00      0,00      0,00      0,00      0,00      0,00      0,00      0,00     99,50
14:08:50          8      0,00      0,00      0,50      0,00      0,00      0,00      0,00      0,00      0,00     99,50
14:08:50          9      0,50      0,00      0,00      0,00      0,00      0,00      0,00      0,00      0,00     99,50
14:08:50         10      0,00      0,00      0,00      0,00      0,00      0,00      0,00      0,00      0,00    100,00
14:08:50         11      0,00      0,00      0,00      0,00      0,00      0,00      0,00      0,00      0,00    100,00
14:08:50         12      1,00      0,00      0,00      0,00      0,00      0,00      0,00      0,00      0,00     99,00
14:08:50         13      0,00      0,00      0,50      0,00      0,00      0,00      0,00      0,00      0,00     99,50
14:08:50         14      1,50      0,00      1,00      0,00      0,00      0,00      0,00      0,00      0,00     97,50
14:08:50         15      0,00      0,00      0,00      0,00      0,00      0,00      0,00      0,00      0,00    100,00

14:08:48        IFACE   rxpck/s   txpck/s    rxkB/s    txkB/s   rxcmp/s   txcmp/s  rxmcst/s   %ifutil
14:08:50           lo      0,00      0,00      0,00      0,00      0,00      0,00      0,00      0,00
14:08:50         eno1     13,50      5,50      1,15      0,68      0,00      0,00      1,50      0,00
14:08:50         eno2      0,00      0,00      0,00      0,00      0,00      0,00      0,00      0,00
14:08:50      docker0      0,00      0,00      0,00      0,00      0,00      0,00      0,00      0,00
14:08:50      ens2np0      0,00      0,00      0,00      0,00      0,00      0,00      0,00      0,00
14:08:50      ens2np1      0,00      0,00      0,00      0,00      0,00      0,00      0,00      0,00

14:08:50        CPU      %usr     %nice      %sys   %iowait    %steal      %irq     %soft    %guest    %gnice     %idle
14:08:52        all      0,00      0,00      0,00      0,00      0,00      0,00      7,63      0,00      0,00     92,37
14:08:52          0      0,00      0,00      0,00      0,00      0,00      0,00     61,31      0,00      0,00     38,69
14:08:52          1      0,00      0,00      0,00      0,00      0,00      0,00     61,62      0,00      0,00     38,38
14:08:52          2      0,00      0,00      0,00      0,00      0,00      0,00      0,00      0,00      0,00    100,00
14:08:52          3      0,00      0,00      0,00      0,00      0,00      0,00      0,00      0,00      0,00    100,00
14:08:52          4      0,00      0,00      0,00      0,00      0,00      0,00      0,00      0,00      0,00    100,00
14:08:52          5      0,00      0,00      0,00      0,00      0,00      0,00      0,00      0,00      0,00    100,00
14:08:52          6      0,00      0,00      0,00      0,00      0,00      0,00      0,00      0,00      0,00    100,00
14:08:52          7      0,00      0,00      0,00      0,00      0,00      0,00      0,00      0,00      0,00    100,00
14:08:52          8      0,00      0,00      0,00      0,00      0,00      0,00      0,00      0,00      0,00    100,00
14:08:52          9      0,00      0,00      0,00      0,00      0,00      0,00      0,00      0,00      0,00    100,00
14:08:52         10      0,00      0,00      0,00      0,00      0,00      0,00      0,00      0,00      0,00    100,00
14:08:52         11      0,00      0,00      0,00      0,00      0,00      0,00      0,00      0,00      0,00    100,00
14:08:52         12      0,00      0,00      0,00      0,00      0,00      0,00      0,00      0,00      0,00    100,00
14:08:52         13      0,00      0,00      0,00      0,00      0,00      0,00      0,00      0,00      0,00    100,00
14:08:52         14      0,00      0,00      0,00      0,00      0,00      0,00      0,00      0,00      0,00    100,00
14:08:52         15      0,00      0,00      0,00      0,00      0,00      0,00      0,00      0,00      0,00    100,00

14:08:50        IFACE   rxpck/s   txpck/s    rxkB/s    txkB/s   rxcmp/s   txcmp/s  rxmcst/s   %ifutil
14:08:52           lo      0,00      0,00      0,00      0,00      0,00      0,00      0,00      0,00
14:08:52         eno1      8,00      1,50      0,55      0,14      0,00      0,00      1,00      0,00
14:08:52         eno2      0,00      0,00      0,00      0,00      0,00      0,00      0,00      0,00
14:08:52      docker0      0,00      0,00      0,00      0,00      0,00      0,00      0,00      0,00
14:08:52      ens2np0 188736,00 188701,00  22854,75  22850,51      0,00      0,00      0,00      1,87
14:08:52      ens2np1      0,00      0,00      0,00      0,00      0,00      0,00      0,00      0,00

14:08:52        CPU      %usr     %nice      %sys   %iowait    %steal      %irq     %soft    %guest    %gnice     %idle
14:08:54        all      0,00      0,00      0,00      0,00      0,00      0,00     12,50      0,00      0,00     87,50
14:08:54          0      0,00      0,00      0,00      0,00      0,00      0,00    100,00      0,00      0,00      0,00
14:08:54          1      0,00      0,00      0,00      0,00      0,00      0,00    100,00      0,00      0,00      0,00
14:08:54          2      0,00      0,00      0,00      0,00      0,00      0,00      0,00      0,00      0,00    100,00
14:08:54          3      0,00      0,00      0,00      0,00      0,00      0,00      0,00      0,00      0,00    100,00
14:08:54          4      0,00      0,00      0,00      0,00      0,00      0,00      0,00      0,00      0,00    100,00
14:08:54          5      0,00      0,00      0,00      0,00      0,00      0,00      0,00      0,00      0,00    100,00
14:08:54          6      0,00      0,00      0,00      0,00      0,00      0,00      0,00      0,00      0,00    100,00
14:08:54          7      0,00      0,00      0,00      0,00      0,00      0,00      0,00      0,00      0,00    100,00
14:08:54          8      0,00      0,00      0,00      0,00      0,00      0,00      0,00      0,00      0,00    100,00
14:08:54          9      0,00      0,00      0,00      0,00      0,00      0,00      0,00      0,00      0,00    100,00
14:08:54         10      0,00      0,00      0,00      0,00      0,00      0,00      0,00      0,00      0,00    100,00
14:08:54         11      0,00      0,00      0,00      0,00      0,00      0,00      0,00      0,00      0,00    100,00
14:08:54         12      0,00      0,00      0,00      0,00      0,00      0,00      0,00      0,00      0,00    100,00
14:08:54         13      0,00      0,00      0,00      0,00      0,00      0,00      0,00      0,00      0,00    100,00
14:08:54         14      0,00      0,00      0,00      0,00      0,00      0,00      0,00      0,00      0,00    100,00
14:08:54         15      0,00      0,00      0,00      0,00      0,00      0,00      0,00      0,00      0,00    100,00

14:08:52        IFACE   rxpck/s   txpck/s    rxkB/s    txkB/s   rxcmp/s   txcmp/s  rxmcst/s   %ifutil
14:08:54           lo      0,00      0,00      0,00      0,00      0,00      0,00      0,00      0,00
14:08:54         eno1      7,50      1,50      0,57      0,14      0,00      0,00      1,00      0,00
14:08:54         eno2      0,00      0,00      0,00      0,00      0,00      0,00      0,00      0,00
14:08:54      docker0      0,00      0,00      0,00      0,00      0,00      0,00      0,00      0,00
14:08:54      ens2np0 310994,00 311008,50  37659,43  37661,19      0,00      0,00      0,00      3,09
14:08:54      ens2np1      0,00      0,00      0,00      0,00      0,00      0,00      0,00      0,00

14:08:54        CPU      %usr     %nice      %sys   %iowait    %steal      %irq     %soft    %guest    %gnice     %idle
14:08:56        all      0,06      0,00      0,03      0,00      0,00      0,00     12,51      0,00      0,00     87,39
14:08:56          0      0,00      0,00      0,00      0,00      0,00      0,00    100,00      0,00      0,00      0,00
14:08:56          1      0,00      0,00      0,00      0,00      0,00      0,00    100,00      0,00      0,00      0,00
14:08:56          2      0,00      0,00      0,00      0,00      0,00      0,00      0,00      0,00      0,00    100,00
14:08:56          3      0,00      0,00      0,00      0,00      0,00      0,00      0,00      0,00      0,00    100,00
14:08:56          4      0,00      0,00      0,00      0,00      0,00      0,00      0,00      0,00      0,00    100,00
14:08:56          5      0,00      0,00      0,00      0,00      0,00      0,00      0,00      0,00      0,00    100,00
14:08:56          6      0,00      0,00      0,00      0,00      0,00      0,00      0,00      0,00      0,00    100,00
14:08:56          7      0,50      0,00      0,00      0,00      0,00      0,00      0,00      0,00      0,00     99,50
14:08:56          8      0,00      0,00      0,00      0,00      0,00      0,00      0,00      0,00      0,00    100,00
14:08:56          9      0,00      0,00      0,50      0,00      0,00      0,00      0,00      0,00      0,00     99,50
14:08:56         10      0,00      0,00      0,00      0,00      0,00      0,00      0,00      0,00      0,00    100,00
14:08:56         11      0,00      0,00      0,00      0,00      0,00      0,00      0,00      0,00      0,00    100,00
14:08:56         12      0,00      0,00      0,00      0,00      0,00      0,00      0,00      0,00      0,00    100,00
14:08:56         13      0,00      0,00      0,00      0,00      0,00      0,00      0,00      0,00      0,00    100,00
14:08:56         14      0,50      0,00      0,00      0,00      0,00      0,00      0,00      0,00      0,00     99,50
14:08:56         15      0,00      0,00      0,00      0,00      0,00      0,00      0,00      0,00      0,00    100,00

14:08:54        IFACE   rxpck/s   txpck/s    rxkB/s    txkB/s   rxcmp/s   txcmp/s  rxmcst/s   %ifutil
14:08:56           lo      0,00      0,00      0,00      0,00      0,00      0,00      0,00      0,00
14:08:56         eno1     12,50      5,00      0,95      0,45      0,00      0,00      1,50      0,00
14:08:56         eno2      0,00      0,00      0,00      0,00      0,00      0,00      0,00      0,00
14:08:56      docker0      0,00      0,00      0,00      0,00      0,00      0,00      0,00      0,00
14:08:56      ens2np0 310838,00 310816,00  37640,54  37637,88      0,00      0,00      0,00      3,08
14:08:56      ens2np1      0,00      0,00      0,00      0,00      0,00      0,00      0,00      0,00

14:08:56        CPU      %usr     %nice      %sys   %iowait    %steal      %irq     %soft    %guest    %gnice     %idle
14:08:58        all      0,03      0,00      0,06      0,00      0,00      0,00     12,50      0,00      0,00     87,41
14:08:58          0      0,00      0,00      0,00      0,00      0,00      0,00    100,00      0,00      0,00      0,00
14:08:58          1      0,00      0,00      0,00      0,00      0,00      0,00    100,00      0,00      0,00      0,00
14:08:58          2      0,00      0,00      0,00      0,00      0,00      0,00      0,00      0,00      0,00    100,00
14:08:58          3      0,00      0,00      0,00      0,00      0,00      0,00      0,00      0,00      0,00    100,00
14:08:58          4      0,00      0,00      0,50      0,00      0,00      0,00      0,00      0,00      0,00     99,50
14:08:58          5      0,00      0,00      0,00      0,00      0,00      0,00      0,00      0,00      0,00    100,00
14:08:58          6      0,00      0,00      0,00      0,00      0,00      0,00      0,00      0,00      0,00    100,00
14:08:58          7      0,00      0,00      0,00      0,00      0,00      0,00      0,00      0,00      0,00    100,00
14:08:58          8      0,00      0,00      0,00      0,00      0,00      0,00      0,00      0,00      0,00    100,00
14:08:58          9      0,00      0,00      0,00      0,00      0,00      0,00      0,00      0,00      0,00    100,00
14:08:58         10      0,00      0,00      0,00      0,00      0,00      0,00      0,00      0,00      0,00    100,00
14:08:58         11      0,00      0,00      0,00      0,00      0,00      0,00      0,00      0,00      0,00    100,00
14:08:58         12      0,00      0,00      0,50      0,00      0,00      0,00      0,00      0,00      0,00     99,50
14:08:58         13      0,00      0,00      0,00      0,00      0,00      0,00      0,00      0,00      0,00    100,00
14:08:58         14      0,50      0,00      0,00      0,00      0,00      0,00      0,00      0,00      0,00     99,50
14:08:58         15      0,00      0,00      0,00      0,00      0,00      0,00      0,00      0,00      0,00    100,00

14:08:56        IFACE   rxpck/s   txpck/s    rxkB/s    txkB/s   rxcmp/s   txcmp/s  rxmcst/s   %ifutil
14:08:58           lo      0,00      0,00      0,00      0,00      0,00      0,00      0,00      0,00
14:08:58         eno1     12,50      9,00      1,48      1,40      0,00      0,00      1,00      0,00
14:08:58         eno2      0,00      0,00      0,00      0,00      0,00      0,00      0,00      0,00
14:08:58      docker0      0,00      0,00      0,00      0,00      0,00      0,00      0,00      0,00
14:08:58      ens2np0 310856,00 310848,00  37642,72  37641,75      0,00      0,00      0,00      3,08
14:08:58      ens2np1      0,00      0,00      0,00      0,00      0,00      0,00      0,00      0,00

14:08:58        CPU      %usr     %nice      %sys   %iowait    %steal      %irq     %soft    %guest    %gnice     %idle
14:09:00        all      0,56      0,00      0,19      0,00      0,00      0,00     12,57      0,00      0,00     86,68
14:09:00          0      0,00      0,00      0,00      0,00      0,00      0,00    100,00      0,00      0,00      0,00
14:09:00          1      0,00      0,00      0,00      0,00      0,00      0,00    100,00      0,00      0,00      0,00
14:09:00          2      0,00      0,00      0,00      0,00      0,00      0,00      1,49      0,00      0,00     98,51
14:09:00          3      1,00      0,00      0,00      0,00      0,00      0,00      0,00      0,00      0,00     99,00
14:09:00          4      0,50      0,00      0,00      0,00      0,00      0,00      0,00      0,00      0,00     99,50
14:09:00          5      0,50      0,00      0,50      0,00      0,00      0,00      0,00      0,00      0,00     99,00
14:09:00          6      0,50      0,00      0,00      0,00      0,00      0,00      0,00      0,00      0,00     99,50
14:09:00          7      0,50      0,00      0,00      0,00      0,00      0,00      0,00      0,00      0,00     99,50
14:09:00          8      0,00      0,00      0,00      0,00      0,00      0,00      0,00      0,00      0,00    100,00
14:09:00          9      0,50      0,00      0,00      0,00      0,00      0,00      0,00      0,00      0,00     99,50
14:09:00         10      0,99      0,00      0,50      0,00      0,00      0,00      0,00      0,00      0,00     98,51
14:09:00         11      0,50      0,00      0,00      0,00      0,00      0,00      0,00      0,00      0,00     99,50
14:09:00         12      0,50      0,00      0,00      0,00      0,00      0,00      0,00      0,00      0,00     99,50
14:09:00         13      1,00      0,00      1,00      0,00      0,00      0,00      0,00      0,00      0,00     98,01
14:09:00         14      2,00      0,00      0,50      0,00      0,00      0,00      0,00      0,00      0,00     97,50
14:09:00         15      0,50      0,00      0,50      0,00      0,00      0,00      0,00      0,00      0,00     99,00

14:08:58        IFACE   rxpck/s   txpck/s    rxkB/s    txkB/s   rxcmp/s   txcmp/s  rxmcst/s   %ifutil
14:09:00           lo      0,00      0,00      0,00      0,00      0,00      0,00      0,00      0,00
14:09:00         eno1      9,00      2,50      0,58      0,71      0,00      0,00      1,00      0,00
14:09:00         eno2      0,00      0,00      0,00      0,00      0,00      0,00      0,00      0,00
14:09:00      docker0      0,00      0,00      0,00      0,00      0,00      0,00      0,00      0,00
14:09:00      ens2np0 310181,50 310207,50  37561,04  37564,19      0,00      0,00      0,00      3,08
14:09:00      ens2np1      0,00      0,00      0,00      0,00      0,00      0,00      0,00      0,00

14:09:00        CPU      %usr     %nice      %sys   %iowait    %steal      %irq     %soft    %guest    %gnice     %idle
14:09:02        all      0,06      0,00      0,00      0,00      0,00      0,00     12,51      0,00      0,00     87,43
14:09:02          0      0,00      0,00      0,00      0,00      0,00      0,00    100,00      0,00      0,00      0,00
14:09:02          1      0,00      0,00      0,00      0,00      0,00      0,00    100,00      0,00      0,00      0,00
14:09:02          2      0,50      0,00      0,00      0,00      0,00      0,00      0,00      0,00      0,00     99,50
14:09:02          3      0,00      0,00      0,00      0,00      0,00      0,00      0,00      0,00      0,00    100,00
14:09:02          4      0,00      0,00      0,00      0,00      0,00      0,00      0,00      0,00      0,00    100,00
14:09:02          5      0,00      0,00      0,00      0,00      0,00      0,00      0,00      0,00      0,00    100,00
14:09:02          6      0,00      0,00      0,00      0,00      0,00      0,00      0,00      0,00      0,00    100,00
14:09:02          7      0,00      0,00      0,00      0,00      0,00      0,00      0,00      0,00      0,00    100,00
14:09:02          8      0,00      0,00      0,00      0,00      0,00      0,00      0,00      0,00      0,00    100,00
14:09:02          9      0,00      0,00      0,00      0,00      0,00      0,00      0,00      0,00      0,00    100,00
14:09:02         10      0,00      0,00      0,00      0,00      0,00      0,00      0,00      0,00      0,00    100,00
14:09:02         11      0,50      0,00      0,00      0,00      0,00      0,00      0,00      0,00      0,00     99,50
14:09:02         12      0,00      0,00      0,00      0,00      0,00      0,00      0,00      0,00      0,00    100,00
14:09:02         13      0,00      0,00      0,00      0,00      0,00      0,00      0,00      0,00      0,00    100,00
14:09:02         14      0,00      0,00      0,00      0,00      0,00      0,00      0,00      0,00      0,00    100,00
14:09:02         15      0,00      0,00      0,00      0,00      0,00      0,00      0,00      0,00      0,00    100,00

14:09:00        IFACE   rxpck/s   txpck/s    rxkB/s    txkB/s   rxcmp/s   txcmp/s  rxmcst/s   %ifutil
14:09:02           lo      0,00      0,00      0,00      0,00      0,00      0,00      0,00      0,00
14:09:02         eno1      6,00      1,50      0,80      0,64      0,00      0,00      1,00      0,00
14:09:02         eno2      0,00      0,00      0,00      0,00      0,00      0,00      0,00      0,00
14:09:02      docker0      0,00      0,00      0,00      0,00      0,00      0,00      0,00      0,00
14:09:02      ens2np0 310922,50 310912,00  37650,77  37649,50      0,00      0,00      0,00      3,08
14:09:02      ens2np1      0,00      0,00      0,00      0,00      0,00      0,00      0,00      0,00

14:09:02        CPU      %usr     %nice      %sys   %iowait    %steal      %irq     %soft    %guest    %gnice     %idle
14:09:04        all      0,03      0,00      0,00      0,00      0,00      0,00     12,53      0,00      0,00     87,44
14:09:04          0      0,00      0,00      0,00      0,00      0,00      0,00    100,00      0,00      0,00      0,00
14:09:04          1      0,00      0,00      0,00      0,00      0,00      0,00    100,00      0,00      0,00      0,00
14:09:04          2      0,00      0,00      0,00      0,00      0,00      0,00      0,50      0,00      0,00     99,50
14:09:04          3      0,00      0,00      0,00      0,00      0,00      0,00      0,00      0,00      0,00    100,00
14:09:04          4      0,00      0,00      0,00      0,00      0,00      0,00      0,00      0,00      0,00    100,00
14:09:04          5      0,00      0,00      0,00      0,00      0,00      0,00      0,00      0,00      0,00    100,00
14:09:04          6      0,00      0,00      0,00      0,00      0,00      0,00      0,00      0,00      0,00    100,00
14:09:04          7      0,00      0,00      0,00      0,00      0,00      0,00      0,00      0,00      0,00    100,00
14:09:04          8      0,00      0,00      0,00      0,00      0,00      0,00      0,00      0,00      0,00    100,00
14:09:04          9      0,00      0,00      0,00      0,00      0,00      0,00      0,00      0,00      0,00    100,00
14:09:04         10      0,00      0,00      0,00      0,00      0,00      0,00      0,00      0,00      0,00    100,00
14:09:04         11      0,00      0,00      0,00      0,00      0,00      0,00      0,00      0,00      0,00    100,00
14:09:04         12      0,00      0,00      0,00      0,00      0,00      0,00      0,00      0,00      0,00    100,00
14:09:04         13      0,50      0,00      0,00      0,00      0,00      0,00      0,00      0,00      0,00     99,50
14:09:04         14      0,00      0,00      0,00      0,00      0,00      0,00      0,00      0,00      0,00    100,00
14:09:04         15      0,00      0,00      0,00      0,00      0,00      0,00      0,00      0,00      0,00    100,00

14:09:02        IFACE   rxpck/s   txpck/s    rxkB/s    txkB/s   rxcmp/s   txcmp/s  rxmcst/s   %ifutil
14:09:04           lo      0,00      0,00      0,00      0,00      0,00      0,00      0,00      0,00
14:09:04         eno1      7,50      1,00      0,52      0,11      0,00      0,00      1,00      0,00
14:09:04         eno2      0,00      0,00      0,00      0,00      0,00      0,00      0,00      0,00
14:09:04      docker0      0,00      0,00      0,00      0,00      0,00      0,00      0,00      0,00
14:09:04      ens2np0 311044,00 311040,00  37665,48  37665,00      0,00      0,00      0,00      3,09
14:09:04      ens2np1      0,00      0,00      0,00      0,00      0,00      0,00      0,00      0,00

14:09:04        CPU      %usr     %nice      %sys   %iowait    %steal      %irq     %soft    %guest    %gnice     %idle
14:09:06        all      0,00      0,00      0,03      0,00      0,00      0,00     12,56      0,00      0,00     87,41
14:09:06          0      0,00      0,00      0,00      0,00      0,00      0,00    100,00      0,00      0,00      0,00
14:09:06          1      0,00      0,00      0,00      0,00      0,00      0,00    100,00      0,00      0,00      0,00
14:09:06          2      0,00      0,00      0,00      0,00      0,00      0,00      1,00      0,00      0,00     99,00
14:09:06          3      0,00      0,00      0,00      0,00      0,00      0,00      0,00      0,00      0,00    100,00
14:09:06          4      0,00      0,00      0,00      0,00      0,00      0,00      0,00      0,00      0,00    100,00
14:09:06          5      0,00      0,00      0,00      0,00      0,00      0,00      0,00      0,00      0,00    100,00
14:09:06          6      0,00      0,00      0,00      0,00      0,00      0,00      0,00      0,00      0,00    100,00
14:09:06          7      0,00      0,00      0,00      0,00      0,00      0,00      0,00      0,00      0,00    100,00
14:09:06          8      0,00      0,00      0,00      0,00      0,00      0,00      0,00      0,00      0,00    100,00
14:09:06          9      0,00      0,00      0,00      0,00      0,00      0,00      0,00      0,00      0,00    100,00
14:09:06         10      0,00      0,00      0,00      0,00      0,00      0,00      0,00      0,00      0,00    100,00
14:09:06         11      0,00      0,00      0,50      0,00      0,00      0,00      0,00      0,00      0,00     99,50
14:09:06         12      0,00      0,00      0,00      0,00      0,00      0,00      0,00      0,00      0,00    100,00
14:09:06         13      0,00      0,00      0,00      0,00      0,00      0,00      0,00      0,00      0,00    100,00
14:09:06         14      0,00      0,00      0,00      0,00      0,00      0,00      0,00      0,00      0,00    100,00
14:09:06         15      0,00      0,00      0,00      0,00      0,00      0,00      0,00      0,00      0,00    100,00

14:09:04        IFACE   rxpck/s   txpck/s    rxkB/s    txkB/s   rxcmp/s   txcmp/s  rxmcst/s   %ifutil
14:09:06           lo      0,00      0,00      0,00      0,00      0,00      0,00      0,00      0,00
14:09:06         eno1     11,50      5,50      0,95      0,64      0,00      0,00      1,00      0,00
14:09:06         eno2      0,00      0,00      0,00      0,00      0,00      0,00      0,00      0,00
14:09:06      docker0      0,00      0,00      0,00      0,00      0,00      0,00      0,00      0,00
14:09:06      ens2np0 310952,00 310944,50  37654,34  37653,44      0,00      0,00      0,00      3,08
14:09:06      ens2np1      0,00      0,00      0,00      0,00      0,00      0,00      0,00      0,00

14:09:06        CPU      %usr     %nice      %sys   %iowait    %steal      %irq     %soft    %guest    %gnice     %idle
14:09:08        all      0,03      0,00      0,09      0,00      0,00      0,00     12,50      0,00      0,00     87,38
14:09:08          0      0,00      0,00      0,00      0,00      0,00      0,00    100,00      0,00      0,00      0,00
14:09:08          1      0,00      0,00      0,00      0,00      0,00      0,00    100,00      0,00      0,00      0,00
14:09:08          2      0,00      0,00      0,50      0,00      0,00      0,00      0,00      0,00      0,00     99,50
14:09:08          3      0,00      0,00      0,50      0,00      0,00      0,00      0,00      0,00      0,00     99,50
14:09:08          4      0,00      0,00      0,00      0,00      0,00      0,00      0,00      0,00      0,00    100,00
14:09:08          5      0,50      0,00      0,00      0,00      0,00      0,00      0,00      0,00      0,00     99,50
14:09:08          6      0,00      0,00      0,00      0,00      0,00      0,00      0,00      0,00      0,00    100,00
14:09:08          7      0,00      0,00      0,50      0,00      0,00      0,00      0,00      0,00      0,00     99,50
14:09:08          8      0,00      0,00      0,00      0,00      0,00      0,00      0,00      0,00      0,00    100,00
14:09:08          9      0,00      0,00      0,00      0,00      0,00      0,00      0,00      0,00      0,00    100,00
14:09:08         10      0,00      0,00      0,00      0,00      0,00      0,00      0,00      0,00      0,00    100,00
14:09:08         11      0,00      0,00      0,00      0,00      0,00      0,00      0,00      0,00      0,00    100,00
14:09:08         12      0,00      0,00      0,00      0,00      0,00      0,00      0,00      0,00      0,00    100,00
14:09:08         13      0,00      0,00      0,00      0,00      0,00      0,00      0,00      0,00      0,00    100,00
14:09:08         14      0,00      0,00      0,00      0,00      0,00      0,00      0,00      0,00      0,00    100,00
14:09:08         15      0,00      0,00      0,00      0,00      0,00      0,00      0,00      0,00      0,00    100,00

14:09:06        IFACE   rxpck/s   txpck/s    rxkB/s    txkB/s   rxcmp/s   txcmp/s  rxmcst/s   %ifutil
14:09:08           lo      0,00      0,00      0,00      0,00      0,00      0,00      0,00      0,00
14:09:08         eno1     11,00      3,50      1,17      0,34      0,00      0,00      1,00      0,00
14:09:08         eno2      0,00      0,00      0,00      0,00      0,00      0,00      0,00      0,00
14:09:08      docker0      0,00      0,00      0,00      0,00      0,00      0,00      0,00      0,00
14:09:08      ens2np0 310900,00 310912,00  37648,05  37649,50      0,00      0,00      0,00      3,08
14:09:08      ens2np1      0,00      0,00      0,00      0,00      0,00      0,00      0,00      0,00

14:09:08        CPU      %usr     %nice      %sys   %iowait    %steal      %irq     %soft    %guest    %gnice     %idle
14:09:10        all      0,34      0,00      0,09      0,03      0,00      0,00     12,52      0,00      0,00     87,02
14:09:10          0      0,00      0,00      0,00      0,00      0,00      0,00    100,00      0,00      0,00      0,00
14:09:10          1      0,00      0,00      0,00      0,00      0,00      0,00    100,00      0,00      0,00      0,00
14:09:10          2      0,50      0,00      0,50      0,00      0,00      0,00      0,00      0,00      0,00     99,00
14:09:10          3      0,50      0,00      0,00      0,00      0,00      0,00      0,00      0,00      0,00     99,50
14:09:10          4      0,50      0,00      0,00      0,00      0,00      0,00      0,00      0,00      0,00     99,50
14:09:10          5      0,50      0,00      0,00      0,00      0,00      0,00      0,00      0,00      0,00     99,50
14:09:10          6      0,50      0,00      0,00      0,00      0,00      0,00      0,00      0,00      0,00     99,50
14:09:10          7      0,00      0,00      0,00      0,00      0,00      0,00      0,00      0,00      0,00    100,00
14:09:10          8      0,50      0,00      0,00      0,00      0,00      0,00      0,00      0,00      0,00     99,50
14:09:10          9      0,00      0,00      0,00      0,00      0,00      0,00      0,00      0,00      0,00    100,00
14:09:10         10      0,50      0,00      0,50      0,00      0,00      0,00      0,00      0,00      0,00     99,00
14:09:10         11      0,00      0,00      0,00      0,00      0,00      0,00      0,00      0,00      0,00    100,00
14:09:10         12      0,50      0,00      0,00      0,50      0,00      0,00      0,00      0,00      0,00     99,00
14:09:10         13      1,50      0,00      0,50      0,00      0,00      0,00      0,00      0,00      0,00     98,00
14:09:10         14      0,00      0,00      0,00      0,00      0,00      0,00      0,00      0,00      0,00    100,00
14:09:10         15      0,00      0,00      0,00      0,00      0,00      0,00      0,00      0,00      0,00    100,00

14:09:08        IFACE   rxpck/s   txpck/s    rxkB/s    txkB/s   rxcmp/s   txcmp/s  rxmcst/s   %ifutil
14:09:10           lo      0,00      0,00      0,00      0,00      0,00      0,00      0,00      0,00
14:09:10         eno1     11,50      3,50      1,26      0,95      0,00      0,00      1,00      0,00
14:09:10         eno2      0,00      0,00      0,00      0,00      0,00      0,00      0,00      0,00
14:09:10      docker0      0,00      0,00      0,00      0,00      0,00      0,00      0,00      0,00
14:09:10      ens2np0 310256,00 310240,00  37570,06  37568,12      0,00      0,00      0,00      3,08
14:09:10      ens2np1      0,00      0,00      0,00      0,00      0,00      0,00      0,00      0,00

14:09:10        CPU      %usr     %nice      %sys   %iowait    %steal      %irq     %soft    %guest    %gnice     %idle
14:09:12        all      0,13      0,00      0,00      0,00      0,00      0,00     12,50      0,00      0,00     87,37
14:09:12          0      0,00      0,00      0,00      0,00      0,00      0,00    100,00      0,00      0,00      0,00
14:09:12          1      0,00      0,00      0,00      0,00      0,00      0,00    100,00      0,00      0,00      0,00
14:09:12          2      0,00      0,00      0,00      0,00      0,00      0,00      0,00      0,00      0,00    100,00
14:09:12          3      0,00      0,00      0,00      0,00      0,00      0,00      0,00      0,00      0,00    100,00
14:09:12          4      0,00      0,00      0,00      0,00      0,00      0,00      0,00      0,00      0,00    100,00
14:09:12          5      1,01      0,00      0,00      0,00      0,00      0,00      0,00      0,00      0,00     98,99
14:09:12          6      0,00      0,00      0,00      0,00      0,00      0,00      0,00      0,00      0,00    100,00
14:09:12          7      0,50      0,00      0,00      0,00      0,00      0,00      0,00      0,00      0,00     99,50
14:09:12          8      0,00      0,00      0,00      0,00      0,00      0,00      0,00      0,00      0,00    100,00
14:09:12          9      0,00      0,00      0,00      0,00      0,00      0,00      0,00      0,00      0,00    100,00
14:09:12         10      0,00      0,00      0,00      0,00      0,00      0,00      0,00      0,00      0,00    100,00
14:09:12         11      0,50      0,00      0,00      0,00      0,00      0,00      0,00      0,00      0,00     99,50
14:09:12         12      0,00      0,00      0,00      0,00      0,00      0,00      0,00      0,00      0,00    100,00
14:09:12         13      0,00      0,00      0,00      0,00      0,00      0,00      0,00      0,00      0,00    100,00
14:09:12         14      0,00      0,00      0,00      0,00      0,00      0,00      0,00      0,00      0,00    100,00
14:09:12         15      0,00      0,00      0,00      0,00      0,00      0,00      0,00      0,00      0,00    100,00

14:09:10        IFACE   rxpck/s   txpck/s    rxkB/s    txkB/s   rxcmp/s   txcmp/s  rxmcst/s   %ifutil
14:09:12           lo      0,00      0,00      0,00      0,00      0,00      0,00      0,00      0,00
14:09:12         eno1      8,00      2,50      0,59      0,28      0,00      0,00      1,50      0,00
14:09:12         eno2      0,00      0,00      0,00      0,00      0,00      0,00      0,00      0,00
14:09:12      docker0      0,00      0,00      0,00      0,00      0,00      0,00      0,00      0,00
14:09:12      ens2np0 310728,00 310751,50  37627,22  37630,06      0,00      0,00      0,00      3,08
14:09:12      ens2np1      0,00      0,00      0,00      0,00      0,00      0,00      0,00      0,00

14:09:12        CPU      %usr     %nice      %sys   %iowait    %steal      %irq     %soft    %guest    %gnice     %idle
14:09:14        all      0,00      0,00      0,00      0,00      0,00      0,00     12,50      0,00      0,00     87,50
14:09:14          0      0,00      0,00      0,00      0,00      0,00      0,00    100,00      0,00      0,00      0,00
14:09:14          1      0,00      0,00      0,00      0,00      0,00      0,00    100,00      0,00      0,00      0,00
14:09:14          2      0,00      0,00      0,00      0,00      0,00      0,00      0,00      0,00      0,00    100,00
14:09:14          3      0,00      0,00      0,00      0,00      0,00      0,00      0,00      0,00      0,00    100,00
14:09:14          4      0,00      0,00      0,00      0,00      0,00      0,00      0,00      0,00      0,00    100,00
14:09:14          5      0,00      0,00      0,00      0,00      0,00      0,00      0,00      0,00      0,00    100,00
14:09:14          6      0,00      0,00      0,00      0,00      0,00      0,00      0,00      0,00      0,00    100,00
14:09:14          7      0,00      0,00      0,00      0,00      0,00      0,00      0,00      0,00      0,00    100,00
14:09:14          8      0,00      0,00      0,00      0,00      0,00      0,00      0,00      0,00      0,00    100,00
14:09:14          9      0,00      0,00      0,00      0,00      0,00      0,00      0,00      0,00      0,00    100,00
14:09:14         10      0,00      0,00      0,00      0,00      0,00      0,00      0,00      0,00      0,00    100,00
14:09:14         11      0,00      0,00      0,00      0,00      0,00      0,00      0,00      0,00      0,00    100,00
14:09:14         12      0,00      0,00      0,00      0,00      0,00      0,00      0,00      0,00      0,00    100,00
14:09:14         13      0,00      0,00      0,00      0,00      0,00      0,00      0,00      0,00      0,00    100,00
14:09:14         14      0,00      0,00      0,00      0,00      0,00      0,00      0,00      0,00      0,00    100,00
14:09:14         15      0,00      0,00      0,00      0,00      0,00      0,00      0,00      0,00      0,00    100,00

14:09:12        IFACE   rxpck/s   txpck/s    rxkB/s    txkB/s   rxcmp/s   txcmp/s  rxmcst/s   %ifutil
14:09:14           lo      0,00      0,00      0,00      0,00      0,00      0,00      0,00      0,00
14:09:14         eno1      9,50      1,50      0,68      0,14      0,00      0,00      1,50      0,00
14:09:14         eno2      0,00      0,00      0,00      0,00      0,00      0,00      0,00      0,00
14:09:14      docker0      0,00      0,00      0,00      0,00      0,00      0,00      0,00      0,00
14:09:14      ens2np0 310840,00 310816,50  37640,78  37637,94      0,00      0,00      0,00      3,08
14:09:14      ens2np1      0,00      0,00      0,00      0,00      0,00      0,00      0,00      0,00

14:09:14        CPU      %usr     %nice      %sys   %iowait    %steal      %irq     %soft    %guest    %gnice     %idle
14:09:16        all      0,00      0,00      0,00      0,00      0,00      0,00     12,50      0,00      0,00     87,50
14:09:16          0      0,00      0,00      0,00      0,00      0,00      0,00    100,00      0,00      0,00      0,00
14:09:16          1      0,00      0,00      0,00      0,00      0,00      0,00    100,00      0,00      0,00      0,00
14:09:16          2      0,00      0,00      0,00      0,00      0,00      0,00      0,00      0,00      0,00    100,00
14:09:16          3      0,00      0,00      0,00      0,00      0,00      0,00      0,00      0,00      0,00    100,00
14:09:16          4      0,00      0,00      0,00      0,00      0,00      0,00      0,00      0,00      0,00    100,00
14:09:16          5      0,00      0,00      0,00      0,00      0,00      0,00      0,00      0,00      0,00    100,00
14:09:16          6      0,00      0,00      0,00      0,00      0,00      0,00      0,00      0,00      0,00    100,00
14:09:16          7      0,00      0,00      0,00      0,00      0,00      0,00      0,00      0,00      0,00    100,00
14:09:16          8      0,00      0,00      0,00      0,00      0,00      0,00      0,00      0,00      0,00    100,00
14:09:16          9      0,00      0,00      0,00      0,00      0,00      0,00      0,00      0,00      0,00    100,00
14:09:16         10      0,00      0,00      0,00      0,00      0,00      0,00      0,00      0,00      0,00    100,00
14:09:16         11      0,00      0,00      0,00      0,00      0,00      0,00      0,00      0,00      0,00    100,00
14:09:16         12      0,00      0,00      0,00      0,00      0,00      0,00      0,00      0,00      0,00    100,00
14:09:16         13      0,00      0,00      0,00      0,00      0,00      0,00      0,00      0,00      0,00    100,00
14:09:16         14      0,00      0,00      0,00      0,00      0,00      0,00      0,00      0,00      0,00    100,00
14:09:16         15      0,00      0,00      0,00      0,00      0,00      0,00      0,00      0,00      0,00    100,00

14:09:14        IFACE   rxpck/s   txpck/s    rxkB/s    txkB/s   rxcmp/s   txcmp/s  rxmcst/s   %ifutil
14:09:16           lo      0,00      0,00      0,00      0,00      0,00      0,00      0,00      0,00
14:09:16         eno1      7,00      2,00      0,54      0,21      0,00      0,00      1,00      0,00
14:09:16         eno2      0,00      0,00      0,00      0,00      0,00      0,00      0,00      0,00
14:09:16      docker0      0,00      0,00      0,00      0,00      0,00      0,00      0,00      0,00
14:09:16      ens2np0 310876,00 310879,50  37645,14  37645,56      0,00      0,00      0,00      3,08
14:09:16      ens2np1      0,00      0,00      0,00      0,00      0,00      0,00      0,00      0,00

14:09:16        CPU      %usr     %nice      %sys   %iowait    %steal      %irq     %soft    %guest    %gnice     %idle
14:09:18        all      0,03      0,00      0,03      0,00      0,00      0,00     12,52      0,00      0,00     87,42
14:09:18          0      0,00      0,00      0,00      0,00      0,00      0,00    100,00      0,00      0,00      0,00
14:09:18          1      0,00      0,00      0,00      0,00      0,00      0,00    100,00      0,00      0,00      0,00
14:09:18          2      0,00      0,00      0,00      0,00      0,00      0,00      0,00      0,00      0,00    100,00
14:09:18          3      0,00      0,00      0,00      0,00      0,00      0,00      0,00      0,00      0,00    100,00
14:09:18          4      0,00      0,00      0,00      0,00      0,00      0,00      0,00      0,00      0,00    100,00
14:09:18          5      0,00      0,00      0,00      0,00      0,00      0,00      0,00      0,00      0,00    100,00
14:09:18          6      0,00      0,00      0,00      0,00      0,00      0,00      0,00      0,00      0,00    100,00
14:09:18          7      0,00      0,00      0,50      0,00      0,00      0,00      0,00      0,00      0,00     99,50
14:09:18          8      0,00      0,00      0,00      0,00      0,00      0,00      0,00      0,00      0,00    100,00
14:09:18          9      0,00      0,00      0,00      0,00      0,00      0,00      0,00      0,00      0,00    100,00
14:09:18         10      0,00      0,00      0,00      0,00      0,00      0,00      0,00      0,00      0,00    100,00
14:09:18         11      0,50      0,00      0,00      0,00      0,00      0,00      0,00      0,00      0,00     99,50
14:09:18         12      0,00      0,00      0,00      0,00      0,00      0,00      0,00      0,00      0,00    100,00
14:09:18         13      0,00      0,00      0,00      0,00      0,00      0,00      0,00      0,00      0,00    100,00
14:09:18         14      0,00      0,00      0,00      0,00      0,00      0,00      0,00      0,00      0,00    100,00
14:09:18         15      0,00      0,00      0,00      0,00      0,00      0,00      0,00      0,00      0,00    100,00

14:09:16        IFACE   rxpck/s   txpck/s    rxkB/s    txkB/s   rxcmp/s   txcmp/s  rxmcst/s   %ifutil
14:09:18           lo      0,00      0,00      0,00      0,00      0,00      0,00      0,00      0,00
14:09:18         eno1      9,00      4,00      0,76      0,40      0,00      0,00      2,00      0,00
14:09:18         eno2      0,00      0,00      0,00      0,00      0,00      0,00      0,00      0,00
14:09:18      docker0      0,00      0,00      0,00      0,00      0,00      0,00      0,00      0,00
14:09:18      ens2np0 310860,00 310880,00  37643,20  37645,62      0,00      0,00      0,00      3,08
14:09:18      ens2np1      0,00      0,00      0,00      0,00      0,00      0,00      0,00      0,00

14:09:18        CPU      %usr     %nice      %sys   %iowait    %steal      %irq     %soft    %guest    %gnice     %idle
14:09:20        all      0,44      0,00      0,22      0,00      0,00      0,00     12,52      0,00      0,00     86,82
14:09:20          0      0,00      0,00      0,00      0,00      0,00      0,00    100,00      0,00      0,00      0,00
14:09:20          1      0,00      0,00      0,00      0,00      0,00      0,00    100,00      0,00      0,00      0,00
14:09:20          2      1,00      0,00      0,50      0,00      0,00      0,00      0,50      0,00      0,00     98,01
14:09:20          3      0,00      0,00      0,50      0,00      0,00      0,00      0,00      0,00      0,00     99,50
14:09:20          4      0,50      0,00      0,00      0,00      0,00      0,00      0,00      0,00      0,00     99,50
14:09:20          5      0,50      0,00      0,00      0,00      0,00      0,00      0,00      0,00      0,00     99,50
14:09:20          6      0,00      0,00      0,00      0,00      0,00      0,00      0,00      0,00      0,00    100,00
14:09:20          7      0,00      0,00      0,00      0,00      0,00      0,00      0,00      0,00      0,00    100,00
14:09:20          8      0,00      0,00      0,00      0,00      0,00      0,00      0,00      0,00      0,00    100,00
14:09:20          9      0,50      0,00      0,00      0,00      0,00      0,00      0,00      0,00      0,00     99,50
14:09:20         10      0,50      0,00      0,00      0,00      0,00      0,00      0,00      0,00      0,00     99,50
14:09:20         11      0,50      0,00      0,50      0,00      0,00      0,00      0,00      0,00      0,00     99,00
14:09:20         12      0,99      0,00      0,99      0,00      0,00      0,00      0,00      0,00      0,00     98,02
14:09:20         13      0,50      0,00      0,50      0,00      0,00      0,00      0,00      0,00      0,00     99,00
14:09:20         14      1,01      0,00      0,00      0,00      0,00      0,00      0,00      0,00      0,00     98,99
14:09:20         15      1,00      0,00      0,50      0,00      0,00      0,00      0,00      0,00      0,00     98,51

14:09:18        IFACE   rxpck/s   txpck/s    rxkB/s    txkB/s   rxcmp/s   txcmp/s  rxmcst/s   %ifutil
14:09:20           lo      0,00      0,00      0,00      0,00      0,00      0,00      0,00      0,00
14:09:20         eno1      6,50      0,00      0,41      0,00      0,00      0,00      0,50      0,00
14:09:20         eno2      0,00      0,00      0,00      0,00      0,00      0,00      0,00      0,00
14:09:20      docker0      0,00      0,00      0,00      0,00      0,00      0,00      0,00      0,00
14:09:20      ens2np0 310304,00 310304,50  37575,88  37575,94      0,00      0,00      0,00      3,08
14:09:20      ens2np1      0,00      0,00      0,00      0,00      0,00      0,00      0,00      0,00

14:09:20        CPU      %usr     %nice      %sys   %iowait    %steal      %irq     %soft    %guest    %gnice     %idle
14:09:22        all      0,00      0,00      0,00      0,03      0,00      0,00     12,50      0,00      0,00     87,47
14:09:22          0      0,00      0,00      0,00      0,00      0,00      0,00    100,00      0,00      0,00      0,00
14:09:22          1      0,00      0,00      0,00      0,00      0,00      0,00    100,00      0,00      0,00      0,00
14:09:22          2      0,00      0,00      0,00      0,00      0,00      0,00      0,00      0,00      0,00    100,00
14:09:22          3      0,00      0,00      0,00      0,00      0,00      0,00      0,00      0,00      0,00    100,00
14:09:22          4      0,00      0,00      0,00      0,00      0,00      0,00      0,00      0,00      0,00    100,00
14:09:22          5      0,00      0,00      0,00      0,00      0,00      0,00      0,00      0,00      0,00    100,00
14:09:22          6      0,00      0,00      0,00      0,00      0,00      0,00      0,00      0,00      0,00    100,00
14:09:22          7      0,00      0,00      0,00      0,50      0,00      0,00      0,00      0,00      0,00     99,50
14:09:22          8      0,00      0,00      0,00      0,00      0,00      0,00      0,00      0,00      0,00    100,00
14:09:22          9      0,00      0,00      0,00      0,00      0,00      0,00      0,00      0,00      0,00    100,00
14:09:22         10      0,00      0,00      0,00      0,00      0,00      0,00      0,00      0,00      0,00    100,00
14:09:22         11      0,00      0,00      0,00      0,00      0,00      0,00      0,00      0,00      0,00    100,00
14:09:22         12      0,00      0,00      0,00      0,00      0,00      0,00      0,00      0,00      0,00    100,00
14:09:22         13      0,00      0,00      0,00      0,00      0,00      0,00      0,00      0,00      0,00    100,00
14:09:22         14      0,00      0,00      0,00      0,00      0,00      0,00      0,00      0,00      0,00    100,00
14:09:22         15      0,00      0,00      0,00      0,00      0,00      0,00      0,00      0,00      0,00    100,00

14:09:20        IFACE   rxpck/s   txpck/s    rxkB/s    txkB/s   rxcmp/s   txcmp/s  rxmcst/s   %ifutil
14:09:22           lo      0,00      0,00      0,00      0,00      0,00      0,00      0,00      0,00
14:09:22         eno1      6,50      1,50      0,45      0,14      0,00      0,00      1,50      0,00
14:09:22         eno2      0,00      0,00      0,00      0,00      0,00      0,00      0,00      0,00
14:09:22      docker0      0,00      0,00      0,00      0,00      0,00      0,00      0,00      0,00
14:09:22      ens2np0 310544,00 310527,50  37604,94  37602,94      0,00      0,00      0,00      3,08
14:09:22      ens2np1      0,00      0,00      0,00      0,00      0,00      0,00      0,00      0,00

14:09:22        CPU      %usr     %nice      %sys   %iowait    %steal      %irq     %soft    %guest    %gnice     %idle
14:09:24        all      0,00      0,00      0,00      0,00      0,00      0,00     12,56      0,00      0,00     87,44
14:09:24          0      0,00      0,00      0,00      0,00      0,00      0,00    100,00      0,00      0,00      0,00
14:09:24          1      0,00      0,00      0,00      0,00      0,00      0,00    100,00      0,00      0,00      0,00
14:09:24          2      0,00      0,00      0,00      0,00      0,00      0,00      1,00      0,00      0,00     99,00
14:09:24          3      0,00      0,00      0,00      0,00      0,00      0,00      0,00      0,00      0,00    100,00
14:09:24          4      0,00      0,00      0,00      0,00      0,00      0,00      0,00      0,00      0,00    100,00
14:09:24          5      0,00      0,00      0,00      0,00      0,00      0,00      0,00      0,00      0,00    100,00
14:09:24          6      0,00      0,00      0,00      0,00      0,00      0,00      0,00      0,00      0,00    100,00
14:09:24          7      0,00      0,00      0,00      0,00      0,00      0,00      0,00      0,00      0,00    100,00
14:09:24          8      0,00      0,00      0,00      0,00      0,00      0,00      0,00      0,00      0,00    100,00
14:09:24          9      0,00      0,00      0,00      0,00      0,00      0,00      0,00      0,00      0,00    100,00
14:09:24         10      0,00      0,00      0,00      0,00      0,00      0,00      0,00      0,00      0,00    100,00
14:09:24         11      0,00      0,00      0,00      0,00      0,00      0,00      0,00      0,00      0,00    100,00
14:09:24         12      0,00      0,00      0,00      0,00      0,00      0,00      0,00      0,00      0,00    100,00
14:09:24         13      0,00      0,00      0,00      0,00      0,00      0,00      0,00      0,00      0,00    100,00
14:09:24         14      0,00      0,00      0,00      0,00      0,00      0,00      0,00      0,00      0,00    100,00
14:09:24         15      0,00      0,00      0,00      0,00      0,00      0,00      0,00      0,00      0,00    100,00

14:09:22        IFACE   rxpck/s   txpck/s    rxkB/s    txkB/s   rxcmp/s   txcmp/s  rxmcst/s   %ifutil
14:09:24           lo      0,00      0,00      0,00      0,00      0,00      0,00      0,00      0,00
14:09:24         eno1      6,00      0,50      0,38      0,03      0,00      0,00      1,00      0,00
14:09:24         eno2      0,00      0,00      0,00      0,00      0,00      0,00      0,00      0,00
14:09:24      docker0      0,00      0,00      0,00      0,00      0,00      0,00      0,00      0,00
14:09:24      ens2np0 310640,00 310656,00  37616,56  37618,50      0,00      0,00      0,00      3,08
14:09:24      ens2np1      0,00      0,00      0,00      0,00      0,00      0,00      0,00      0,00

14:09:24        CPU      %usr     %nice      %sys   %iowait    %steal      %irq     %soft    %guest    %gnice     %idle
14:09:26        all      0,00      0,00      0,00      0,00      0,00      0,00     12,50      0,00      0,00     87,50
14:09:26          0      0,00      0,00      0,00      0,00      0,00      0,00    100,00      0,00      0,00      0,00
14:09:26          1      0,00      0,00      0,00      0,00      0,00      0,00    100,00      0,00      0,00      0,00
14:09:26          2      0,00      0,00      0,00      0,00      0,00      0,00      0,00      0,00      0,00    100,00
14:09:26          3      0,00      0,00      0,00      0,00      0,00      0,00      0,00      0,00      0,00    100,00
14:09:26          4      0,00      0,00      0,00      0,00      0,00      0,00      0,00      0,00      0,00    100,00
14:09:26          5      0,00      0,00      0,00      0,00      0,00      0,00      0,00      0,00      0,00    100,00
14:09:26          6      0,00      0,00      0,00      0,00      0,00      0,00      0,00      0,00      0,00    100,00
14:09:26          7      0,00      0,00      0,00      0,00      0,00      0,00      0,00      0,00      0,00    100,00
14:09:26          8      0,00      0,00      0,00      0,00      0,00      0,00      0,00      0,00      0,00    100,00
14:09:26          9      0,00      0,00      0,00      0,00      0,00      0,00      0,00      0,00      0,00    100,00
14:09:26         10      0,00      0,00      0,00      0,00      0,00      0,00      0,00      0,00      0,00    100,00
14:09:26         11      0,00      0,00      0,00      0,00      0,00      0,00      0,00      0,00      0,00    100,00
14:09:26         12      0,00      0,00      0,00      0,00      0,00      0,00      0,00      0,00      0,00    100,00
14:09:26         13      0,00      0,00      0,00      0,00      0,00      0,00      0,00      0,00      0,00    100,00
14:09:26         14      0,00      0,00      0,00      0,00      0,00      0,00      0,00      0,00      0,00    100,00
14:09:26         15      0,00      0,00      0,00      0,00      0,00      0,00      0,00      0,00      0,00    100,00

14:09:24        IFACE   rxpck/s   txpck/s    rxkB/s    txkB/s   rxcmp/s   txcmp/s  rxmcst/s   %ifutil
14:09:26           lo      0,00      0,00      0,00      0,00      0,00      0,00      0,00      0,00
14:09:26         eno1      8,50      0,00      0,53      0,00      0,00      0,00      1,00      0,00
14:09:26         eno2      0,00      0,00      0,00      0,00      0,00      0,00      0,00      0,00
14:09:26      docker0      0,00      0,00      0,00      0,00      0,00      0,00      0,00      0,00
14:09:26      ens2np0 310712,00 310688,50  37625,28  37622,44      0,00      0,00      0,00      3,08
14:09:26      ens2np1      0,00      0,00      0,00      0,00      0,00      0,00      0,00      0,00

14:09:26        CPU      %usr     %nice      %sys   %iowait    %steal      %irq     %soft    %guest    %gnice     %idle
14:09:28        all      0,00      0,00      0,00      0,00      0,00      0,00     12,50      0,00      0,00     87,50
14:09:28          0      0,00      0,00      0,00      0,00      0,00      0,00    100,00      0,00      0,00      0,00
14:09:28          1      0,00      0,00      0,00      0,00      0,00      0,00    100,00      0,00      0,00      0,00
14:09:28          2      0,00      0,00      0,00      0,00      0,00      0,00      0,00      0,00      0,00    100,00
14:09:28          3      0,00      0,00      0,00      0,00      0,00      0,00      0,00      0,00      0,00    100,00
14:09:28          4      0,00      0,00      0,00      0,00      0,00      0,00      0,00      0,00      0,00    100,00
14:09:28          5      0,00      0,00      0,00      0,00      0,00      0,00      0,00      0,00      0,00    100,00
14:09:28          6      0,00      0,00      0,00      0,00      0,00      0,00      0,00      0,00      0,00    100,00
14:09:28          7      0,00      0,00      0,00      0,00      0,00      0,00      0,00      0,00      0,00    100,00
14:09:28          8      0,00      0,00      0,00      0,00      0,00      0,00      0,00      0,00      0,00    100,00
14:09:28          9      0,00      0,00      0,00      0,00      0,00      0,00      0,00      0,00      0,00    100,00
14:09:28         10      0,00      0,00      0,00      0,00      0,00      0,00      0,00      0,00      0,00    100,00
14:09:28         11      0,00      0,00      0,00      0,00      0,00      0,00      0,00      0,00      0,00    100,00
14:09:28         12      0,00      0,00      0,00      0,00      0,00      0,00      0,00      0,00      0,00    100,00
14:09:28         13      0,00      0,00      0,00      0,00      0,00      0,00      0,00      0,00      0,00    100,00
14:09:28         14      0,00      0,00      0,00      0,00      0,00      0,00      0,00      0,00      0,00    100,00
14:09:28         15      0,00      0,00      0,00      0,00      0,00      0,00      0,00      0,00      0,00    100,00

14:09:26        IFACE   rxpck/s   txpck/s    rxkB/s    txkB/s   rxcmp/s   txcmp/s  rxmcst/s   %ifutil
14:09:28           lo      0,00      0,00      0,00      0,00      0,00      0,00      0,00      0,00
14:09:28         eno1      6,00      0,00      0,38      0,00      0,00      0,00      1,00      0,00
14:09:28         eno2      0,00      0,00      0,00      0,00      0,00      0,00      0,00      0,00
14:09:28      docker0      0,00      0,00      0,00      0,00      0,00      0,00      0,00      0,00
14:09:28      ens2np0 310736,00 310752,00  37628,19  37630,12      0,00      0,00      0,00      3,08
14:09:28      ens2np1      0,00      0,00      0,00      0,00      0,00      0,00      0,00      0,00

14:09:28        CPU      %usr     %nice      %sys   %iowait    %steal      %irq     %soft    %guest    %gnice     %idle
14:09:30        all      0,50      0,00      0,19      0,00      0,00      0,00     12,54      0,00      0,00     86,77
14:09:30          0      0,00      0,00      0,00      0,00      0,00      0,00    100,00      0,00      0,00      0,00
14:09:30          1      0,00      0,00      0,00      0,00      0,00      0,00    100,00      0,00      0,00      0,00
14:09:30          2      1,00      0,00      0,50      0,00      0,00      0,00      0,50      0,00      0,00     98,01
14:09:30          3      0,50      0,00      0,00      0,00      0,00      0,00      0,50      0,00      0,00     99,00
14:09:30          4      0,50      0,00      0,50      0,00      0,00      0,00      0,00      0,00      0,00     99,00
14:09:30          5      0,50      0,00      0,50      0,00      0,00      0,00      0,00      0,00      0,00     99,00
14:09:30          6      1,99      0,00      0,50      0,00      0,00      0,00      0,00      0,00      0,00     97,51
14:09:30          7      0,50      0,00      0,00      0,00      0,00      0,00      0,00      0,00      0,00     99,50
14:09:30          8      0,50      0,00      0,50      0,00      0,00      0,00      0,00      0,00      0,00     99,01
14:09:30          9      0,00      0,00      0,00      0,00      0,00      0,00      0,00      0,00      0,00    100,00
14:09:30         10      0,00      0,00      0,00      0,00      0,00      0,00      0,00      0,00      0,00    100,00
14:09:30         11      0,50      0,00      0,00      0,00      0,00      0,00      0,00      0,00      0,00     99,50
14:09:30         12      0,50      0,00      0,00      0,00      0,00      0,00      0,00      0,00      0,00     99,50
14:09:30         13      0,50      0,00      0,00      0,00      0,00      0,00      0,00      0,00      0,00     99,50
14:09:30         14      0,50      0,00      0,50      0,00      0,00      0,00      0,00      0,00      0,00     99,00
14:09:30         15      0,50      0,00      0,00      0,00      0,00      0,00      0,00      0,00      0,00     99,50

14:09:28        IFACE   rxpck/s   txpck/s    rxkB/s    txkB/s   rxcmp/s   txcmp/s  rxmcst/s   %ifutil
14:09:30           lo      0,00      0,00      0,00      0,00      0,00      0,00      0,00      0,00
14:09:30         eno1      9,00      0,00      0,56      0,00      0,00      0,00      1,00      0,00
14:09:30         eno2      0,00      0,00      0,00      0,00      0,00      0,00      0,00      0,00
14:09:30      docker0      0,00      0,00      0,00      0,00      0,00      0,00      0,00      0,00
14:09:30      ens2np0 310264,00 310272,00  37571,03  37572,00      0,00      0,00      0,00      3,08
14:09:30      ens2np1      0,00      0,00      0,00      0,00      0,00      0,00      0,00      0,00

Average:        CPU      %usr     %nice      %sys   %iowait    %steal      %irq     %soft    %guest    %gnice     %idle
Average:        all      0,11      0,00      0,05      0,00      0,00      0,00      9,82      0,00      0,00     90,02
Average:          0      0,00      0,00      0,02      0,00      0,00      0,00     78,46      0,00      0,00     21,52
Average:          1      0,02      0,00      0,02      0,00      0,00      0,00     78,46      0,00      0,00     21,50
Average:          2      0,14      0,00      0,08      0,00      0,00      0,00      0,20      0,00      0,00     99,58
Average:          3      0,08      0,00      0,04      0,00      0,00      0,00      0,02      0,00      0,00     99,86
Average:          4      0,08      0,00      0,04      0,02      0,00      0,00      0,00      0,00      0,00     99,86
Average:          5      0,16      0,00      0,04      0,00      0,00      0,00      0,00      0,00      0,00     99,80
Average:          6      0,12      0,00      0,02      0,00      0,00      0,00      0,00      0,00      0,00     99,86
Average:          7      0,10      0,00      0,04      0,02      0,00      0,00      0,00      0,00      0,00     99,84
Average:          8      0,04      0,00      0,04      0,00      0,00      0,00      0,00      0,00      0,00     99,92
Average:          9      0,06      0,00      0,02      0,00      0,00      0,00      0,00      0,00      0,00     99,92
Average:         10      0,08      0,00      0,04      0,00      0,00      0,00      0,00      0,00      0,00     99,88
Average:         11      0,14      0,00      0,06      0,00      0,00      0,00      0,00      0,00      0,00     99,80
Average:         12      0,14      0,00      0,06      0,02      0,00      0,00      0,00      0,00      0,00     99,78
Average:         13      0,24      0,00      0,12      0,00      0,00      0,00      0,00      0,00      0,00     99,64
Average:         14      0,26      0,00      0,08      0,00      0,00      0,00      0,00      0,00      0,00     99,66
Average:         15      0,08      0,00      0,04      0,00      0,00      0,00      0,00      0,00      0,00     99,88

Average:        IFACE   rxpck/s   txpck/s    rxkB/s    txkB/s   rxcmp/s   txcmp/s  rxmcst/s   %ifutil
Average:           lo      0,00      0,00      0,00      0,00      0,00      0,00      0,00      0,00
Average:         eno1      9,52      3,30      0,89      0,53      0,00      0,00      1,12      0,00
Average:         eno2      0,00      0,00      0,00      0,00      0,00      0,00      0,00      0,00
Average:      docker0      0,00      0,00      0,00      0,00      0,00      0,00      0,00      0,00
Average:      ens2np0 243687,36 243686,30  29509,02  29508,89      0,00      0,00      0,00      2,42
Average:      ens2np1      0,00      0,00      0,00      0,00      0,00      0,00      0,00      0,00
