Linux 5.13.0-52-generic (w1) 	21/07/2022 	_x86_64_	(16 CPU)

17:45:42        CPU      %usr     %nice      %sys   %iowait    %steal      %irq     %soft    %guest    %gnice     %idle
17:45:44        all      0,44      0,00      0,09      0,00      0,00      0,00      0,00      0,00      0,00     99,47
17:45:44          0      1,00      0,00      0,00      0,00      0,00      0,00      0,00      0,00      0,00     99,00
17:45:44          1      0,50      0,00      0,00      0,00      0,00      0,00      0,00      0,00      0,00     99,50
17:45:44          2      0,50      0,00      0,00      0,00      0,00      0,00      0,00      0,00      0,00     99,50
17:45:44          3      1,00      0,00      0,50      0,00      0,00      0,00      0,00      0,00      0,00     98,50
17:45:44          4      1,00      0,00      0,00      0,00      0,00      0,00      0,00      0,00      0,00     99,00
17:45:44          5      0,00      0,00      0,00      0,00      0,00      0,00      0,00      0,00      0,00    100,00
17:45:44          6      0,00      0,00      0,00      0,00      0,00      0,00      0,00      0,00      0,00    100,00
17:45:44          7      0,50      0,00      0,00      0,00      0,00      0,00      0,00      0,00      0,00     99,50
17:45:44          8      0,00      0,00      0,00      0,00      0,00      0,00      0,00      0,00      0,00    100,00
17:45:44          9      0,00      0,00      0,00      0,00      0,00      0,00      0,00      0,00      0,00    100,00
17:45:44         10      0,50      0,00      0,00      0,00      0,00      0,00      0,00      0,00      0,00     99,50
17:45:44         11      0,50      0,00      0,00      0,00      0,00      0,00      0,00      0,00      0,00     99,50
17:45:44         12      0,00      0,00      0,00      0,00      0,00      0,00      0,00      0,00      0,00    100,00
17:45:44         13      0,00      0,00      0,50      0,00      0,00      0,00      0,00      0,00      0,00     99,50
17:45:44         14      0,50      0,00      0,00      0,00      0,00      0,00      0,00      0,00      0,00     99,50
17:45:44         15      1,00      0,00      0,50      0,00      0,00      0,00      0,00      0,00      0,00     98,50

17:45:42        IFACE   rxpck/s   txpck/s    rxkB/s    txkB/s   rxcmp/s   txcmp/s  rxmcst/s   %ifutil
17:45:44           lo      0,00      0,00      0,00      0,00      0,00      0,00      0,00      0,00
17:45:44         eno1     18,50     18,00      3,69      3,42      0,00      0,00      1,00      0,00
17:45:44         eno2      0,00      0,00      0,00      0,00      0,00      0,00      0,00      0,00
17:45:44      docker0      0,00      0,00      0,00      0,00      0,00      0,00      0,00      0,00
17:45:44      ens2np0      0,00      0,00      0,00      0,00      0,00      0,00      0,00      0,00
17:45:44      ens2np1      0,00      0,00      0,00      0,00      0,00      0,00      0,00      0,00

17:45:44        CPU      %usr     %nice      %sys   %iowait    %steal      %irq     %soft    %guest    %gnice     %idle
17:45:46        all      0,06      0,00      0,06      0,00      0,00      0,00      0,00      0,00      0,00     99,88
17:45:46          0      0,00      0,00      0,00      0,00      0,00      0,00      0,00      0,00      0,00    100,00
17:45:46          1      0,00      0,00      0,00      0,00      0,00      0,00      0,00      0,00      0,00    100,00
17:45:46          2      0,00      0,00      0,00      0,00      0,00      0,00      0,00      0,00      0,00    100,00
17:45:46          3      0,00      0,00      0,00      0,00      0,00      0,00      0,00      0,00      0,00    100,00
17:45:46          4      0,00      0,00      0,00      0,00      0,00      0,00      0,00      0,00      0,00    100,00
17:45:46          5      0,00      0,00      0,00      0,00      0,00      0,00      0,00      0,00      0,00    100,00
17:45:46          6      0,00      0,00      0,00      0,00      0,00      0,00      0,00      0,00      0,00    100,00
17:45:46          7      0,50      0,00      0,50      0,00      0,00      0,00      0,00      0,00      0,00     99,00
17:45:46          8      0,50      0,00      0,50      0,00      0,00      0,00      0,00      0,00      0,00     99,00
17:45:46          9      0,00      0,00      0,00      0,00      0,00      0,00      0,00      0,00      0,00    100,00
17:45:46         10      0,00      0,00      0,00      0,00      0,00      0,00      0,00      0,00      0,00    100,00
17:45:46         11      0,00      0,00      0,00      0,00      0,00      0,00      0,00      0,00      0,00    100,00
17:45:46         12      0,00      0,00      0,00      0,00      0,00      0,00      0,00      0,00      0,00    100,00
17:45:46         13      0,00      0,00      0,00      0,00      0,00      0,00      0,00      0,00      0,00    100,00
17:45:46         14      0,00      0,00      0,00      0,00      0,00      0,00      0,00      0,00      0,00    100,00
17:45:46         15      0,00      0,00      0,00      0,00      0,00      0,00      0,00      0,00      0,00    100,00

17:45:44        IFACE   rxpck/s   txpck/s    rxkB/s    txkB/s   rxcmp/s   txcmp/s  rxmcst/s   %ifutil
17:45:46           lo      0,00      0,00      0,00      0,00      0,00      0,00      0,00      0,00
17:45:46         eno1     10,00      3,00      0,69      0,74      0,00      0,00      1,00      0,00
17:45:46         eno2      0,00      0,00      0,00      0,00      0,00      0,00      0,00      0,00
17:45:46      docker0      0,00      0,00      0,00      0,00      0,00      0,00      0,00      0,00
17:45:46      ens2np0      0,00      0,00      0,00      0,00      0,00      0,00      0,00      0,00
17:45:46      ens2np1      0,00      0,00      0,00      0,00      0,00      0,00      0,00      0,00

17:45:46        CPU      %usr     %nice      %sys   %iowait    %steal      %irq     %soft    %guest    %gnice     %idle
17:45:48        all      0,00      0,00      0,00      0,00      0,00      0,00      0,00      0,00      0,00    100,00
17:45:48          0      0,00      0,00      0,00      0,00      0,00      0,00      0,00      0,00      0,00    100,00
17:45:48          1      0,00      0,00      0,00      0,00      0,00      0,00      0,00      0,00      0,00    100,00
17:45:48          2      0,00      0,00      0,00      0,00      0,00      0,00      0,00      0,00      0,00    100,00
17:45:48          3      0,00      0,00      0,00      0,00      0,00      0,00      0,00      0,00      0,00    100,00
17:45:48          4      0,00      0,00      0,00      0,00      0,00      0,00      0,00      0,00      0,00    100,00
17:45:48          5      0,00      0,00      0,00      0,00      0,00      0,00      0,00      0,00      0,00    100,00
17:45:48          6      0,00      0,00      0,00      0,00      0,00      0,00      0,00      0,00      0,00    100,00
17:45:48          7      0,00      0,00      0,00      0,00      0,00      0,00      0,00      0,00      0,00    100,00
17:45:48          8      0,00      0,00      0,00      0,00      0,00      0,00      0,00      0,00      0,00    100,00
17:45:48          9      0,00      0,00      0,00      0,00      0,00      0,00      0,00      0,00      0,00    100,00
17:45:48         10      0,00      0,00      0,00      0,00      0,00      0,00      0,00      0,00      0,00    100,00
17:45:48         11      0,00      0,00      0,00      0,00      0,00      0,00      0,00      0,00      0,00    100,00
17:45:48         12      0,00      0,00      0,00      0,00      0,00      0,00      0,00      0,00      0,00    100,00
17:45:48         13      0,00      0,00      0,00      0,00      0,00      0,00      0,00      0,00      0,00    100,00
17:45:48         14      0,00      0,00      0,00      0,00      0,00      0,00      0,00      0,00      0,00    100,00
17:45:48         15      0,00      0,00      0,00      0,00      0,00      0,00      0,00      0,00      0,00    100,00

17:45:46        IFACE   rxpck/s   txpck/s    rxkB/s    txkB/s   rxcmp/s   txcmp/s  rxmcst/s   %ifutil
17:45:48           lo      0,00      0,00      0,00      0,00      0,00      0,00      0,00      0,00
17:45:48         eno1      9,00      4,00      0,90      0,46      0,00      0,00      1,00      0,00
17:45:48         eno2      0,00      0,00      0,00      0,00      0,00      0,00      0,00      0,00
17:45:48      docker0      0,00      0,00      0,00      0,00      0,00      0,00      0,00      0,00
17:45:48      ens2np0      0,00      0,00      0,00      0,00      0,00      0,00      0,00      0,00
17:45:48      ens2np1      0,00      0,00      0,00      0,00      0,00      0,00      0,00      0,00

17:45:48        CPU      %usr     %nice      %sys   %iowait    %steal      %irq     %soft    %guest    %gnice     %idle
17:45:50        all      0,00      0,00      0,00      0,00      0,00      0,00      0,00      0,00      0,00    100,00
17:45:50          0      0,00      0,00      0,00      0,00      0,00      0,00      0,00      0,00      0,00    100,00
17:45:50          1      0,00      0,00      0,00      0,00      0,00      0,00      0,00      0,00      0,00    100,00
17:45:50          2      0,00      0,00      0,00      0,00      0,00      0,00      0,00      0,00      0,00    100,00
17:45:50          3      0,00      0,00      0,00      0,00      0,00      0,00      0,00      0,00      0,00    100,00
17:45:50          4      0,00      0,00      0,00      0,00      0,00      0,00      0,00      0,00      0,00    100,00
17:45:50          5      0,00      0,00      0,00      0,00      0,00      0,00      0,00      0,00      0,00    100,00
17:45:50          6      0,00      0,00      0,00      0,00      0,00      0,00      0,00      0,00      0,00    100,00
17:45:50          7      0,00      0,00      0,00      0,00      0,00      0,00      0,00      0,00      0,00    100,00
17:45:50          8      0,00      0,00      0,00      0,00      0,00      0,00      0,00      0,00      0,00    100,00
17:45:50          9      0,00      0,00      0,00      0,00      0,00      0,00      0,00      0,00      0,00    100,00
17:45:50         10      0,00      0,00      0,00      0,00      0,00      0,00      0,00      0,00      0,00    100,00
17:45:50         11      0,00      0,00      0,00      0,00      0,00      0,00      0,00      0,00      0,00    100,00
17:45:50         12      0,00      0,00      0,00      0,00      0,00      0,00      0,00      0,00      0,00    100,00
17:45:50         13      0,00      0,00      0,00      0,00      0,00      0,00      0,00      0,00      0,00    100,00
17:45:50         14      0,00      0,00      0,00      0,00      0,00      0,00      0,00      0,00      0,00    100,00
17:45:50         15      0,00      0,00      0,00      0,00      0,00      0,00      0,00      0,00      0,00    100,00

17:45:48        IFACE   rxpck/s   txpck/s    rxkB/s    txkB/s   rxcmp/s   txcmp/s  rxmcst/s   %ifutil
17:45:50           lo      0,00      0,00      0,00      0,00      0,00      0,00      0,00      0,00
17:45:50         eno1      4,50      0,00      0,28      0,00      0,00      0,00      1,50      0,00
17:45:50         eno2      0,00      0,00      0,00      0,00      0,00      0,00      0,00      0,00
17:45:50      docker0      0,00      0,00      0,00      0,00      0,00      0,00      0,00      0,00
17:45:50      ens2np0      0,00      0,00      0,00      0,00      0,00      0,00      0,00      0,00
17:45:50      ens2np1      0,00      0,00      0,00      0,00      0,00      0,00      0,00      0,00

17:45:50        CPU      %usr     %nice      %sys   %iowait    %steal      %irq     %soft    %guest    %gnice     %idle
17:45:52        all      0,00      0,00      0,00      0,00      0,00      0,00      0,00      0,00      0,00    100,00
17:45:52          0      0,00      0,00      0,00      0,00      0,00      0,00      0,00      0,00      0,00    100,00
17:45:52          1      0,00      0,00      0,00      0,00      0,00      0,00      0,00      0,00      0,00    100,00
17:45:52          2      0,00      0,00      0,00      0,00      0,00      0,00      0,00      0,00      0,00    100,00
17:45:52          3      0,00      0,00      0,00      0,00      0,00      0,00      0,00      0,00      0,00    100,00
17:45:52          4      0,00      0,00      0,00      0,00      0,00      0,00      0,00      0,00      0,00    100,00
17:45:52          5      0,00      0,00      0,00      0,00      0,00      0,00      0,00      0,00      0,00    100,00
17:45:52          6      0,00      0,00      0,00      0,00      0,00      0,00      0,00      0,00      0,00    100,00
17:45:52          7      0,00      0,00      0,00      0,00      0,00      0,00      0,00      0,00      0,00    100,00
17:45:52          8      0,00      0,00      0,00      0,00      0,00      0,00      0,00      0,00      0,00    100,00
17:45:52          9      0,00      0,00      0,00      0,00      0,00      0,00      0,00      0,00      0,00    100,00
17:45:52         10      0,00      0,00      0,00      0,00      0,00      0,00      0,00      0,00      0,00    100,00
17:45:52         11      0,00      0,00      0,00      0,00      0,00      0,00      0,00      0,00      0,00    100,00
17:45:52         12      0,00      0,00      0,00      0,00      0,00      0,00      0,00      0,00      0,00    100,00
17:45:52         13      0,00      0,00      0,00      0,00      0,00      0,00      0,00      0,00      0,00    100,00
17:45:52         14      0,00      0,00      0,00      0,00      0,00      0,00      0,00      0,00      0,00    100,00
17:45:52         15      0,00      0,00      0,00      0,00      0,00      0,00      0,00      0,00      0,00    100,00

17:45:50        IFACE   rxpck/s   txpck/s    rxkB/s    txkB/s   rxcmp/s   txcmp/s  rxmcst/s   %ifutil
17:45:52           lo      0,00      0,00      0,00      0,00      0,00      0,00      0,00      0,00
17:45:52         eno1      9,00      1,50      0,69      0,10      0,00      0,00      1,00      0,00
17:45:52         eno2      0,00      0,00      0,00      0,00      0,00      0,00      0,00      0,00
17:45:52      docker0      0,00      0,00      0,00      0,00      0,00      0,00      0,00      0,00
17:45:52      ens2np0      0,00      0,00      0,00      0,00      0,00      0,00      0,00      0,00
17:45:52      ens2np1      0,00      0,00      0,00      0,00      0,00      0,00      0,00      0,00

17:45:52        CPU      %usr     %nice      %sys   %iowait    %steal      %irq     %soft    %guest    %gnice     %idle
17:45:54        all      0,56      0,00      0,06      0,00      0,00      0,00     14,25      0,00      0,00     85,12
17:45:54          0      0,50      0,00      0,00      0,00      0,00      0,00     54,77      0,00      0,00     44,72
17:45:54          1      0,00      0,00      0,00      0,00      0,00      0,00     55,56      0,00      0,00     44,44
17:45:54          2      0,00      0,00      0,00      0,00      0,00      0,00     55,28      0,00      0,00     44,72
17:45:54          3      0,50      0,00      0,00      0,00      0,00      0,00     55,28      0,00      0,00     44,22
17:45:54          4      0,46      0,00      0,00      0,00      0,00      0,00      8,72      0,00      0,00     90,83
17:45:54          5      0,50      0,00      0,00      0,00      0,00      0,00      0,00      0,00      0,00     99,50
17:45:54          6      0,00      0,00      0,00      0,00      0,00      0,00      0,00      0,00      0,00    100,00
17:45:54          7      0,00      0,00      0,00      0,00      0,00      0,00      0,00      0,00      0,00    100,00
17:45:54          8      1,00      0,00      0,00      0,00      0,00      0,00      0,00      0,00      0,00     99,00
17:45:54          9      0,50      0,00      0,50      0,00      0,00      0,00      0,00      0,00      0,00     99,00
17:45:54         10      1,00      0,00      0,00      0,00      0,00      0,00      0,00      0,00      0,00     99,00
17:45:54         11      0,50      0,00      0,00      0,00      0,00      0,00      0,00      0,00      0,00     99,50
17:45:54         12      0,50      0,00      0,00      0,00      0,00      0,00      0,00      0,00      0,00     99,50
17:45:54         13      1,00      0,00      0,00      0,00      0,00      0,00      0,00      0,00      0,00     99,00
17:45:54         14      2,00      0,00      0,50      0,00      0,00      0,00      0,00      0,00      0,00     97,50
17:45:54         15      0,50      0,00      0,00      0,00      0,00      0,00      0,00      0,00      0,00     99,50

17:45:52        IFACE   rxpck/s   txpck/s    rxkB/s    txkB/s   rxcmp/s   txcmp/s  rxmcst/s   %ifutil
17:45:54           lo      0,00      0,00      0,00      0,00      0,00      0,00      0,00      0,00
17:45:54         eno1      5,50      2,00      0,38      0,18      0,00      0,00      1,00      0,00
17:45:54         eno2      0,00      0,00      0,00      0,00      0,00      0,00      0,00      0,00
17:45:54      docker0      0,00      0,00      0,00      0,00      0,00      0,00      0,00      0,00
17:45:54      ens2np0 104389,50  98304,00  51786,98  48768,00      0,00      0,00      0,00      4,24
17:45:54      ens2np1      0,00      0,00      0,00      0,00      0,00      0,00      0,00      0,00

17:45:54        CPU      %usr     %nice      %sys   %iowait    %steal      %irq     %soft    %guest    %gnice     %idle
17:45:56        all      0,00      0,00      0,00      0,00      0,00      0,00     25,84      0,00      0,00     74,16
17:45:56          0      0,00      0,00      0,00      0,00      0,00      0,00    100,00      0,00      0,00      0,00
17:45:56          1      0,00      0,00      0,00      0,00      0,00      0,00    100,00      0,00      0,00      0,00
17:45:56          2      0,00      0,00      0,00      0,00      0,00      0,00    100,00      0,00      0,00      0,00
17:45:56          3      0,00      0,00      0,00      0,00      0,00      0,00    100,00      0,00      0,00      0,00
17:45:56          4      0,00      0,00      0,00      0,00      0,00      0,00     15,32      0,00      0,00     84,68
17:45:56          5      0,00      0,00      0,00      0,00      0,00      0,00      0,00      0,00      0,00    100,00
17:45:56          6      0,00      0,00      0,00      0,00      0,00      0,00      0,00      0,00      0,00    100,00
17:45:56          7      0,00      0,00      0,00      0,00      0,00      0,00      0,00      0,00      0,00    100,00
17:45:56          8      0,00      0,00      0,00      0,00      0,00      0,00      0,00      0,00      0,00    100,00
17:45:56          9      0,00      0,00      0,00      0,00      0,00      0,00      0,00      0,00      0,00    100,00
17:45:56         10      0,00      0,00      0,00      0,00      0,00      0,00      0,00      0,00      0,00    100,00
17:45:56         11      0,00      0,00      0,00      0,00      0,00      0,00      0,00      0,00      0,00    100,00
17:45:56         12      0,00      0,00      0,00      0,00      0,00      0,00      0,00      0,00      0,00    100,00
17:45:56         13      0,00      0,00      0,00      0,00      0,00      0,00      0,00      0,00      0,00    100,00
17:45:56         14      0,00      0,00      0,00      0,00      0,00      0,00      0,00      0,00      0,00    100,00
17:45:56         15      0,00      0,00      0,00      0,00      0,00      0,00      0,00      0,00      0,00    100,00

17:45:54        IFACE   rxpck/s   txpck/s    rxkB/s    txkB/s   rxcmp/s   txcmp/s  rxmcst/s   %ifutil
17:45:56           lo      0,00      0,00      0,00      0,00      0,00      0,00      0,00      0,00
17:45:56         eno1      7,00      0,00      0,44      0,00      0,00      0,00      1,00      0,00
17:45:56         eno2      0,00      0,00      0,00      0,00      0,00      0,00      0,00      0,00
17:45:56      docker0      0,00      0,00      0,00      0,00      0,00      0,00      0,00      0,00
17:45:56      ens2np0 192361,50 192512,00  95429,34  95504,00      0,00      0,00      0,00      7,82
17:45:56      ens2np1      0,00      0,00      0,00      0,00      0,00      0,00      0,00      0,00

17:45:56        CPU      %usr     %nice      %sys   %iowait    %steal      %irq     %soft    %guest    %gnice     %idle
17:45:58        all      0,09      0,00      0,06      0,00      0,00      0,00     25,92      0,00      0,00     73,93
17:45:58          0      0,00      0,00      0,00      0,00      0,00      0,00    100,00      0,00      0,00      0,00
17:45:58          1      0,00      0,00      0,00      0,00      0,00      0,00    100,00      0,00      0,00      0,00
17:45:58          2      0,00      0,00      0,00      0,00      0,00      0,00    100,00      0,00      0,00      0,00
17:45:58          3      0,00      0,00      0,00      0,00      0,00      0,00    100,00      0,00      0,00      0,00
17:45:58          4      0,84      0,00      0,00      0,00      0,00      0,00     15,97      0,00      0,00     83,19
17:45:58          5      0,00      0,00      0,00      0,00      0,00      0,00      0,99      0,00      0,00     99,01
17:45:58          6      0,00      0,00      0,00      0,00      0,00      0,00      0,00      0,00      0,00    100,00
17:45:58          7      0,50      0,00      0,50      0,00      0,00      0,00      0,00      0,00      0,00     99,00
17:45:58          8      0,00      0,00      0,00      0,00      0,00      0,00      0,00      0,00      0,00    100,00
17:45:58          9      0,00      0,00      0,00      0,00      0,00      0,00      0,00      0,00      0,00    100,00
17:45:58         10      0,00      0,00      0,00      0,00      0,00      0,00      0,00      0,00      0,00    100,00
17:45:58         11      0,00      0,00      0,00      0,00      0,00      0,00      0,00      0,00      0,00    100,00
17:45:58         12      0,00      0,00      0,00      0,00      0,00      0,00      0,00      0,00      0,00    100,00
17:45:58         13      0,00      0,00      0,00      0,00      0,00      0,00      0,00      0,00      0,00    100,00
17:45:58         14      0,00      0,00      0,50      0,00      0,00      0,00      0,00      0,00      0,00     99,50
17:45:58         15      0,00      0,00      0,00      0,00      0,00      0,00      0,00      0,00      0,00    100,00

17:45:56        IFACE   rxpck/s   txpck/s    rxkB/s    txkB/s   rxcmp/s   txcmp/s  rxmcst/s   %ifutil
17:45:58           lo      0,00      0,00      0,00      0,00      0,00      0,00      0,00      0,00
17:45:58         eno1     10,00      3,00      0,87      0,74      0,00      0,00      1,00      0,00
17:45:58         eno2      0,00      0,00      0,00      0,00      0,00      0,00      0,00      0,00
17:45:58      docker0      0,00      0,00      0,00      0,00      0,00      0,00      0,00      0,00
17:45:58      ens2np0 192265,50 192512,00  95381,71  95504,00      0,00      0,00      0,00      7,82
17:45:58      ens2np1      0,00      0,00      0,00      0,00      0,00      0,00      0,00      0,00

17:45:58        CPU      %usr     %nice      %sys   %iowait    %steal      %irq     %soft    %guest    %gnice     %idle
17:46:00        all      0,06      0,00      0,00      0,00      0,00      0,00     25,74      0,00      0,00     74,20
17:46:00          0      0,00      0,00      0,00      0,00      0,00      0,00    100,00      0,00      0,00      0,00
17:46:00          1      0,00      0,00      0,00      0,00      0,00      0,00    100,00      0,00      0,00      0,00
17:46:00          2      0,00      0,00      0,00      0,00      0,00      0,00    100,00      0,00      0,00      0,00
17:46:00          3      0,00      0,00      0,00      0,00      0,00      0,00    100,00      0,00      0,00      0,00
17:46:00          4      0,00      0,00      0,00      0,00      0,00      0,00     13,48      0,00      0,00     86,52
17:46:00          5      0,00      0,00      0,00      0,00      0,00      0,00      0,00      0,00      0,00    100,00
17:46:00          6      0,00      0,00      0,00      0,00      0,00      0,00      0,00      0,00      0,00    100,00
17:46:00          7      0,50      0,00      0,00      0,00      0,00      0,00      0,00      0,00      0,00     99,50
17:46:00          8      0,00      0,00      0,00      0,00      0,00      0,00      0,00      0,00      0,00    100,00
17:46:00          9      0,50      0,00      0,00      0,00      0,00      0,00      0,00      0,00      0,00     99,50
17:46:00         10      0,00      0,00      0,00      0,00      0,00      0,00      0,00      0,00      0,00    100,00
17:46:00         11      0,00      0,00      0,00      0,00      0,00      0,00      0,00      0,00      0,00    100,00
17:46:00         12      0,00      0,00      0,00      0,00      0,00      0,00      0,00      0,00      0,00    100,00
17:46:00         13      0,00      0,00      0,00      0,00      0,00      0,00      0,00      0,00      0,00    100,00
17:46:00         14      0,00      0,00      0,00      0,00      0,00      0,00      0,00      0,00      0,00    100,00
17:46:00         15      0,00      0,00      0,00      0,00      0,00      0,00      0,00      0,00      0,00    100,00

17:45:58        IFACE   rxpck/s   txpck/s    rxkB/s    txkB/s   rxcmp/s   txcmp/s  rxmcst/s   %ifutil
17:46:00           lo      0,00      0,00      0,00      0,00      0,00      0,00      0,00      0,00
17:46:00         eno1      9,50      3,00      0,71      0,37      0,00      0,00      1,00      0,00
17:46:00         eno2      0,00      0,00      0,00      0,00      0,00      0,00      0,00      0,00
17:46:00      docker0      0,00      0,00      0,00      0,00      0,00      0,00      0,00      0,00
17:46:00      ens2np0 192442,50 192512,00  95469,52  95504,00      0,00      0,00      0,00      7,82
17:46:00      ens2np1      0,00      0,00      0,00      0,00      0,00      0,00      0,00      0,00

17:46:00        CPU      %usr     %nice      %sys   %iowait    %steal      %irq     %soft    %guest    %gnice     %idle
17:46:02        all      0,00      0,00      0,03      0,00      0,00      0,00     25,93      0,00      0,00     74,04
17:46:02          0      0,00      0,00      0,00      0,00      0,00      0,00    100,00      0,00      0,00      0,00
17:46:02          1      0,00      0,00      0,00      0,00      0,00      0,00    100,00      0,00      0,00      0,00
17:46:02          2      0,00      0,00      0,00      0,00      0,00      0,00    100,00      0,00      0,00      0,00
17:46:02          3      0,00      0,00      0,00      0,00      0,00      0,00    100,00      0,00      0,00      0,00
17:46:02          4      0,00      0,00      0,42      0,00      0,00      0,00     16,67      0,00      0,00     82,92
17:46:02          5      0,00      0,00      0,00      0,00      0,00      0,00      0,00      0,00      0,00    100,00
17:46:02          6      0,00      0,00      0,00      0,00      0,00      0,00      0,00      0,00      0,00    100,00
17:46:02          7      0,00      0,00      0,00      0,00      0,00      0,00      0,00      0,00      0,00    100,00
17:46:02          8      0,00      0,00      0,00      0,00      0,00      0,00      0,00      0,00      0,00    100,00
17:46:02          9      0,00      0,00      0,00      0,00      0,00      0,00      0,00      0,00      0,00    100,00
17:46:02         10      0,00      0,00      0,00      0,00      0,00      0,00      0,00      0,00      0,00    100,00
17:46:02         11      0,00      0,00      0,00      0,00      0,00      0,00      0,00      0,00      0,00    100,00
17:46:02         12      0,00      0,00      0,00      0,00      0,00      0,00      0,00      0,00      0,00    100,00
17:46:02         13      0,00      0,00      0,00      0,00      0,00      0,00      0,00      0,00      0,00    100,00
17:46:02         14      0,00      0,00      0,00      0,00      0,00      0,00      0,00      0,00      0,00    100,00
17:46:02         15      0,00      0,00      0,00      0,00      0,00      0,00      0,00      0,00      0,00    100,00

17:46:00        IFACE   rxpck/s   txpck/s    rxkB/s    txkB/s   rxcmp/s   txcmp/s  rxmcst/s   %ifutil
17:46:02           lo      0,00      0,00      0,00      0,00      0,00      0,00      0,00      0,00
17:46:02         eno1      9,50      1,50      0,76      0,14      0,00      0,00      1,00      0,00
17:46:02         eno2      0,00      0,00      0,00      0,00      0,00      0,00      0,00      0,00
17:46:02      docker0      0,00      0,00      0,00      0,00      0,00      0,00      0,00      0,00
17:46:02      ens2np0 192240,50 192512,00  95369,31  95504,00      0,00      0,00      0,00      7,82
17:46:02      ens2np1      0,00      0,00      0,00      0,00      0,00      0,00      0,00      0,00

17:46:02        CPU      %usr     %nice      %sys   %iowait    %steal      %irq     %soft    %guest    %gnice     %idle
17:46:04        all      0,37      0,00      0,31      0,00      0,00      0,00     25,63      0,00      0,00     73,69
17:46:04          0      0,00      0,00      0,00      0,00      0,00      0,00    100,00      0,00      0,00      0,00
17:46:04          1      0,00      0,00      0,00      0,00      0,00      0,00    100,00      0,00      0,00      0,00
17:46:04          2      0,00      0,00      0,00      0,00      0,00      0,00    100,00      0,00      0,00      0,00
17:46:04          3      0,00      0,00      0,00      0,00      0,00      0,00    100,00      0,00      0,00      0,00
17:46:04          4      0,45      0,00      0,00      0,00      0,00      0,00     12,05      0,00      0,00     87,50
17:46:04          5      0,00      0,00      0,00      0,00      0,00      0,00      0,00      0,00      0,00    100,00
17:46:04          6      0,50      0,00      0,00      0,00      0,00      0,00      0,00      0,00      0,00     99,50
17:46:04          7      1,00      0,00      1,00      0,00      0,00      0,00      0,00      0,00      0,00     98,01
17:46:04          8      0,00      0,00      0,00      0,00      0,00      0,00      0,00      0,00      0,00    100,00
17:46:04          9      0,00      0,00      0,00      0,00      0,00      0,00      0,00      0,00      0,00    100,00
17:46:04         10      0,50      0,00      1,00      0,00      0,00      0,00      0,00      0,00      0,00     98,51
17:46:04         11      0,50      0,00      0,50      0,00      0,00      0,00      0,00      0,00      0,00     99,00
17:46:04         12      0,50      0,00      0,50      0,00      0,00      0,00      0,00      0,00      0,00     99,00
17:46:04         13      0,50      0,00      0,50      0,00      0,00      0,00      0,00      0,00      0,00     99,00
17:46:04         14      0,50      0,00      1,00      0,00      0,00      0,00      0,00      0,00      0,00     98,51
17:46:04         15      1,50      0,00      0,50      0,00      0,00      0,00      0,00      0,00      0,00     98,00

17:46:02        IFACE   rxpck/s   txpck/s    rxkB/s    txkB/s   rxcmp/s   txcmp/s  rxmcst/s   %ifutil
17:46:04           lo      0,00      0,00      0,00      0,00      0,00      0,00      0,00      0,00
17:46:04         eno1     12,00      5,50      1,11      1,08      0,00      0,00      1,00      0,00
17:46:04         eno2      0,00      0,00      0,00      0,00      0,00      0,00      0,00      0,00
17:46:04      docker0      0,00      0,00      0,00      0,00      0,00      0,00      0,00      0,00
17:46:04      ens2np0 191731,50 191488,00  95116,80  94996,00      0,00      0,00      0,00      7,79
17:46:04      ens2np1      0,00      0,00      0,00      0,00      0,00      0,00      0,00      0,00

17:46:04        CPU      %usr     %nice      %sys   %iowait    %steal      %irq     %soft    %guest    %gnice     %idle
17:46:06        all      0,06      0,00      0,00      0,00      0,00      0,00     25,55      0,00      0,00     74,39
17:46:06          0      0,00      0,00      0,00      0,00      0,00      0,00    100,00      0,00      0,00      0,00
17:46:06          1      0,00      0,00      0,00      0,00      0,00      0,00    100,00      0,00      0,00      0,00
17:46:06          2      0,00      0,00      0,00      0,00      0,00      0,00    100,00      0,00      0,00      0,00
17:46:06          3      0,00      0,00      0,00      0,00      0,00      0,00    100,00      0,00      0,00      0,00
17:46:06          4      0,00      0,00      0,00      0,00      0,00      0,00     10,31      0,00      0,00     89,69
17:46:06          5      0,00      0,00      0,00      0,00      0,00      0,00      0,00      0,00      0,00    100,00
17:46:06          6      0,00      0,00      0,00      0,00      0,00      0,00      0,00      0,00      0,00    100,00
17:46:06          7      0,50      0,00      0,00      0,00      0,00      0,00      0,00      0,00      0,00     99,50
17:46:06          8      0,00      0,00      0,00      0,00      0,00      0,00      0,00      0,00      0,00    100,00
17:46:06          9      0,00      0,00      0,00      0,00      0,00      0,00      0,00      0,00      0,00    100,00
17:46:06         10      0,00      0,00      0,00      0,00      0,00      0,00      0,00      0,00      0,00    100,00
17:46:06         11      0,00      0,00      0,00      0,00      0,00      0,00      0,00      0,00      0,00    100,00
17:46:06         12      0,50      0,00      0,00      0,00      0,00      0,00      0,00      0,00      0,00     99,50
17:46:06         13      0,00      0,00      0,00      0,00      0,00      0,00      0,00      0,00      0,00    100,00
17:46:06         14      0,00      0,00      0,00      0,00      0,00      0,00      0,00      0,00      0,00    100,00
17:46:06         15      0,00      0,00      0,00      0,00      0,00      0,00      0,00      0,00      0,00    100,00

17:46:04        IFACE   rxpck/s   txpck/s    rxkB/s    txkB/s   rxcmp/s   txcmp/s  rxmcst/s   %ifutil
17:46:06           lo      0,00      0,00      0,00      0,00      0,00      0,00      0,00      0,00
17:46:06         eno1      9,50      2,50      0,84      0,71      0,00      0,00      1,00      0,00
17:46:06         eno2      0,00      0,00      0,00      0,00      0,00      0,00      0,00      0,00
17:46:06      docker0      0,00      0,00      0,00      0,00      0,00      0,00      0,00      0,00
17:46:06      ens2np0 192272,50 191488,00  95385,19  94996,00      0,00      0,00      0,00      7,81
17:46:06      ens2np1      0,00      0,00      0,00      0,00      0,00      0,00      0,00      0,00

17:46:06        CPU      %usr     %nice      %sys   %iowait    %steal      %irq     %soft    %guest    %gnice     %idle
17:46:08        all      0,00      0,00      0,03      0,00      0,00      0,00     25,57      0,00      0,00     74,39
17:46:08          0      0,00      0,00      0,00      0,00      0,00      0,00    100,00      0,00      0,00      0,00
17:46:08          1      0,00      0,00      0,00      0,00      0,00      0,00    100,00      0,00      0,00      0,00
17:46:08          2      0,00      0,00      0,00      0,00      0,00      0,00    100,00      0,00      0,00      0,00
17:46:08          3      0,00      0,00      0,00      0,00      0,00      0,00    100,00      0,00      0,00      0,00
17:46:08          4      0,00      0,00      0,00      0,00      0,00      0,00     10,76      0,00      0,00     89,24
17:46:08          5      0,00      0,00      0,00      0,00      0,00      0,00      0,00      0,00      0,00    100,00
17:46:08          6      0,00      0,00      0,00      0,00      0,00      0,00      0,00      0,00      0,00    100,00
17:46:08          7      0,00      0,00      0,50      0,00      0,00      0,00      0,00      0,00      0,00     99,50
17:46:08          8      0,00      0,00      0,00      0,00      0,00      0,00      0,00      0,00      0,00    100,00
17:46:08          9      0,00      0,00      0,00      0,00      0,00      0,00      0,00      0,00      0,00    100,00
17:46:08         10      0,00      0,00      0,00      0,00      0,00      0,00      0,00      0,00      0,00    100,00
17:46:08         11      0,00      0,00      0,00      0,00      0,00      0,00      0,00      0,00      0,00    100,00
17:46:08         12      0,00      0,00      0,00      0,00      0,00      0,00      0,00      0,00      0,00    100,00
17:46:08         13      0,00      0,00      0,00      0,00      0,00      0,00      0,00      0,00      0,00    100,00
17:46:08         14      0,00      0,00      0,00      0,00      0,00      0,00      0,00      0,00      0,00    100,00
17:46:08         15      0,00      0,00      0,00      0,00      0,00      0,00      0,00      0,00      0,00    100,00

17:46:06        IFACE   rxpck/s   txpck/s    rxkB/s    txkB/s   rxcmp/s   txcmp/s  rxmcst/s   %ifutil
17:46:08           lo      0,00      0,00      0,00      0,00      0,00      0,00      0,00      0,00
17:46:08         eno1      8,00      1,50      0,54      0,24      0,00      0,00      1,00      0,00
17:46:08         eno2      0,00      0,00      0,00      0,00      0,00      0,00      0,00      0,00
17:46:08      docker0      0,00      0,00      0,00      0,00      0,00      0,00      0,00      0,00
17:46:08      ens2np0 192246,00 192512,00  95372,04  95504,00      0,00      0,00      0,00      7,82
17:46:08      ens2np1      0,00      0,00      0,00      0,00      0,00      0,00      0,00      0,00

17:46:08        CPU      %usr     %nice      %sys   %iowait    %steal      %irq     %soft    %guest    %gnice     %idle
17:46:10        all      0,19      0,00      0,03      0,00      0,00      0,00     25,44      0,00      0,00     74,34
17:46:10          0      0,00      0,00      0,00      0,00      0,00      0,00    100,00      0,00      0,00      0,00
17:46:10          1      0,00      0,00      0,00      0,00      0,00      0,00    100,00      0,00      0,00      0,00
17:46:10          2      0,00      0,00      0,00      0,00      0,00      0,00    100,00      0,00      0,00      0,00
17:46:10          3      0,00      0,00      0,00      0,00      0,00      0,00    100,00      0,00      0,00      0,00
17:46:10          4      0,92      0,00      0,00      0,00      0,00      0,00      7,83      0,00      0,00     91,24
17:46:10          5      0,00      0,00      0,00      0,00      0,00      0,00      0,50      0,00      0,00     99,50
17:46:10          6      0,50      0,00      0,00      0,00      0,00      0,00      0,00      0,00      0,00     99,50
17:46:10          7      0,50      0,00      0,50      0,00      0,00      0,00      0,00      0,00      0,00     99,00
17:46:10          8      0,00      0,00      0,00      0,00      0,00      0,00      0,00      0,00      0,00    100,00
17:46:10          9      0,00      0,00      0,00      0,00      0,00      0,00      0,00      0,00      0,00    100,00
17:46:10         10      0,00      0,00      0,00      0,00      0,00      0,00      0,00      0,00      0,00    100,00
17:46:10         11      0,00      0,00      0,00      0,00      0,00      0,00      0,00      0,00      0,00    100,00
17:46:10         12      0,00      0,00      0,00      0,00      0,00      0,00      0,00      0,00      0,00    100,00
17:46:10         13      1,01      0,00      0,00      0,00      0,00      0,00      0,00      0,00      0,00     98,99
17:46:10         14      0,00      0,00      0,00      0,00      0,00      0,00      0,00      0,00      0,00    100,00
17:46:10         15      0,00      0,00      0,00      0,00      0,00      0,00      0,00      0,00      0,00    100,00

17:46:08        IFACE   rxpck/s   txpck/s    rxkB/s    txkB/s   rxcmp/s   txcmp/s  rxmcst/s   %ifutil
17:46:10           lo      0,00      0,00      0,00      0,00      0,00      0,00      0,00      0,00
17:46:10         eno1     17,00     13,00      1,96      2,33      0,00      0,00      1,00      0,00
17:46:10         eno2      0,00      0,00      0,00      0,00      0,00      0,00      0,00      0,00
17:46:10      docker0      0,00      0,00      0,00      0,00      0,00      0,00      0,00      0,00
17:46:10      ens2np0 192318,50 192512,00  95408,01  95504,00      0,00      0,00      0,00      7,82
17:46:10      ens2np1      0,00      0,00      0,00      0,00      0,00      0,00      0,00      0,00

17:46:10        CPU      %usr     %nice      %sys   %iowait    %steal      %irq     %soft    %guest    %gnice     %idle
17:46:12        all      0,12      0,00      0,03      0,00      0,00      0,00     25,54      0,00      0,00     74,31
17:46:12          0      0,00      0,00      0,00      0,00      0,00      0,00    100,00      0,00      0,00      0,00
17:46:12          1      0,00      0,00      0,00      0,00      0,00      0,00    100,00      0,00      0,00      0,00
17:46:12          2      0,00      0,00      0,00      0,00      0,00      0,00    100,00      0,00      0,00      0,00
17:46:12          3      0,00      0,00      0,00      0,00      0,00      0,00    100,00      0,00      0,00      0,00
17:46:12          4      0,00      0,00      0,00      0,00      0,00      0,00      9,95      0,00      0,00     90,05
17:46:12          5      0,00      0,00      0,50      0,00      0,00      0,00      0,00      0,00      0,00     99,50
17:46:12          6      0,00      0,00      0,00      0,00      0,00      0,00      0,00      0,00      0,00    100,00
17:46:12          7      0,00      0,00      0,00      0,00      0,00      0,00      0,00      0,00      0,00    100,00
17:46:12          8      0,00      0,00      0,00      0,00      0,00      0,00      0,00      0,00      0,00    100,00
17:46:12          9      0,00      0,00      0,00      0,00      0,00      0,00      0,00      0,00      0,00    100,00
17:46:12         10      0,00      0,00      0,00      0,00      0,00      0,00      0,00      0,00      0,00    100,00
17:46:12         11      0,00      0,00      0,00      0,00      0,00      0,00      0,00      0,00      0,00    100,00
17:46:12         12      1,00      0,00      0,00      0,00      0,00      0,00      0,00      0,00      0,00     99,00
17:46:12         13      0,00      0,00      0,00      0,00      0,00      0,00      0,00      0,00      0,00    100,00
17:46:12         14      1,00      0,00      0,00      0,00      0,00      0,00      0,00      0,00      0,00     99,00
17:46:12         15      0,00      0,00      0,00      0,00      0,00      0,00      0,00      0,00      0,00    100,00

17:46:10        IFACE   rxpck/s   txpck/s    rxkB/s    txkB/s   rxcmp/s   txcmp/s  rxmcst/s   %ifutil
17:46:12           lo      0,00      0,00      0,00      0,00      0,00      0,00      0,00      0,00
17:46:12         eno1     11,50      7,00      1,14      1,20      0,00      0,00      1,00      0,00
17:46:12         eno2      0,00      0,00      0,00      0,00      0,00      0,00      0,00      0,00
17:46:12      docker0      0,00      0,00      0,00      0,00      0,00      0,00      0,00      0,00
17:46:12      ens2np0 192088,00 192512,50  95293,66  95504,04      0,00      0,00      0,00      7,82
17:46:12      ens2np1      0,00      0,00      0,00      0,00      0,00      0,00      0,00      0,00

17:46:12        CPU      %usr     %nice      %sys   %iowait    %steal      %irq     %soft    %guest    %gnice     %idle
17:46:14        all      0,28      0,00      0,19      0,00      0,00      0,00     25,41      0,00      0,00     74,12
17:46:14          0      0,00      0,00      0,00      0,00      0,00      0,00    100,00      0,00      0,00      0,00
17:46:14          1      0,00      0,00      0,00      0,00      0,00      0,00    100,00      0,00      0,00      0,00
17:46:14          2      0,00      0,00      0,00      0,00      0,00      0,00    100,00      0,00      0,00      0,00
17:46:14          3      0,00      0,00      0,00      0,00      0,00      0,00    100,00      0,00      0,00      0,00
17:46:14          4      0,46      0,00      0,46      0,00      0,00      0,00      7,83      0,00      0,00     91,24
17:46:14          5      1,00      0,00      0,50      0,00      0,00      0,00      0,00      0,00      0,00     98,50
17:46:14          6      0,00      0,00      0,00      0,00      0,00      0,00      0,00      0,00      0,00    100,00
17:46:14          7      0,50      0,00      0,50      0,00      0,00      0,00      0,00      0,00      0,00     99,00
17:46:14          8      0,00      0,00      0,00      0,00      0,00      0,00      0,00      0,00      0,00    100,00
17:46:14          9      0,50      0,00      0,00      0,00      0,00      0,00      0,00      0,00      0,00     99,50
17:46:14         10      1,00      0,00      0,00      0,00      0,00      0,00      0,00      0,00      0,00     99,00
17:46:14         11      0,00      0,00      0,00      0,00      0,00      0,00      0,00      0,00      0,00    100,00
17:46:14         12      0,00      0,00      0,50      0,00      0,00      0,00      0,00      0,00      0,00     99,50
17:46:14         13      0,50      0,00      0,50      0,00      0,00      0,00      0,00      0,00      0,00     99,00
17:46:14         14      0,50      0,00      0,50      0,00      0,00      0,00      0,00      0,00      0,00     98,99
17:46:14         15      0,00      0,00      0,00      0,00      0,00      0,00      0,00      0,00      0,00    100,00

17:46:12        IFACE   rxpck/s   txpck/s    rxkB/s    txkB/s   rxcmp/s   txcmp/s  rxmcst/s   %ifutil
17:46:14           lo      0,00      0,00      0,00      0,00      0,00      0,00      0,00      0,00
17:46:14         eno1      8,00      2,50      0,55      0,21      0,00      0,00      1,00      0,00
17:46:14         eno2      0,00      0,00      0,00      0,00      0,00      0,00      0,00      0,00
17:46:14      docker0      0,00      0,00      0,00      0,00      0,00      0,00      0,00      0,00
17:46:14      ens2np0 191987,50 191488,00  95243,80  94996,00      0,00      0,00      0,00      7,80
17:46:14      ens2np1      0,00      0,00      0,00      0,00      0,00      0,00      0,00      0,00

17:46:14        CPU      %usr     %nice      %sys   %iowait    %steal      %irq     %soft    %guest    %gnice     %idle
17:46:16        all      0,00      0,00      0,00      0,03      0,00      0,00     25,55      0,00      0,00     74,42
17:46:16          0      0,00      0,00      0,00      0,00      0,00      0,00    100,00      0,00      0,00      0,00
17:46:16          1      0,00      0,00      0,00      0,00      0,00      0,00    100,00      0,00      0,00      0,00
17:46:16          2      0,00      0,00      0,00      0,00      0,00      0,00    100,00      0,00      0,00      0,00
17:46:16          3      0,00      0,00      0,00      0,00      0,00      0,00    100,00      0,00      0,00      0,00
17:46:16          4      0,00      0,00      0,00      0,45      0,00      0,00     10,31      0,00      0,00     89,24
17:46:16          5      0,00      0,00      0,00      0,00      0,00      0,00      0,00      0,00      0,00    100,00
17:46:16          6      0,00      0,00      0,00      0,00      0,00      0,00      0,00      0,00      0,00    100,00
17:46:16          7      0,00      0,00      0,00      0,00      0,00      0,00      0,00      0,00      0,00    100,00
17:46:16          8      0,00      0,00      0,00      0,00      0,00      0,00      0,00      0,00      0,00    100,00
17:46:16          9      0,00      0,00      0,00      0,00      0,00      0,00      0,00      0,00      0,00    100,00
17:46:16         10      0,00      0,00      0,00      0,00      0,00      0,00      0,00      0,00      0,00    100,00
17:46:16         11      0,00      0,00      0,00      0,00      0,00      0,00      0,00      0,00      0,00    100,00
17:46:16         12      0,00      0,00      0,00      0,00      0,00      0,00      0,00      0,00      0,00    100,00
17:46:16         13      0,00      0,00      0,00      0,00      0,00      0,00      0,00      0,00      0,00    100,00
17:46:16         14      0,00      0,00      0,00      0,00      0,00      0,00      0,00      0,00      0,00    100,00
17:46:16         15      0,00      0,00      0,00      0,00      0,00      0,00      0,00      0,00      0,00    100,00

17:46:14        IFACE   rxpck/s   txpck/s    rxkB/s    txkB/s   rxcmp/s   txcmp/s  rxmcst/s   %ifutil
17:46:16           lo      0,00      0,00      0,00      0,00      0,00      0,00      0,00      0,00
17:46:16         eno1     10,00      4,00      0,71      0,35      0,00      0,00      1,00      0,00
17:46:16         eno2      0,00      0,00      0,00      0,00      0,00      0,00      0,00      0,00
17:46:16      docker0      0,00      0,00      0,00      0,00      0,00      0,00      0,00      0,00
17:46:16      ens2np0 192264,00 191488,00  95380,97  94996,00      0,00      0,00      0,00      7,81
17:46:16      ens2np1      0,00      0,00      0,00      0,00      0,00      0,00      0,00      0,00

17:46:16        CPU      %usr     %nice      %sys   %iowait    %steal      %irq     %soft    %guest    %gnice     %idle
17:46:18        all      0,06      0,00      0,00      0,00      0,00      0,00     25,46      0,00      0,00     74,48
17:46:18          0      0,00      0,00      0,00      0,00      0,00      0,00    100,00      0,00      0,00      0,00
17:46:18          1      0,00      0,00      0,00      0,00      0,00      0,00    100,00      0,00      0,00      0,00
17:46:18          2      0,00      0,00      0,00      0,00      0,00      0,00    100,00      0,00      0,00      0,00
17:46:18          3      0,00      0,00      0,00      0,00      0,00      0,00    100,00      0,00      0,00      0,00
17:46:18          4      0,47      0,00      0,00      0,00      0,00      0,00      7,44      0,00      0,00     92,09
17:46:18          5      0,00      0,00      0,00      0,00      0,00      0,00      1,00      0,00      0,00     99,00
17:46:18          6      0,00      0,00      0,00      0,00      0,00      0,00      0,00      0,00      0,00    100,00
17:46:18          7      0,50      0,00      0,00      0,00      0,00      0,00      0,00      0,00      0,00     99,50
17:46:18          8      0,00      0,00      0,00      0,00      0,00      0,00      0,00      0,00      0,00    100,00
17:46:18          9      0,00      0,00      0,00      0,00      0,00      0,00      0,00      0,00      0,00    100,00
17:46:18         10      0,00      0,00      0,00      0,00      0,00      0,00      0,00      0,00      0,00    100,00
17:46:18         11      0,00      0,00      0,00      0,00      0,00      0,00      0,00      0,00      0,00    100,00
17:46:18         12      0,00      0,00      0,00      0,00      0,00      0,00      0,00      0,00      0,00    100,00
17:46:18         13      0,00      0,00      0,00      0,00      0,00      0,00      0,00      0,00      0,00    100,00
17:46:18         14      0,00      0,00      0,00      0,00      0,00      0,00      0,00      0,00      0,00    100,00
17:46:18         15      0,00      0,00      0,00      0,00      0,00      0,00      0,00      0,00      0,00    100,00

17:46:16        IFACE   rxpck/s   txpck/s    rxkB/s    txkB/s   rxcmp/s   txcmp/s  rxmcst/s   %ifutil
17:46:18           lo      0,00      0,00      0,00      0,00      0,00      0,00      0,00      0,00
17:46:18         eno1     10,00      3,50      0,73      0,81      0,00      0,00      2,00      0,00
17:46:18         eno2      0,00      0,00      0,00      0,00      0,00      0,00      0,00      0,00
17:46:18      docker0      0,00      0,00      0,00      0,00      0,00      0,00      0,00      0,00
17:46:18      ens2np0 192297,50 192512,00  95397,59  95504,00      0,00      0,00      0,00      7,82
17:46:18      ens2np1      0,00      0,00      0,00      0,00      0,00      0,00      0,00      0,00

17:46:18        CPU      %usr     %nice      %sys   %iowait    %steal      %irq     %soft    %guest    %gnice     %idle
17:46:20        all      0,00      0,00      0,00      0,00      0,00      0,00     25,75      0,00      0,00     74,25
17:46:20          0      0,00      0,00      0,00      0,00      0,00      0,00    100,00      0,00      0,00      0,00
17:46:20          1      0,00      0,00      0,00      0,00      0,00      0,00    100,00      0,00      0,00      0,00
17:46:20          2      0,00      0,00      0,00      0,00      0,00      0,00    100,00      0,00      0,00      0,00
17:46:20          3      0,00      0,00      0,00      0,00      0,00      0,00    100,00      0,00      0,00      0,00
17:46:20          4      0,00      0,00      0,00      0,00      0,00      0,00     13,79      0,00      0,00     86,21
17:46:20          5      0,00      0,00      0,00      0,00      0,00      0,00      0,00      0,00      0,00    100,00
17:46:20          6      0,00      0,00      0,00      0,00      0,00      0,00      0,00      0,00      0,00    100,00
17:46:20          7      0,00      0,00      0,00      0,00      0,00      0,00      0,00      0,00      0,00    100,00
17:46:20          8      0,00      0,00      0,00      0,00      0,00      0,00      0,00      0,00      0,00    100,00
17:46:20          9      0,00      0,00      0,00      0,00      0,00      0,00      0,00      0,00      0,00    100,00
17:46:20         10      0,00      0,00      0,00      0,00      0,00      0,00      0,00      0,00      0,00    100,00
17:46:20         11      0,00      0,00      0,00      0,00      0,00      0,00      0,00      0,00      0,00    100,00
17:46:20         12      0,00      0,00      0,00      0,00      0,00      0,00      0,00      0,00      0,00    100,00
17:46:20         13      0,00      0,00      0,00      0,00      0,00      0,00      0,00      0,00      0,00    100,00
17:46:20         14      0,00      0,00      0,00      0,00      0,00      0,00      0,00      0,00      0,00    100,00
17:46:20         15      0,00      0,00      0,00      0,00      0,00      0,00      0,00      0,00      0,00    100,00

17:46:18        IFACE   rxpck/s   txpck/s    rxkB/s    txkB/s   rxcmp/s   txcmp/s  rxmcst/s   %ifutil
17:46:20           lo      0,00      0,00      0,00      0,00      0,00      0,00      0,00      0,00
17:46:20         eno1      6,00      0,00      0,38      0,00      0,00      0,00      1,50      0,00
17:46:20         eno2      0,00      0,00      0,00      0,00      0,00      0,00      0,00      0,00
17:46:20      docker0      0,00      0,00      0,00      0,00      0,00      0,00      0,00      0,00
17:46:20      ens2np0 192418,50 192512,00  95457,62  95504,00      0,00      0,00      0,00      7,82
17:46:20      ens2np1      0,00      0,00      0,00      0,00      0,00      0,00      0,00      0,00

17:46:20        CPU      %usr     %nice      %sys   %iowait    %steal      %irq     %soft    %guest    %gnice     %idle
17:46:22        all      0,03      0,00      0,03      0,00      0,00      0,00     25,53      0,00      0,00     74,41
17:46:22          0      0,00      0,00      0,00      0,00      0,00      0,00    100,00      0,00      0,00      0,00
17:46:22          1      0,00      0,00      0,00      0,00      0,00      0,00    100,00      0,00      0,00      0,00
17:46:22          2      0,00      0,00      0,00      0,00      0,00      0,00    100,00      0,00      0,00      0,00
17:46:22          3      0,00      0,00      0,00      0,00      0,00      0,00    100,00      0,00      0,00      0,00
17:46:22          4      0,00      0,00      0,00      0,00      0,00      0,00     10,36      0,00      0,00     89,64
17:46:22          5      0,00      0,00      0,00      0,00      0,00      0,00      0,00      0,00      0,00    100,00
17:46:22          6      0,00      0,00      0,00      0,00      0,00      0,00      0,00      0,00      0,00    100,00
17:46:22          7      0,50      0,00      0,00      0,00      0,00      0,00      0,00      0,00      0,00     99,50
17:46:22          8      0,00      0,00      0,00      0,00      0,00      0,00      0,00      0,00      0,00    100,00
17:46:22          9      0,00      0,00      0,00      0,00      0,00      0,00      0,00      0,00      0,00    100,00
17:46:22         10      0,00      0,00      0,00      0,00      0,00      0,00      0,00      0,00      0,00    100,00
17:46:22         11      0,00      0,00      0,00      0,00      0,00      0,00      0,00      0,00      0,00    100,00
17:46:22         12      0,00      0,00      0,50      0,00      0,00      0,00      0,00      0,00      0,00     99,50
17:46:22         13      0,00      0,00      0,00      0,00      0,00      0,00      0,00      0,00      0,00    100,00
17:46:22         14      0,00      0,00      0,00      0,00      0,00      0,00      0,00      0,00      0,00    100,00
17:46:22         15      0,00      0,00      0,00      0,00      0,00      0,00      0,00      0,00      0,00    100,00

17:46:20        IFACE   rxpck/s   txpck/s    rxkB/s    txkB/s   rxcmp/s   txcmp/s  rxmcst/s   %ifutil
17:46:22           lo      0,00      0,00      0,00      0,00      0,00      0,00      0,00      0,00
17:46:22         eno1      6,50      0,00      0,41      0,00      0,00      0,00      1,00      0,00
17:46:22         eno2      0,00      0,00      0,00      0,00      0,00      0,00      0,00      0,00
17:46:22      docker0      0,00      0,00      0,00      0,00      0,00      0,00      0,00      0,00
17:46:22      ens2np0 192308,50 192512,00  95403,04  95504,00      0,00      0,00      0,00      7,82
17:46:22      ens2np1      0,00      0,00      0,00      0,00      0,00      0,00      0,00      0,00

17:46:22        CPU      %usr     %nice      %sys   %iowait    %steal      %irq     %soft    %guest    %gnice     %idle
17:46:24        all      0,31      0,00      0,12      0,00      0,00      0,00     25,44      0,00      0,00     74,13
17:46:24          0      0,00      0,00      0,00      0,00      0,00      0,00    100,00      0,00      0,00      0,00
17:46:24          1      0,00      0,00      0,00      0,00      0,00      0,00    100,00      0,00      0,00      0,00
17:46:24          2      0,00      0,00      0,00      0,00      0,00      0,00    100,00      0,00      0,00      0,00
17:46:24          3      0,00      0,00      0,00      0,00      0,00      0,00    100,00      0,00      0,00      0,00
17:46:24          4      0,46      0,00      0,00      0,00      0,00      0,00      7,87      0,00      0,00     91,67
17:46:24          5      0,50      0,00      0,00      0,00      0,00      0,00      0,00      0,00      0,00     99,50
17:46:24          6      1,50      0,00      0,50      0,00      0,00      0,00      0,00      0,00      0,00     98,00
17:46:24          7      0,00      0,00      0,00      0,00      0,00      0,00      0,00      0,00      0,00    100,00
17:46:24          8      0,50      0,00      0,00      0,00      0,00      0,00      0,00      0,00      0,00     99,50
17:46:24          9      0,00      0,00      0,00      0,00      0,00      0,00      0,00      0,00      0,00    100,00
17:46:24         10      0,50      0,00      0,00      0,00      0,00      0,00      0,00      0,00      0,00     99,50
17:46:24         11      0,50      0,00      0,00      0,00      0,00      0,00      0,00      0,00      0,00     99,50
17:46:24         12      0,50      0,00      0,00      0,00      0,00      0,00      0,00      0,00      0,00     99,50
17:46:24         13      0,00      0,00      0,50      0,00      0,00      0,00      0,00      0,00      0,00     99,50
17:46:24         14      0,50      0,00      0,50      0,00      0,00      0,00      0,00      0,00      0,00     99,00
17:46:24         15      0,00      0,00      0,50      0,00      0,00      0,00      0,00      0,00      0,00     99,50

17:46:22        IFACE   rxpck/s   txpck/s    rxkB/s    txkB/s   rxcmp/s   txcmp/s  rxmcst/s   %ifutil
17:46:24           lo      0,00      0,00      0,00      0,00      0,00      0,00      0,00      0,00
17:46:24         eno1      3,00      0,00      0,19      0,00      0,00      0,00      1,00      0,00
17:46:24         eno2      0,00      0,00      0,00      0,00      0,00      0,00      0,00      0,00
17:46:24      docker0      0,00      0,00      0,00      0,00      0,00      0,00      0,00      0,00
17:46:24      ens2np0 192139,50 192512,00  95319,21  95504,00      0,00      0,00      0,00      7,82
17:46:24      ens2np1      0,00      0,00      0,00      0,00      0,00      0,00      0,00      0,00

17:46:24        CPU      %usr     %nice      %sys   %iowait    %steal      %irq     %soft    %guest    %gnice     %idle
17:46:26        all      0,00      0,00      0,00      0,03      0,00      0,00     25,37      0,00      0,00     74,60
17:46:26          0      0,00      0,00      0,00      0,00      0,00      0,00    100,00      0,00      0,00      0,00
17:46:26          1      0,00      0,00      0,00      0,00      0,00      0,00    100,00      0,00      0,00      0,00
17:46:26          2      0,00      0,00      0,00      0,00      0,00      0,00    100,00      0,00      0,00      0,00
17:46:26          3      0,00      0,00      0,00      0,00      0,00      0,00    100,00      0,00      0,00      0,00
17:46:26          4      0,00      0,00      0,00      0,47      0,00      0,00      6,98      0,00      0,00     92,56
17:46:26          5      0,00      0,00      0,00      0,00      0,00      0,00      0,00      0,00      0,00    100,00
17:46:26          6      0,00      0,00      0,00      0,00      0,00      0,00      0,00      0,00      0,00    100,00
17:46:26          7      0,00      0,00      0,00      0,00      0,00      0,00      0,00      0,00      0,00    100,00
17:46:26          8      0,00      0,00      0,00      0,00      0,00      0,00      0,00      0,00      0,00    100,00
17:46:26          9      0,00      0,00      0,00      0,00      0,00      0,00      0,00      0,00      0,00    100,00
17:46:26         10      0,00      0,00      0,00      0,00      0,00      0,00      0,00      0,00      0,00    100,00
17:46:26         11      0,00      0,00      0,00      0,00      0,00      0,00      0,00      0,00      0,00    100,00
17:46:26         12      0,00      0,00      0,00      0,00      0,00      0,00      0,00      0,00      0,00    100,00
17:46:26         13      0,00      0,00      0,00      0,00      0,00      0,00      0,00      0,00      0,00    100,00
17:46:26         14      0,00      0,00      0,00      0,00      0,00      0,00      0,00      0,00      0,00    100,00
17:46:26         15      0,00      0,00      0,00      0,00      0,00      0,00      0,00      0,00      0,00    100,00

17:46:24        IFACE   rxpck/s   txpck/s    rxkB/s    txkB/s   rxcmp/s   txcmp/s  rxmcst/s   %ifutil
17:46:26           lo      0,00      0,00      0,00      0,00      0,00      0,00      0,00      0,00
17:46:26         eno1      6,50      0,50      0,41      0,55      0,00      0,00      1,00      0,00
17:46:26         eno2      0,00      0,00      0,00      0,00      0,00      0,00      0,00      0,00
17:46:26      docker0      0,00      0,00      0,00      0,00      0,00      0,00      0,00      0,00
17:46:26      ens2np0 192174,00 192512,00  95336,32  95504,00      0,00      0,00      0,00      7,82
17:46:26      ens2np1      0,00      0,00      0,00      0,00      0,00      0,00      0,00      0,00

17:46:26        CPU      %usr     %nice      %sys   %iowait    %steal      %irq     %soft    %guest    %gnice     %idle
17:46:28        all      0,00      0,00      0,00      0,00      0,00      0,00     25,43      0,00      0,00     74,57
17:46:28          0      0,00      0,00      0,00      0,00      0,00      0,00    100,00      0,00      0,00      0,00
17:46:28          1      0,00      0,00      0,00      0,00      0,00      0,00    100,00      0,00      0,00      0,00
17:46:28          2      0,00      0,00      0,00      0,00      0,00      0,00    100,00      0,00      0,00      0,00
17:46:28          3      0,00      0,00      0,00      0,00      0,00      0,00    100,00      0,00      0,00      0,00
17:46:28          4      0,00      0,00      0,00      0,00      0,00      0,00      8,29      0,00      0,00     91,71
17:46:28          5      0,00      0,00      0,00      0,00      0,00      0,00      0,00      0,00      0,00    100,00
17:46:28          6      0,00      0,00      0,00      0,00      0,00      0,00      0,00      0,00      0,00    100,00
17:46:28          7      0,00      0,00      0,00      0,00      0,00      0,00      0,00      0,00      0,00    100,00
17:46:28          8      0,00      0,00      0,00      0,00      0,00      0,00      0,00      0,00      0,00    100,00
17:46:28          9      0,00      0,00      0,00      0,00      0,00      0,00      0,00      0,00      0,00    100,00
17:46:28         10      0,00      0,00      0,00      0,00      0,00      0,00      0,00      0,00      0,00    100,00
17:46:28         11      0,00      0,00      0,00      0,00      0,00      0,00      0,00      0,00      0,00    100,00
17:46:28         12      0,00      0,00      0,00      0,00      0,00      0,00      0,00      0,00      0,00    100,00
17:46:28         13      0,00      0,00      0,00      0,00      0,00      0,00      0,00      0,00      0,00    100,00
17:46:28         14      0,00      0,00      0,00      0,00      0,00      0,00      0,00      0,00      0,00    100,00
17:46:28         15      0,00      0,00      0,00      0,00      0,00      0,00      0,00      0,00      0,00    100,00

17:46:26        IFACE   rxpck/s   txpck/s    rxkB/s    txkB/s   rxcmp/s   txcmp/s  rxmcst/s   %ifutil
17:46:28           lo      0,00      0,00      0,00      0,00      0,00      0,00      0,00      0,00
17:46:28         eno1      7,00      0,00      0,44      0,00      0,00      0,00      1,00      0,00
17:46:28         eno2      0,00      0,00      0,00      0,00      0,00      0,00      0,00      0,00
17:46:28      docker0      0,00      0,00      0,00      0,00      0,00      0,00      0,00      0,00
17:46:28      ens2np0 192270,50 192512,00  95384,19  95504,00      0,00      0,00      0,00      7,82
17:46:28      ens2np1      0,00      0,00      0,00      0,00      0,00      0,00      0,00      0,00

17:46:28        CPU      %usr     %nice      %sys   %iowait    %steal      %irq     %soft    %guest    %gnice     %idle
17:46:30        all      0,00      0,00      0,00      0,00      0,00      0,00     25,50      0,00      0,00     74,50
17:46:30          0      0,00      0,00      0,00      0,00      0,00      0,00    100,00      0,00      0,00      0,00
17:46:30          1      0,00      0,00      0,00      0,00      0,00      0,00    100,00      0,00      0,00      0,00
17:46:30          2      0,00      0,00      0,00      0,00      0,00      0,00    100,00      0,00      0,00      0,00
17:46:30          3      0,00      0,00      0,00      0,00      0,00      0,00    100,00      0,00      0,00      0,00
17:46:30          4      0,00      0,00      0,00      0,00      0,00      0,00      9,55      0,00      0,00     90,45
17:46:30          5      0,00      0,00      0,00      0,00      0,00      0,00      0,00      0,00      0,00    100,00
17:46:30          6      0,00      0,00      0,00      0,00      0,00      0,00      0,00      0,00      0,00    100,00
17:46:30          7      0,00      0,00      0,00      0,00      0,00      0,00      0,00      0,00      0,00    100,00
17:46:30          8      0,00      0,00      0,00      0,00      0,00      0,00      0,00      0,00      0,00    100,00
17:46:30          9      0,00      0,00      0,00      0,00      0,00      0,00      0,00      0,00      0,00    100,00
17:46:30         10      0,00      0,00      0,00      0,00      0,00      0,00      0,00      0,00      0,00    100,00
17:46:30         11      0,00      0,00      0,00      0,00      0,00      0,00      0,00      0,00      0,00    100,00
17:46:30         12      0,00      0,00      0,00      0,00      0,00      0,00      0,00      0,00      0,00    100,00
17:46:30         13      0,00      0,00      0,00      0,00      0,00      0,00      0,00      0,00      0,00    100,00
17:46:30         14      0,00      0,00      0,00      0,00      0,00      0,00      0,00      0,00      0,00    100,00
17:46:30         15      0,00      0,00      0,00      0,00      0,00      0,00      0,00      0,00      0,00    100,00

17:46:28        IFACE   rxpck/s   txpck/s    rxkB/s    txkB/s   rxcmp/s   txcmp/s  rxmcst/s   %ifutil
17:46:30           lo      0,00      0,00      0,00      0,00      0,00      0,00      0,00      0,00
17:46:30         eno1      7,00      0,00      0,44      0,00      0,00      0,00      1,00      0,00
17:46:30         eno2      0,00      0,00      0,00      0,00      0,00      0,00      0,00      0,00
17:46:30      docker0      0,00      0,00      0,00      0,00      0,00      0,00      0,00      0,00
17:46:30      ens2np0 192342,50 192512,00  95419,91  95504,00      0,00      0,00      0,00      7,82
17:46:30      ens2np1      0,00      0,00      0,00      0,00      0,00      0,00      0,00      0,00

17:46:30        CPU      %usr     %nice      %sys   %iowait    %steal      %irq     %soft    %guest    %gnice     %idle
17:46:32        all      0,00      0,00      0,06      0,00      0,00      0,00     25,57      0,00      0,00     74,37
17:46:32          0      0,00      0,00      0,00      0,00      0,00      0,00    100,00      0,00      0,00      0,00
17:46:32          1      0,00      0,00      0,00      0,00      0,00      0,00    100,00      0,00      0,00      0,00
17:46:32          2      0,00      0,00      0,00      0,00      0,00      0,00    100,00      0,00      0,00      0,00
17:46:32          3      0,00      0,00      0,00      0,00      0,00      0,00    100,00      0,00      0,00      0,00
17:46:32          4      0,00      0,00      0,00      0,00      0,00      0,00     11,11      0,00      0,00     88,89
17:46:32          5      0,00      0,00      0,00      0,00      0,00      0,00      0,00      0,00      0,00    100,00
17:46:32          6      0,00      0,00      0,50      0,00      0,00      0,00      0,00      0,00      0,00     99,50
17:46:32          7      0,00      0,00      0,00      0,00      0,00      0,00      0,00      0,00      0,00    100,00
17:46:32          8      0,00      0,00      0,00      0,00      0,00      0,00      0,00      0,00      0,00    100,00
17:46:32          9      0,00      0,00      0,00      0,00      0,00      0,00      0,00      0,00      0,00    100,00
17:46:32         10      0,00      0,00      0,00      0,00      0,00      0,00      0,00      0,00      0,00    100,00
17:46:32         11      0,00      0,00      0,00      0,00      0,00      0,00      0,00      0,00      0,00    100,00
17:46:32         12      0,00      0,00      0,50      0,00      0,00      0,00      0,00      0,00      0,00     99,50
17:46:32         13      0,00      0,00      0,00      0,00      0,00      0,00      0,00      0,00      0,00    100,00
17:46:32         14      0,00      0,00      0,00      0,00      0,00      0,00      0,00      0,00      0,00    100,00
17:46:32         15      0,00      0,00      0,00      0,00      0,00      0,00      0,00      0,00      0,00    100,00

17:46:30        IFACE   rxpck/s   txpck/s    rxkB/s    txkB/s   rxcmp/s   txcmp/s  rxmcst/s   %ifutil
17:46:32           lo      0,00      0,00      0,00      0,00      0,00      0,00      0,00      0,00
17:46:32         eno1      8,50      0,50      0,53      0,03      0,00      0,00      1,00      0,00
17:46:32         eno2      0,00      0,00      0,00      0,00      0,00      0,00      0,00      0,00
17:46:32      docker0      0,00      0,00      0,00      0,00      0,00      0,00      0,00      0,00
17:46:32      ens2np0 192309,00 191488,00  95403,29  94996,00      0,00      0,00      0,00      7,82
17:46:32      ens2np1      0,00      0,00      0,00      0,00      0,00      0,00      0,00      0,00

Average:        CPU      %usr     %nice      %sys   %iowait    %steal      %irq     %soft    %guest    %gnice     %idle
Average:        all      0,11      0,00      0,04      0,00      0,00      0,00     20,05      0,00      0,00     79,80
Average:          0      0,06      0,00      0,00      0,00      0,00      0,00     78,20      0,00      0,00     21,74
Average:          1      0,02      0,00      0,00      0,00      0,00      0,00     78,25      0,00      0,00     21,73
Average:          2      0,02      0,00      0,00      0,00      0,00      0,00     78,22      0,00      0,00     21,76
Average:          3      0,06      0,00      0,02      0,00      0,00      0,00     78,22      0,00      0,00     21,70
Average:          4      0,20      0,00      0,04      0,04      0,00      0,00      8,85      0,00      0,00     90,88
Average:          5      0,08      0,00      0,04      0,00      0,00      0,00      0,10      0,00      0,00     99,78
Average:          6      0,10      0,00      0,04      0,00      0,00      0,00      0,00      0,00      0,00     99,86
Average:          7      0,22      0,00      0,14      0,00      0,00      0,00      0,00      0,00      0,00     99,64
Average:          8      0,08      0,00      0,02      0,00      0,00      0,00      0,00      0,00      0,00     99,90
Average:          9      0,06      0,00      0,02      0,00      0,00      0,00      0,00      0,00      0,00     99,92
Average:         10      0,14      0,00      0,04      0,00      0,00      0,00      0,00      0,00      0,00     99,82
Average:         11      0,08      0,00      0,02      0,00      0,00      0,00      0,00      0,00      0,00     99,90
Average:         12      0,12      0,00      0,08      0,00      0,00      0,00      0,00      0,00      0,00     99,80
Average:         13      0,12      0,00      0,08      0,00      0,00      0,00      0,00      0,00      0,00     99,80
Average:         14      0,20      0,00      0,12      0,00      0,00      0,00      0,00      0,00      0,00     99,68
Average:         15      0,12      0,00      0,06      0,00      0,00      0,00      0,00      0,00      0,00     99,82

Average:        IFACE   rxpck/s   txpck/s    rxkB/s    txkB/s   rxcmp/s   txcmp/s  rxmcst/s   %ifutil
Average:           lo      0,00      0,00      0,00      0,00      0,00      0,00      0,00      0,00
Average:         eno1      8,92      3,06      0,79      0,55      0,00      0,00      1,08      0,00
Average:         eno2      0,00      0,00      0,00      0,00      0,00      0,00      0,00      0,00
Average:      docker0      0,00      0,00      0,00      0,00      0,00      0,00      0,00      0,00
Average:      ens2np0 150274,70 150036,50  74550,34  74432,16      0,00      0,00      0,00      6,11
Average:      ens2np1      0,00      0,00      0,00      0,00      0,00      0,00      0,00      0,00
