Linux 5.13.0-52-generic (w1) 	21/07/2022 	_x86_64_	(16 CPU)

18:12:41        CPU      %usr     %nice      %sys   %iowait    %steal      %irq     %soft    %guest    %gnice     %idle
18:12:43        all      0,06      0,00      0,00      0,00      0,00      0,00      0,00      0,00      0,00     99,94
18:12:43          0      0,00      0,00      0,00      0,00      0,00      0,00      0,00      0,00      0,00    100,00
18:12:43          1      0,00      0,00      0,00      0,00      0,00      0,00      0,00      0,00      0,00    100,00
18:12:43          2      0,00      0,00      0,00      0,00      0,00      0,00      0,00      0,00      0,00    100,00
18:12:43          3      0,00      0,00      0,00      0,00      0,00      0,00      0,00      0,00      0,00    100,00
18:12:43          4      0,00      0,00      0,00      0,00      0,00      0,00      0,00      0,00      0,00    100,00
18:12:43          5      0,00      0,00      0,00      0,00      0,00      0,00      0,00      0,00      0,00    100,00
18:12:43          6      0,00      0,00      0,00      0,00      0,00      0,00      0,00      0,00      0,00    100,00
18:12:43          7      0,00      0,00      0,00      0,00      0,00      0,00      0,00      0,00      0,00    100,00
18:12:43          8      0,00      0,00      0,00      0,00      0,00      0,00      0,00      0,00      0,00    100,00
18:12:43          9      0,00      0,00      0,00      0,00      0,00      0,00      0,00      0,00      0,00    100,00
18:12:43         10      0,00      0,00      0,00      0,00      0,00      0,00      0,00      0,00      0,00    100,00
18:12:43         11      0,00      0,00      0,00      0,00      0,00      0,00      0,00      0,00      0,00    100,00
18:12:43         12      0,00      0,00      0,00      0,00      0,00      0,00      0,00      0,00      0,00    100,00
18:12:43         13      1,00      0,00      0,00      0,00      0,00      0,00      0,00      0,00      0,00     99,00
18:12:43         14      0,00      0,00      0,00      0,00      0,00      0,00      0,00      0,00      0,00    100,00
18:12:43         15      0,00      0,00      0,00      0,00      0,00      0,00      0,00      0,00      0,00    100,00

18:12:41        IFACE   rxpck/s   txpck/s    rxkB/s    txkB/s   rxcmp/s   txcmp/s  rxmcst/s   %ifutil
18:12:43           lo      0,00      0,00      0,00      0,00      0,00      0,00      0,00      0,00
18:12:43         eno1     18,50     17,00      3,51      3,32      0,00      0,00      1,00      0,00
18:12:43         eno2      0,00      0,00      0,00      0,00      0,00      0,00      0,00      0,00
18:12:43      docker0      0,00      0,00      0,00      0,00      0,00      0,00      0,00      0,00
18:12:43      ens2np0      0,00      0,00      0,00      0,00      0,00      0,00      0,00      0,00
18:12:43      ens2np1      0,00      0,00      0,00      0,00      0,00      0,00      0,00      0,00

18:12:43        CPU      %usr     %nice      %sys   %iowait    %steal      %irq     %soft    %guest    %gnice     %idle
18:12:45        all      0,03      0,00      0,00      0,00      0,00      0,00      0,00      0,00      0,00     99,97
18:12:45          0      0,00      0,00      0,00      0,00      0,00      0,00      0,00      0,00      0,00    100,00
18:12:45          1      0,00      0,00      0,00      0,00      0,00      0,00      0,00      0,00      0,00    100,00
18:12:45          2      0,00      0,00      0,00      0,00      0,00      0,00      0,00      0,00      0,00    100,00
18:12:45          3      0,00      0,00      0,00      0,00      0,00      0,00      0,00      0,00      0,00    100,00
18:12:45          4      0,00      0,00      0,00      0,00      0,00      0,00      0,00      0,00      0,00    100,00
18:12:45          5      0,00      0,00      0,00      0,00      0,00      0,00      0,00      0,00      0,00    100,00
18:12:45          6      0,00      0,00      0,00      0,00      0,00      0,00      0,00      0,00      0,00    100,00
18:12:45          7      0,00      0,00      0,00      0,00      0,00      0,00      0,00      0,00      0,00    100,00
18:12:45          8      0,00      0,00      0,00      0,00      0,00      0,00      0,00      0,00      0,00    100,00
18:12:45          9      0,00      0,00      0,00      0,00      0,00      0,00      0,00      0,00      0,00    100,00
18:12:45         10      0,50      0,00      0,00      0,00      0,00      0,00      0,00      0,00      0,00     99,50
18:12:45         11      0,00      0,00      0,00      0,00      0,00      0,00      0,00      0,00      0,00    100,00
18:12:45         12      0,00      0,00      0,00      0,00      0,00      0,00      0,00      0,00      0,00    100,00
18:12:45         13      0,00      0,00      0,00      0,00      0,00      0,00      0,00      0,00      0,00    100,00
18:12:45         14      0,00      0,00      0,00      0,00      0,00      0,00      0,00      0,00      0,00    100,00
18:12:45         15      0,00      0,00      0,00      0,00      0,00      0,00      0,00      0,00      0,00    100,00

18:12:43        IFACE   rxpck/s   txpck/s    rxkB/s    txkB/s   rxcmp/s   txcmp/s  rxmcst/s   %ifutil
18:12:45           lo      0,00      0,00      0,00      0,00      0,00      0,00      0,00      0,00
18:12:45         eno1      6,00      0,00      0,38      0,00      0,00      0,00      1,00      0,00
18:12:45         eno2      0,00      0,00      0,00      0,00      0,00      0,00      0,00      0,00
18:12:45      docker0      0,00      0,00      0,00      0,00      0,00      0,00      0,00      0,00
18:12:45      ens2np0      0,00      0,00      0,00      0,00      0,00      0,00      0,00      0,00
18:12:45      ens2np1      0,00      0,00      0,00      0,00      0,00      0,00      0,00      0,00

18:12:45        CPU      %usr     %nice      %sys   %iowait    %steal      %irq     %soft    %guest    %gnice     %idle
18:12:47        all      0,03      0,00      0,03      0,00      0,00      0,00      0,00      0,00      0,00     99,94
18:12:47          0      0,50      0,00      0,00      0,00      0,00      0,00      0,00      0,00      0,00     99,50
18:12:47          1      0,00      0,00      0,00      0,00      0,00      0,00      0,00      0,00      0,00    100,00
18:12:47          2      0,00      0,00      0,00      0,00      0,00      0,00      0,00      0,00      0,00    100,00
18:12:47          3      0,00      0,00      0,00      0,00      0,00      0,00      0,00      0,00      0,00    100,00
18:12:47          4      0,00      0,00      0,00      0,00      0,00      0,00      0,00      0,00      0,00    100,00
18:12:47          5      0,00      0,00      0,00      0,00      0,00      0,00      0,00      0,00      0,00    100,00
18:12:47          6      0,00      0,00      0,00      0,00      0,00      0,00      0,00      0,00      0,00    100,00
18:12:47          7      0,00      0,00      0,00      0,00      0,00      0,00      0,00      0,00      0,00    100,00
18:12:47          8      0,00      0,00      0,00      0,00      0,00      0,00      0,00      0,00      0,00    100,00
18:12:47          9      0,00      0,00      0,00      0,00      0,00      0,00      0,00      0,00      0,00    100,00
18:12:47         10      0,00      0,00      0,00      0,00      0,00      0,00      0,00      0,00      0,00    100,00
18:12:47         11      0,00      0,00      0,00      0,00      0,00      0,00      0,00      0,00      0,00    100,00
18:12:47         12      0,00      0,00      0,50      0,00      0,00      0,00      0,00      0,00      0,00     99,50
18:12:47         13      0,00      0,00      0,00      0,00      0,00      0,00      0,00      0,00      0,00    100,00
18:12:47         14      0,00      0,00      0,00      0,00      0,00      0,00      0,00      0,00      0,00    100,00
18:12:47         15      0,00      0,00      0,00      0,00      0,00      0,00      0,00      0,00      0,00    100,00

18:12:45        IFACE   rxpck/s   txpck/s    rxkB/s    txkB/s   rxcmp/s   txcmp/s  rxmcst/s   %ifutil
18:12:47           lo      0,00      0,00      0,00      0,00      0,00      0,00      0,00      0,00
18:12:47         eno1      8,50      0,00      0,55      0,00      0,00      0,00      1,50      0,00
18:12:47         eno2      0,00      0,00      0,00      0,00      0,00      0,00      0,00      0,00
18:12:47      docker0      0,00      0,00      0,00      0,00      0,00      0,00      0,00      0,00
18:12:47      ens2np0      0,00      0,00      0,00      0,00      0,00      0,00      0,00      0,00
18:12:47      ens2np1      0,00      0,00      0,00      0,00      0,00      0,00      0,00      0,00

18:12:47        CPU      %usr     %nice      %sys   %iowait    %steal      %irq     %soft    %guest    %gnice     %idle
18:12:49        all      0,00      0,00      0,03      0,00      0,00      0,00      0,00      0,00      0,00     99,97
18:12:49          0      0,00      0,00      0,50      0,00      0,00      0,00      0,00      0,00      0,00     99,50
18:12:49          1      0,00      0,00      0,00      0,00      0,00      0,00      0,00      0,00      0,00    100,00
18:12:49          2      0,00      0,00      0,00      0,00      0,00      0,00      0,00      0,00      0,00    100,00
18:12:49          3      0,00      0,00      0,00      0,00      0,00      0,00      0,00      0,00      0,00    100,00
18:12:49          4      0,00      0,00      0,00      0,00      0,00      0,00      0,00      0,00      0,00    100,00
18:12:49          5      0,00      0,00      0,00      0,00      0,00      0,00      0,00      0,00      0,00    100,00
18:12:49          6      0,00      0,00      0,00      0,00      0,00      0,00      0,00      0,00      0,00    100,00
18:12:49          7      0,00      0,00      0,00      0,00      0,00      0,00      0,00      0,00      0,00    100,00
18:12:49          8      0,00      0,00      0,00      0,00      0,00      0,00      0,00      0,00      0,00    100,00
18:12:49          9      0,00      0,00      0,00      0,00      0,00      0,00      0,00      0,00      0,00    100,00
18:12:49         10      0,00      0,00      0,00      0,00      0,00      0,00      0,00      0,00      0,00    100,00
18:12:49         11      0,00      0,00      0,00      0,00      0,00      0,00      0,00      0,00      0,00    100,00
18:12:49         12      0,00      0,00      0,00      0,00      0,00      0,00      0,00      0,00      0,00    100,00
18:12:49         13      0,00      0,00      0,00      0,00      0,00      0,00      0,00      0,00      0,00    100,00
18:12:49         14      0,00      0,00      0,00      0,00      0,00      0,00      0,00      0,00      0,00    100,00
18:12:49         15      0,00      0,00      0,00      0,00      0,00      0,00      0,00      0,00      0,00    100,00

18:12:47        IFACE   rxpck/s   txpck/s    rxkB/s    txkB/s   rxcmp/s   txcmp/s  rxmcst/s   %ifutil
18:12:49           lo      0,00      0,00      0,00      0,00      0,00      0,00      0,00      0,00
18:12:49         eno1      7,00      0,50      0,47      0,04      0,00      0,00      2,00      0,00
18:12:49         eno2      0,00      0,00      0,00      0,00      0,00      0,00      0,00      0,00
18:12:49      docker0      0,00      0,00      0,00      0,00      0,00      0,00      0,00      0,00
18:12:49      ens2np0      0,00      0,00      0,00      0,00      0,00      0,00      0,00      0,00
18:12:49      ens2np1      0,00      0,00      0,00      0,00      0,00      0,00      0,00      0,00

18:12:49        CPU      %usr     %nice      %sys   %iowait    %steal      %irq     %soft    %guest    %gnice     %idle
18:12:51        all      0,34      0,00      0,25      0,00      0,00      0,00      0,00      0,00      0,00     99,41
18:12:51          0      0,00      0,00      0,00      0,00      0,00      0,00      0,00      0,00      0,00    100,00
18:12:51          1      0,50      0,00      0,00      0,00      0,00      0,00      0,00      0,00      0,00     99,50
18:12:51          2      0,00      0,00      0,00      0,00      0,00      0,00      0,00      0,00      0,00    100,00
18:12:51          3      0,00      0,00      0,00      0,00      0,00      0,00      0,00      0,00      0,00    100,00
18:12:51          4      0,50      0,00      0,00      0,00      0,00      0,00      0,00      0,00      0,00     99,50
18:12:51          5      0,00      0,00      0,50      0,00      0,00      0,00      0,00      0,00      0,00     99,50
18:12:51          6      0,00      0,00      0,00      0,00      0,00      0,00      0,00      0,00      0,00    100,00
18:12:51          7      0,00      0,00      0,00      0,00      0,00      0,00      0,00      0,00      0,00    100,00
18:12:51          8      0,00      0,00      0,50      0,00      0,00      0,00      0,00      0,00      0,00     99,50
18:12:51          9      0,50      0,00      0,00      0,00      0,00      0,00      0,00      0,00      0,00     99,50
18:12:51         10      1,00      0,00      1,50      0,00      0,00      0,00      0,00      0,00      0,00     97,50
18:12:51         11      1,00      0,00      0,00      0,00      0,00      0,00      0,00      0,00      0,00     99,00
18:12:51         12      0,50      0,00      1,00      0,00      0,00      0,00      0,00      0,00      0,00     98,51
18:12:51         13      0,50      0,00      0,00      0,00      0,00      0,00      0,00      0,00      0,00     99,50
18:12:51         14      0,50      0,00      0,00      0,00      0,00      0,00      0,00      0,00      0,00     99,50
18:12:51         15      0,50      0,00      0,50      0,00      0,00      0,00      0,00      0,00      0,00     98,99

18:12:49        IFACE   rxpck/s   txpck/s    rxkB/s    txkB/s   rxcmp/s   txcmp/s  rxmcst/s   %ifutil
18:12:51           lo      0,00      0,00      0,00      0,00      0,00      0,00      0,00      0,00
18:12:51         eno1      9,50      2,00      1,12      0,17      0,00      0,00      1,00      0,00
18:12:51         eno2      0,00      0,00      0,00      0,00      0,00      0,00      0,00      0,00
18:12:51      docker0      0,00      0,00      0,00      0,00      0,00      0,00      0,00      0,00
18:12:51      ens2np0      0,00      0,00      0,00      0,00      0,00      0,00      0,00      0,00
18:12:51      ens2np1      0,00      0,00      0,00      0,00      0,00      0,00      0,00      0,00

18:12:51        CPU      %usr     %nice      %sys   %iowait    %steal      %irq     %soft    %guest    %gnice     %idle
18:12:53        all      0,04      0,00      0,00      0,00      0,00      0,00      1,25      0,00      0,00     98,71
18:12:53          0      0,66      0,00      0,00      0,00      0,00      0,00      6,62      0,00      0,00     92,72
18:12:53          1      0,00      0,00      0,00      0,00      0,00      0,00      5,16      0,00      0,00     94,84
18:12:53          2      0,00      0,00      0,00      0,00      0,00      0,00      1,32      0,00      0,00     98,68
18:12:53          3      0,00      0,00      0,00      0,00      0,00      0,00      0,68      0,00      0,00     99,32
18:12:53          4      0,00      0,00      0,00      0,00      0,00      0,00      2,70      0,00      0,00     97,30
18:12:53          5      0,00      0,00      0,00      0,00      0,00      0,00      3,27      0,00      0,00     96,73
18:12:53          6      0,00      0,00      0,00      0,00      0,00      0,00      2,04      0,00      0,00     97,96
18:12:53          7      0,00      0,00      0,00      0,00      0,00      0,00      1,36      0,00      0,00     98,64
18:12:53          8      0,00      0,00      0,00      0,00      0,00      0,00      0,00      0,00      0,00    100,00
18:12:53          9      0,00      0,00      0,00      0,00      0,00      0,00      0,00      0,00      0,00    100,00
18:12:53         10      0,00      0,00      0,00      0,00      0,00      0,00      0,00      0,00      0,00    100,00
18:12:53         11      0,00      0,00      0,00      0,00      0,00      0,00      0,00      0,00      0,00    100,00
18:12:53         12      0,00      0,00      0,00      0,00      0,00      0,00      0,00      0,00      0,00    100,00
18:12:53         13      0,00      0,00      0,00      0,00      0,00      0,00      0,00      0,00      0,00    100,00
18:12:53         14      0,00      0,00      0,00      0,00      0,00      0,00      0,00      0,00      0,00    100,00
18:12:53         15      0,00      0,00      0,00      0,00      0,00      0,00      0,00      0,00      0,00    100,00

18:12:51        IFACE   rxpck/s   txpck/s    rxkB/s    txkB/s   rxcmp/s   txcmp/s  rxmcst/s   %ifutil
18:12:53           lo      0,00      0,00      0,00      0,00      0,00      0,00      0,00      0,00
18:12:53         eno1      5,50      0,00      0,36      0,00      0,00      0,00      1,00      0,00
18:12:53         eno2      0,00      0,00      0,00      0,00      0,00      0,00      0,00      0,00
18:12:53      docker0      0,00      0,00      0,00      0,00      0,00      0,00      0,00      0,00
18:12:53      ens2np0 1429348,00 1428991,50 709090,61 708913,75      0,00      0,00      0,00     58,09
18:12:53      ens2np1      0,00      0,00      0,00      0,00      0,00      0,00      0,00      0,00

18:12:53        CPU      %usr     %nice      %sys   %iowait    %steal      %irq     %soft    %guest    %gnice     %idle
18:12:55        all      0,00      0,00      0,04      0,04      0,00      0,00      2,84      0,00      0,00     97,08
18:12:55          0      0,00      0,00      0,85      0,85      0,00      0,00     10,17      0,00      0,00     88,14
18:12:55          1      0,00      0,00      0,00      0,00      0,00      0,00     17,56      0,00      0,00     82,44
18:12:55          2      0,00      0,00      0,00      0,00      0,00      0,00     12,90      0,00      0,00     87,10
18:12:55          3      0,00      0,00      0,00      0,00      0,00      0,00      0,89      0,00      0,00     99,11
18:12:55          4      0,00      0,00      0,00      0,00      0,00      0,00      4,63      0,00      0,00     95,37
18:12:55          5      0,00      0,00      0,00      0,00      0,00      0,00      4,27      0,00      0,00     95,73
18:12:55          6      0,00      0,00      0,00      0,00      0,00      0,00      5,08      0,00      0,00     94,92
18:12:55          7      0,00      0,00      0,00      0,00      0,00      0,00      3,67      0,00      0,00     96,33
18:12:55          8      0,00      0,00      0,00      0,00      0,00      0,00      0,00      0,00      0,00    100,00
18:12:55          9      0,00      0,00      0,00      0,00      0,00      0,00      0,00      0,00      0,00    100,00
18:12:55         10      0,00      0,00      0,00      0,00      0,00      0,00      0,00      0,00      0,00    100,00
18:12:55         11      0,00      0,00      0,00      0,00      0,00      0,00      0,00      0,00      0,00    100,00
18:12:55         12      0,00      0,00      0,00      0,00      0,00      0,00      0,00      0,00      0,00    100,00
18:12:55         13      0,00      0,00      0,00      0,00      0,00      0,00      0,00      0,00      0,00    100,00
18:12:55         14      0,00      0,00      0,00      0,00      0,00      0,00      0,00      0,00      0,00    100,00
18:12:55         15      0,00      0,00      0,00      0,00      0,00      0,00      0,00      0,00      0,00    100,00

18:12:53        IFACE   rxpck/s   txpck/s    rxkB/s    txkB/s   rxcmp/s   txcmp/s  rxmcst/s   %ifutil
18:12:55           lo      0,00      0,00      0,00      0,00      0,00      0,00      0,00      0,00
18:12:55         eno1      6,50      0,00      0,41      0,00      0,00      0,00      1,50      0,00
18:12:55         eno2      0,00      0,00      0,00      0,00      0,00      0,00      0,00      0,00
18:12:55      docker0      0,00      0,00      0,00      0,00      0,00      0,00      0,00      0,00
18:12:55      ens2np0 2349545,00 2349581,00 1165594,59 1165612,45      0,00      0,00      0,00     95,49
18:12:55      ens2np1      0,00      0,00      0,00      0,00      0,00      0,00      0,00      0,00

18:12:55        CPU      %usr     %nice      %sys   %iowait    %steal      %irq     %soft    %guest    %gnice     %idle
18:12:57        all      0,00      0,00      0,00      0,00      0,00      0,00      4,45      0,00      0,00     95,55
18:12:57          0      0,00      0,00      0,00      0,00      0,00      0,00     12,07      0,00      0,00     87,93
18:12:57          1      0,00      0,00      0,00      0,00      0,00      0,00     35,88      0,00      0,00     64,12
18:12:57          2      0,00      0,00      0,00      0,00      0,00      0,00      8,62      0,00      0,00     91,38
18:12:57          3      0,00      0,00      0,00      0,00      0,00      0,00      7,96      0,00      0,00     92,04
18:12:57          4      0,00      0,00      0,00      0,00      0,00      0,00      5,45      0,00      0,00     94,55
18:12:57          5      0,00      0,00      0,00      0,00      0,00      0,00      8,33      0,00      0,00     91,67
18:12:57          6      0,00      0,00      0,00      0,00      0,00      0,00      1,75      0,00      0,00     98,25
18:12:57          7      0,00      0,00      0,00      0,00      0,00      0,00      1,92      0,00      0,00     98,08
18:12:57          8      0,00      0,00      0,00      0,00      0,00      0,00      0,00      0,00      0,00    100,00
18:12:57          9      0,00      0,00      0,00      0,00      0,00      0,00      0,00      0,00      0,00    100,00
18:12:57         10      0,00      0,00      0,00      0,00      0,00      0,00      0,00      0,00      0,00    100,00
18:12:57         11      0,00      0,00      0,00      0,00      0,00      0,00      0,00      0,00      0,00    100,00
18:12:57         12      0,00      0,00      0,00      0,00      0,00      0,00      0,00      0,00      0,00    100,00
18:12:57         13      0,00      0,00      0,00      0,00      0,00      0,00      0,00      0,00      0,00    100,00
18:12:57         14      0,00      0,00      0,00      0,00      0,00      0,00      0,00      0,00      0,00    100,00
18:12:57         15      0,00      0,00      0,00      0,00      0,00      0,00      0,00      0,00      0,00    100,00

18:12:55        IFACE   rxpck/s   txpck/s    rxkB/s    txkB/s   rxcmp/s   txcmp/s  rxmcst/s   %ifutil
18:12:57           lo      0,00      0,00      0,00      0,00      0,00      0,00      0,00      0,00
18:12:57         eno1      8,00      0,00      0,50      0,00      0,00      0,00      1,00      0,00
18:12:57         eno2      0,00      0,00      0,00      0,00      0,00      0,00      0,00      0,00
18:12:57      docker0      0,00      0,00      0,00      0,00      0,00      0,00      0,00      0,00
18:12:57      ens2np0 2349693,00 2349652,00 1165668,01 1165647,67      0,00      0,00      0,00     95,49
18:12:57      ens2np1      0,00      0,00      0,00      0,00      0,00      0,00      0,00      0,00

18:12:57        CPU      %usr     %nice      %sys   %iowait    %steal      %irq     %soft    %guest    %gnice     %idle
18:12:59        all      0,00      0,00      0,00      0,00      0,00      0,00      5,10      0,00      0,00     94,90
18:12:59          0      0,00      0,00      0,00      0,00      0,00      0,00     19,53      0,00      0,00     80,47
18:12:59          1      0,00      0,00      0,00      0,00      0,00      0,00     15,50      0,00      0,00     84,50
18:12:59          2      0,00      0,00      0,00      0,00      0,00      0,00     13,60      0,00      0,00     86,40
18:12:59          3      0,00      0,00      0,00      0,00      0,00      0,00      0,93      0,00      0,00     99,07
18:12:59          4      0,00      0,00      0,00      0,00      0,00      0,00      0,93      0,00      0,00     99,07
18:12:59          5      0,00      0,00      0,00      0,00      0,00      0,00     23,97      0,00      0,00     76,03
18:12:59          6      0,00      0,00      0,00      0,00      0,00      0,00     21,13      0,00      0,00     78,87
18:12:59          7      0,00      0,00      0,00      0,00      0,00      0,00      2,86      0,00      0,00     97,14
18:12:59          8      0,00      0,00      0,00      0,00      0,00      0,00      0,00      0,00      0,00    100,00
18:12:59          9      0,00      0,00      0,00      0,00      0,00      0,00      0,00      0,00      0,00    100,00
18:12:59         10      0,00      0,00      0,00      0,00      0,00      0,00      0,00      0,00      0,00    100,00
18:12:59         11      0,00      0,00      0,00      0,00      0,00      0,00      0,00      0,00      0,00    100,00
18:12:59         12      0,00      0,00      0,00      0,00      0,00      0,00      0,00      0,00      0,00    100,00
18:12:59         13      0,00      0,00      0,00      0,00      0,00      0,00      0,00      0,00      0,00    100,00
18:12:59         14      0,00      0,00      0,00      0,00      0,00      0,00      0,00      0,00      0,00    100,00
18:12:59         15      0,00      0,00      0,00      0,00      0,00      0,00      0,00      0,00      0,00    100,00

18:12:57        IFACE   rxpck/s   txpck/s    rxkB/s    txkB/s   rxcmp/s   txcmp/s  rxmcst/s   %ifutil
18:12:59           lo      0,00      0,00      0,00      0,00      0,00      0,00      0,00      0,00
18:12:59         eno1      4,50      0,00      0,28      0,00      0,00      0,00      1,00      0,00
18:12:59         eno2      0,00      0,00      0,00      0,00      0,00      0,00      0,00      0,00
18:12:59      docker0      0,00      0,00      0,00      0,00      0,00      0,00      0,00      0,00
18:12:59      ens2np0 2349613,50 2349635,00 1165628,57 1165639,24      0,00      0,00      0,00     95,49
18:12:59      ens2np1      0,00      0,00      0,00      0,00      0,00      0,00      0,00      0,00

18:12:59        CPU      %usr     %nice      %sys   %iowait    %steal      %irq     %soft    %guest    %gnice     %idle
18:13:01        all      0,00      0,00      0,07      0,00      0,00      0,00      9,48      0,00      0,00     90,45
18:13:01          0      0,00      0,00      0,00      0,00      0,00      0,00     26,06      0,00      0,00     73,94
18:13:01          1      0,00      0,00      0,00      0,00      0,00      0,00     34,94      0,00      0,00     65,06
18:13:01          2      0,00      0,00      0,00      0,00      0,00      0,00     22,46      0,00      0,00     77,54
18:13:01          3      0,00      0,00      0,00      0,00      0,00      0,00      9,48      0,00      0,00     90,52
18:13:01          4      0,00      0,00      0,00      0,00      0,00      0,00     10,92      0,00      0,00     89,08
18:13:01          5      0,00      0,00      0,00      0,00      0,00      0,00     34,91      0,00      0,00     65,09
18:13:01          6      0,00      0,00      0,00      0,00      0,00      0,00     24,66      0,00      0,00     75,34
18:13:01          7      0,00      0,00      0,00      0,00      0,00      0,00     10,26      0,00      0,00     89,74
18:13:01          8      0,00      0,00      0,00      0,00      0,00      0,00      0,00      0,00      0,00    100,00
18:13:01          9      0,00      0,00      0,00      0,00      0,00      0,00      0,00      0,00      0,00    100,00
18:13:01         10      0,00      0,00      0,00      0,00      0,00      0,00      0,00      0,00      0,00    100,00
18:13:01         11      0,00      0,00      0,00      0,00      0,00      0,00      0,00      0,00      0,00    100,00
18:13:01         12      0,00      0,00      0,00      0,00      0,00      0,00      0,00      0,00      0,00    100,00
18:13:01         13      0,00      0,00      1,00      0,00      0,00      0,00      0,00      0,00      0,00     99,00
18:13:01         14      0,00      0,00      0,00      0,00      0,00      0,00      0,00      0,00      0,00    100,00
18:13:01         15      0,00      0,00      0,00      0,00      0,00      0,00      0,00      0,00      0,00    100,00

18:12:59        IFACE   rxpck/s   txpck/s    rxkB/s    txkB/s   rxcmp/s   txcmp/s  rxmcst/s   %ifutil
18:13:01           lo      0,00      0,00      0,00      0,00      0,00      0,00      0,00      0,00
18:13:01         eno1      7,00      0,00      0,44      0,00      0,00      0,00      1,00      0,00
18:13:01         eno2      0,00      0,00      0,00      0,00      0,00      0,00      0,00      0,00
18:13:01      docker0      0,00      0,00      0,00      0,00      0,00      0,00      0,00      0,00
18:13:01      ens2np0 2349561,50 2349582,50 1165602,78 1165613,19      0,00      0,00      0,00     95,49
18:13:01      ens2np1      0,00      0,00      0,00      0,00      0,00      0,00      0,00      0,00

18:13:01        CPU      %usr     %nice      %sys   %iowait    %steal      %irq     %soft    %guest    %gnice     %idle
18:13:03        all      0,25      0,00      0,11      0,00      0,00      0,00     11,17      0,00      0,00     88,47
18:13:03          0      0,00      0,00      0,61      0,00      0,00      0,00     34,36      0,00      0,00     65,03
18:13:03          1      0,00      0,00      0,00      0,00      0,00      0,00     37,43      0,00      0,00     62,57
18:13:03          2      0,00      0,00      0,00      0,00      0,00      0,00     21,21      0,00      0,00     78,79
18:13:03          3      0,00      0,00      0,79      0,00      0,00      0,00     14,29      0,00      0,00     84,92
18:13:03          4      0,73      0,00      0,00      0,00      0,00      0,00     20,44      0,00      0,00     78,83
18:13:03          5      0,56      0,00      0,00      0,00      0,00      0,00     40,00      0,00      0,00     59,44
18:13:03          6      0,00      0,00      0,00      0,00      0,00      0,00     16,67      0,00      0,00     83,33
18:13:03          7      0,78      0,00      0,00      0,00      0,00      0,00     16,41      0,00      0,00     82,81
18:13:03          8      0,50      0,00      0,00      0,00      0,00      0,00      0,00      0,00      0,00     99,50
18:13:03          9      0,00      0,00      0,00      0,00      0,00      0,00      0,00      0,00      0,00    100,00
18:13:03         10      0,00      0,00      0,00      0,00      0,00      0,00      0,00      0,00      0,00    100,00
18:13:03         11      0,00      0,00      0,50      0,00      0,00      0,00      0,00      0,00      0,00     99,50
18:13:03         12      0,50      0,00      0,00      0,00      0,00      0,00      0,00      0,00      0,00     99,50
18:13:03         13      0,50      0,00      0,00      0,00      0,00      0,00      0,00      0,00      0,00     99,50
18:13:03         14      0,00      0,00      0,00      0,00      0,00      0,00      0,00      0,00      0,00    100,00
18:13:03         15      0,50      0,00      0,00      0,00      0,00      0,00      0,00      0,00      0,00     99,50

18:13:01        IFACE   rxpck/s   txpck/s    rxkB/s    txkB/s   rxcmp/s   txcmp/s  rxmcst/s   %ifutil
18:13:03           lo      0,00      0,00      0,00      0,00      0,00      0,00      0,00      0,00
18:13:03         eno1      5,00      0,00      0,31      0,00      0,00      0,00      1,00      0,00
18:13:03         eno2      0,00      0,00      0,00      0,00      0,00      0,00      0,00      0,00
18:13:03      docker0      0,00      0,00      0,00      0,00      0,00      0,00      0,00      0,00
18:13:03      ens2np0 2349715,00 2349686,50 1165678,93 1165664,79      0,00      0,00      0,00     95,49
18:13:03      ens2np1      0,00      0,00      0,00      0,00      0,00      0,00      0,00      0,00

18:13:03        CPU      %usr     %nice      %sys   %iowait    %steal      %irq     %soft    %guest    %gnice     %idle
18:13:05        all      0,00      0,00      0,00      0,00      0,00      0,00     12,51      0,00      0,00     87,49
18:13:05          0      0,00      0,00      0,00      0,00      0,00      0,00     32,50      0,00      0,00     67,50
18:13:05          1      0,00      0,00      0,00      0,00      0,00      0,00     36,63      0,00      0,00     63,37
18:13:05          2      0,00      0,00      0,00      0,00      0,00      0,00     41,99      0,00      0,00     58,01
18:13:05          3      0,00      0,00      0,00      0,00      0,00      0,00      9,92      0,00      0,00     90,08
18:13:05          4      0,00      0,00      0,00      0,00      0,00      0,00     34,91      0,00      0,00     65,09
18:13:05          5      0,00      0,00      0,00      0,00      0,00      0,00     24,14      0,00      0,00     75,86
18:13:05          6      0,00      0,00      0,00      0,00      0,00      0,00     29,94      0,00      0,00     70,06
18:13:05          7      0,00      0,00      0,00      0,00      0,00      0,00      7,76      0,00      0,00     92,24
18:13:05          8      0,00      0,00      0,00      0,00      0,00      0,00      0,00      0,00      0,00    100,00
18:13:05          9      0,00      0,00      0,00      0,00      0,00      0,00      0,00      0,00      0,00    100,00
18:13:05         10      0,00      0,00      0,00      0,00      0,00      0,00      0,00      0,00      0,00    100,00
18:13:05         11      0,00      0,00      0,00      0,00      0,00      0,00      0,00      0,00      0,00    100,00
18:13:05         12      0,00      0,00      0,00      0,00      0,00      0,00      0,00      0,00      0,00    100,00
18:13:05         13      0,00      0,00      0,00      0,00      0,00      0,00      0,00      0,00      0,00    100,00
18:13:05         14      0,00      0,00      0,00      0,00      0,00      0,00      0,00      0,00      0,00    100,00
18:13:05         15      0,00      0,00      0,00      0,00      0,00      0,00      0,00      0,00      0,00    100,00

18:13:03        IFACE   rxpck/s   txpck/s    rxkB/s    txkB/s   rxcmp/s   txcmp/s  rxmcst/s   %ifutil
18:13:05           lo      0,00      0,00      0,00      0,00      0,00      0,00      0,00      0,00
18:13:05         eno1      6,00      0,00      0,38      0,00      0,00      0,00      1,00      0,00
18:13:05         eno2      0,00      0,00      0,00      0,00      0,00      0,00      0,00      0,00
18:13:05      docker0      0,00      0,00      0,00      0,00      0,00      0,00      0,00      0,00
18:13:05      ens2np0 2349645,00 2349654,50 1165644,20 1165648,91      0,00      0,00      0,00     95,49
18:13:05      ens2np1      0,00      0,00      0,00      0,00      0,00      0,00      0,00      0,00

18:13:05        CPU      %usr     %nice      %sys   %iowait    %steal      %irq     %soft    %guest    %gnice     %idle
18:13:07        all      0,00      0,00      0,00      0,04      0,00      0,00      9,70      0,00      0,00     90,27
18:13:07          0      0,00      0,00      0,00      0,00      0,00      0,00     28,95      0,00      0,00     71,05
18:13:07          1      0,00      0,00      0,00      0,00      0,00      0,00     38,98      0,00      0,00     61,02
18:13:07          2      0,00      0,00      0,00      0,00      0,00      0,00     26,39      0,00      0,00     73,61
18:13:07          3      0,00      0,00      0,00      0,66      0,00      0,00     28,29      0,00      0,00     71,05
18:13:07          4      0,00      0,00      0,00      0,00      0,00      0,00     21,58      0,00      0,00     78,42
18:13:07          5      0,00      0,00      0,00      0,00      0,00      0,00      4,35      0,00      0,00     95,65
18:13:07          6      0,00      0,00      0,00      0,00      0,00      0,00      9,76      0,00      0,00     90,24
18:13:07          7      0,00      0,00      0,00      0,00      0,00      0,00     18,32      0,00      0,00     81,68
18:13:07          8      0,00      0,00      0,00      0,00      0,00      0,00      0,00      0,00      0,00    100,00
18:13:07          9      0,00      0,00      0,00      0,00      0,00      0,00      0,00      0,00      0,00    100,00
18:13:07         10      0,00      0,00      0,00      0,00      0,00      0,00      0,00      0,00      0,00    100,00
18:13:07         11      0,00      0,00      0,00      0,00      0,00      0,00      0,00      0,00      0,00    100,00
18:13:07         12      0,00      0,00      0,00      0,00      0,00      0,00      0,00      0,00      0,00    100,00
18:13:07         13      0,00      0,00      0,00      0,00      0,00      0,00      0,00      0,00      0,00    100,00
18:13:07         14      0,00      0,00      0,00      0,00      0,00      0,00      0,00      0,00      0,00    100,00
18:13:07         15      0,00      0,00      0,00      0,00      0,00      0,00      0,00      0,00      0,00    100,00

18:13:05        IFACE   rxpck/s   txpck/s    rxkB/s    txkB/s   rxcmp/s   txcmp/s  rxmcst/s   %ifutil
18:13:07           lo      0,00      0,00      0,00      0,00      0,00      0,00      0,00      0,00
18:13:07         eno1      5,50      0,50      0,35      0,55      0,00      0,00      1,00      0,00
18:13:07         eno2      0,00      0,00      0,00      0,00      0,00      0,00      0,00      0,00
18:13:07      docker0      0,00      0,00      0,00      0,00      0,00      0,00      0,00      0,00
18:13:07      ens2np0 2349676,00 2349637,50 1165659,58 1165640,48      0,00      0,00      0,00     95,49
18:13:07      ens2np1      0,00      0,00      0,00      0,00      0,00      0,00      0,00      0,00

18:13:07        CPU      %usr     %nice      %sys   %iowait    %steal      %irq     %soft    %guest    %gnice     %idle
18:13:09        all      0,00      0,00      0,04      0,00      0,00      0,00      8,87      0,00      0,00     91,09
18:13:09          0      0,00      0,00      0,00      0,00      0,00      0,00     18,18      0,00      0,00     81,82
18:13:09          1      0,00      0,00      0,55      0,00      0,00      0,00     39,78      0,00      0,00     59,67
18:13:09          2      0,00      0,00      0,00      0,00      0,00      0,00     21,21      0,00      0,00     78,79
18:13:09          3      0,00      0,00      0,00      0,00      0,00      0,00     22,70      0,00      0,00     77,30
18:13:09          4      0,00      0,00      0,00      0,00      0,00      0,00     22,70      0,00      0,00     77,30
18:13:09          5      0,00      0,00      0,00      0,00      0,00      0,00     10,57      0,00      0,00     89,43
18:13:09          6      0,00      0,00      0,00      0,00      0,00      0,00     16,03      0,00      0,00     83,97
18:13:09          7      0,00      0,00      0,00      0,00      0,00      0,00     14,29      0,00      0,00     85,71
18:13:09          8      0,00      0,00      0,00      0,00      0,00      0,00      0,00      0,00      0,00    100,00
18:13:09          9      0,00      0,00      0,00      0,00      0,00      0,00      0,00      0,00      0,00    100,00
18:13:09         10      0,00      0,00      0,00      0,00      0,00      0,00      0,00      0,00      0,00    100,00
18:13:09         11      0,00      0,00      0,00      0,00      0,00      0,00      0,00      0,00      0,00    100,00
18:13:09         12      0,00      0,00      0,00      0,00      0,00      0,00      0,00      0,00      0,00    100,00
18:13:09         13      0,00      0,00      0,00      0,00      0,00      0,00      0,00      0,00      0,00    100,00
18:13:09         14      0,00      0,00      0,00      0,00      0,00      0,00      0,00      0,00      0,00    100,00
18:13:09         15      0,00      0,00      0,00      0,00      0,00      0,00      0,00      0,00      0,00    100,00

18:13:07        IFACE   rxpck/s   txpck/s    rxkB/s    txkB/s   rxcmp/s   txcmp/s  rxmcst/s   %ifutil
18:13:09           lo      0,00      0,00      0,00      0,00      0,00      0,00      0,00      0,00
18:13:09         eno1      5,50      0,00      0,35      0,00      0,00      0,00      1,00      0,00
18:13:09         eno2      0,00      0,00      0,00      0,00      0,00      0,00      0,00      0,00
18:13:09      docker0      0,00      0,00      0,00      0,00      0,00      0,00      0,00      0,00
18:13:09      ens2np0 2349757,50 2349777,00 1165700,01 1165709,68      0,00      0,00      0,00     95,49
18:13:09      ens2np1      0,00      0,00      0,00      0,00      0,00      0,00      0,00      0,00

18:13:09        CPU      %usr     %nice      %sys   %iowait    %steal      %irq     %soft    %guest    %gnice     %idle
18:13:11        all      0,11      0,00      0,00      0,00      0,00      0,00     10,81      0,00      0,00     89,09
18:13:11          0      0,00      0,00      0,00      0,00      0,00      0,00     34,94      0,00      0,00     65,06
18:13:11          1      0,00      0,00      0,00      0,00      0,00      0,00     36,47      0,00      0,00     63,53
18:13:11          2      0,00      0,00      0,00      0,00      0,00      0,00     39,43      0,00      0,00     60,57
18:13:11          3      0,00      0,00      0,00      0,00      0,00      0,00     28,19      0,00      0,00     71,81
18:13:11          4      0,00      0,00      0,00      0,00      0,00      0,00     24,66      0,00      0,00     75,34
18:13:11          5      0,00      0,00      0,00      0,00      0,00      0,00     12,50      0,00      0,00     87,50
18:13:11          6      0,00      0,00      0,00      0,00      0,00      0,00      9,76      0,00      0,00     90,24
18:13:11          7      0,00      0,00      0,00      0,00      0,00      0,00      3,60      0,00      0,00     96,40
18:13:11          8      0,00      0,00      0,00      0,00      0,00      0,00      0,00      0,00      0,00    100,00
18:13:11          9      0,50      0,00      0,00      0,00      0,00      0,00      0,00      0,00      0,00     99,50
18:13:11         10      0,00      0,00      0,00      0,00      0,00      0,00      0,00      0,00      0,00    100,00
18:13:11         11      0,00      0,00      0,00      0,00      0,00      0,00      0,00      0,00      0,00    100,00
18:13:11         12      0,00      0,00      0,00      0,00      0,00      0,00      0,00      0,00      0,00    100,00
18:13:11         13      1,01      0,00      0,00      0,00      0,00      0,00      0,00      0,00      0,00     98,99
18:13:11         14      0,00      0,00      0,00      0,00      0,00      0,00      0,00      0,00      0,00    100,00
18:13:11         15      0,00      0,00      0,00      0,00      0,00      0,00      0,00      0,00      0,00    100,00

18:13:09        IFACE   rxpck/s   txpck/s    rxkB/s    txkB/s   rxcmp/s   txcmp/s  rxmcst/s   %ifutil
18:13:11           lo      0,00      0,00      0,00      0,00      0,00      0,00      0,00      0,00
18:13:11         eno1      4,00      0,00      0,25      0,00      0,00      0,00      0,50      0,00
18:13:11         eno2      0,00      0,00      0,00      0,00      0,00      0,00      0,00      0,00
18:13:11      docker0      0,00      0,00      0,00      0,00      0,00      0,00      0,00      0,00
18:13:11      ens2np0 2349662,50 2349680,50 1165652,88 1165661,39      0,00      0,00      0,00     95,49
18:13:11      ens2np1      0,00      0,00      0,00      0,00      0,00      0,00      0,00      0,00

18:13:11        CPU      %usr     %nice      %sys   %iowait    %steal      %irq     %soft    %guest    %gnice     %idle
18:13:13        all      0,33      0,00      0,07      0,00      0,00      0,00     10,44      0,00      0,00     89,16
18:13:13          0      0,79      0,00      0,00      0,00      0,00      0,00     14,17      0,00      0,00     85,04
18:13:13          1      0,57      0,00      0,00      0,00      0,00      0,00     37,93      0,00      0,00     61,49
18:13:13          2      0,00      0,00      0,00      0,00      0,00      0,00     28,77      0,00      0,00     71,23
18:13:13          3      0,00      0,00      0,00      0,00      0,00      0,00     20,29      0,00      0,00     79,71
18:13:13          4      0,00      0,00      0,00      0,00      0,00      0,00     31,65      0,00      0,00     68,35
18:13:13          5      0,00      0,00      0,00      0,00      0,00      0,00     33,13      0,00      0,00     66,87
18:13:13          6      0,00      0,00      0,00      0,00      0,00      0,00     10,57      0,00      0,00     89,43
18:13:13          7      0,00      0,00      0,00      0,00      0,00      0,00     13,11      0,00      0,00     86,89
18:13:13          8      0,00      0,00      0,00      0,00      0,00      0,00      0,00      0,00      0,00    100,00
18:13:13          9      0,00      0,00      0,00      0,00      0,00      0,00      0,00      0,00      0,00    100,00
18:13:13         10      0,00      0,00      0,50      0,00      0,00      0,00      0,00      0,00      0,00     99,50
18:13:13         11      0,50      0,00      0,00      0,00      0,00      0,00      0,00      0,00      0,00     99,50
18:13:13         12      0,50      0,00      0,00      0,00      0,00      0,00      0,00      0,00      0,00     99,50
18:13:13         13      1,00      0,00      0,50      0,00      0,00      0,00      0,00      0,00      0,00     98,50
18:13:13         14      1,01      0,00      0,00      0,00      0,00      0,00      0,00      0,00      0,00     98,99
18:13:13         15      0,50      0,00      0,00      0,00      0,00      0,00      0,00      0,00      0,00     99,50

18:13:11        IFACE   rxpck/s   txpck/s    rxkB/s    txkB/s   rxcmp/s   txcmp/s  rxmcst/s   %ifutil
18:13:13           lo      0,00      0,00      0,00      0,00      0,00      0,00      0,00      0,00
18:13:13         eno1      7,00      1,00      0,46      0,09      0,00      0,00      1,00      0,00
18:13:13         eno2      0,00      0,00      0,00      0,00      0,00      0,00      0,00      0,00
18:13:13      docker0      0,00      0,00      0,00      0,00      0,00      0,00      0,00      0,00
18:13:13      ens2np0 2349591,50 2349583,00 1165617,66 1165613,44      0,00      0,00      0,00     95,49
18:13:13      ens2np1      0,00      0,00      0,00      0,00      0,00      0,00      0,00      0,00

18:13:13        CPU      %usr     %nice      %sys   %iowait    %steal      %irq     %soft    %guest    %gnice     %idle
18:13:15        all      0,00      0,00      0,00      0,00      0,00      0,00      6,59      0,00      0,00     93,41
18:13:15          0      0,00      0,00      0,00      0,00      0,00      0,00     12,30      0,00      0,00     87,70
18:13:15          1      0,00      0,00      0,00      0,00      0,00      0,00     20,44      0,00      0,00     79,56
18:13:15          2      0,00      0,00      0,00      0,00      0,00      0,00     22,79      0,00      0,00     77,21
18:13:15          3      0,00      0,00      0,00      0,00      0,00      0,00     17,05      0,00      0,00     82,95
18:13:15          4      0,00      0,00      0,00      0,00      0,00      0,00     29,94      0,00      0,00     70,06
18:13:15          5      0,00      0,00      0,00      0,00      0,00      0,00      7,56      0,00      0,00     92,44
18:13:15          6      0,00      0,00      0,00      0,00      0,00      0,00      0,00      0,00      0,00    100,00
18:13:15          7      0,00      0,00      0,00      0,00      0,00      0,00     17,05      0,00      0,00     82,95
18:13:15          8      0,00      0,00      0,00      0,00      0,00      0,00      0,00      0,00      0,00    100,00
18:13:15          9      0,00      0,00      0,00      0,00      0,00      0,00      0,00      0,00      0,00    100,00
18:13:15         10      0,00      0,00      0,00      0,00      0,00      0,00      0,00      0,00      0,00    100,00
18:13:15         11      0,00      0,00      0,00      0,00      0,00      0,00      0,00      0,00      0,00    100,00
18:13:15         12      0,00      0,00      0,00      0,00      0,00      0,00      0,00      0,00      0,00    100,00
18:13:15         13      0,00      0,00      0,00      0,00      0,00      0,00      0,00      0,00      0,00    100,00
18:13:15         14      0,00      0,00      0,00      0,00      0,00      0,00      0,00      0,00      0,00    100,00
18:13:15         15      0,00      0,00      0,00      0,00      0,00      0,00      0,00      0,00      0,00    100,00

18:13:13        IFACE   rxpck/s   txpck/s    rxkB/s    txkB/s   rxcmp/s   txcmp/s  rxmcst/s   %ifutil
18:13:15           lo      0,00      0,00      0,00      0,00      0,00      0,00      0,00      0,00
18:13:15         eno1      5,00      0,00      0,31      0,00      0,00      0,00      1,00      0,00
18:13:15         eno2      0,00      0,00      0,00      0,00      0,00      0,00      0,00      0,00
18:13:15      docker0      0,00      0,00      0,00      0,00      0,00      0,00      0,00      0,00
18:13:15      ens2np0 2349590,00 2349561,50 1165616,91 1165602,78      0,00      0,00      0,00     95,49
18:13:15      ens2np1      0,00      0,00      0,00      0,00      0,00      0,00      0,00      0,00

18:13:15        CPU      %usr     %nice      %sys   %iowait    %steal      %irq     %soft    %guest    %gnice     %idle
18:13:17        all      0,00      0,00      0,00      0,04      0,00      0,00      8,53      0,00      0,00     91,43
18:13:17          0      0,00      0,00      0,00      0,00      0,00      0,00     36,84      0,00      0,00     63,16
18:13:17          1      0,00      0,00      0,00      0,00      0,00      0,00     34,94      0,00      0,00     65,06
18:13:17          2      0,00      0,00      0,00      0,67      0,00      0,00     29,33      0,00      0,00     70,00
18:13:17          3      0,00      0,00      0,00      0,00      0,00      0,00      6,09      0,00      0,00     93,91
18:13:17          4      0,00      0,00      0,00      0,00      0,00      0,00     12,80      0,00      0,00     87,20
18:13:17          5      0,00      0,00      0,00      0,00      0,00      0,00     13,39      0,00      0,00     86,61
18:13:17          6      0,00      0,00      0,00      0,00      0,00      0,00      9,76      0,00      0,00     90,24
18:13:17          7      0,00      0,00      0,00      0,00      0,00      0,00     10,83      0,00      0,00     89,17
18:13:17          8      0,00      0,00      0,00      0,00      0,00      0,00      0,00      0,00      0,00    100,00
18:13:17          9      0,00      0,00      0,00      0,00      0,00      0,00      0,00      0,00      0,00    100,00
18:13:17         10      0,00      0,00      0,00      0,00      0,00      0,00      0,00      0,00      0,00    100,00
18:13:17         11      0,00      0,00      0,00      0,00      0,00      0,00      0,00      0,00      0,00    100,00
18:13:17         12      0,00      0,00      0,00      0,00      0,00      0,00      0,00      0,00      0,00    100,00
18:13:17         13      0,00      0,00      0,00      0,00      0,00      0,00      0,00      0,00      0,00    100,00
18:13:17         14      0,00      0,00      0,00      0,00      0,00      0,00      0,00      0,00      0,00    100,00
18:13:17         15      0,00      0,00      0,00      0,00      0,00      0,00      0,00      0,00      0,00    100,00

18:13:15        IFACE   rxpck/s   txpck/s    rxkB/s    txkB/s   rxcmp/s   txcmp/s  rxmcst/s   %ifutil
18:13:17           lo      1,00      1,00      0,08      0,08      0,00      0,00      0,00      0,00
18:13:17         eno1      8,00      1,00      0,60      0,10      0,00      0,00      1,00      0,00
18:13:17         eno2      0,00      0,00      0,00      0,00      0,00      0,00      0,00      0,00
18:13:17      docker0      0,00      0,00      0,00      0,00      0,00      0,00      0,00      0,00
18:13:17      ens2np0 2349612,50 2349616,50 1165628,08 1165630,06      0,00      0,00      0,00     95,49
18:13:17      ens2np1      0,00      0,00      0,00      0,00      0,00      0,00      0,00      0,00

18:13:17        CPU      %usr     %nice      %sys   %iowait    %steal      %irq     %soft    %guest    %gnice     %idle
18:13:19        all      0,07      0,00      0,07      0,00      0,00      0,00      8,96      0,00      0,00     90,89
18:13:19          0      0,00      0,00      0,00      0,00      0,00      0,00     30,77      0,00      0,00     69,23
18:13:19          1      0,00      0,00      0,00      0,00      0,00      0,00     14,29      0,00      0,00     85,71
18:13:19          2      0,00      0,00      0,00      0,00      0,00      0,00     22,63      0,00      0,00     77,37
18:13:19          3      0,00      0,00      0,00      0,00      0,00      0,00      1,80      0,00      0,00     98,20
18:13:19          4      0,00      0,00      0,00      0,00      0,00      0,00     36,42      0,00      0,00     63,58
18:13:19          5      0,00      0,00      0,00      0,00      0,00      0,00     20,86      0,00      0,00     79,14
18:13:19          6      0,00      0,00      0,00      0,00      0,00      0,00     14,17      0,00      0,00     85,83
18:13:19          7      0,00      0,00      0,00      0,00      0,00      0,00     24,11      0,00      0,00     75,89
18:13:19          8      0,50      0,00      0,00      0,00      0,00      0,00      0,00      0,00      0,00     99,50
18:13:19          9      0,00      0,00      0,00      0,00      0,00      0,00      0,00      0,00      0,00    100,00
18:13:19         10      0,00      0,00      0,00      0,00      0,00      0,00      0,00      0,00      0,00    100,00
18:13:19         11      0,00      0,00      0,50      0,00      0,00      0,00      0,00      0,00      0,00     99,50
18:13:19         12      0,00      0,00      0,00      0,00      0,00      0,00      0,00      0,00      0,00    100,00
18:13:19         13      0,00      0,00      0,00      0,00      0,00      0,00      0,00      0,00      0,00    100,00
18:13:19         14      0,00      0,00      0,00      0,00      0,00      0,00      0,00      0,00      0,00    100,00
18:13:19         15      0,50      0,00      0,50      0,00      0,00      0,00      0,00      0,00      0,00     99,00

18:13:17        IFACE   rxpck/s   txpck/s    rxkB/s    txkB/s   rxcmp/s   txcmp/s  rxmcst/s   %ifutil
18:13:19           lo      0,00      0,00      0,00      0,00      0,00      0,00      0,00      0,00
18:13:19         eno1      9,00      2,50      0,66      0,72      0,00      0,00      2,50      0,00
18:13:19         eno2      0,00      0,00      0,00      0,00      0,00      0,00      0,00      0,00
18:13:19      docker0      0,00      0,00      0,00      0,00      0,00      0,00      0,00      0,00
18:13:19      ens2np0 2349607,50 2349608,50 1165625,60 1165626,09      0,00      0,00      0,00     95,49
18:13:19      ens2np1      0,00      0,00      0,00      0,00      0,00      0,00      0,00      0,00

18:13:19        CPU      %usr     %nice      %sys   %iowait    %steal      %irq     %soft    %guest    %gnice     %idle
18:13:21        all      0,00      0,00      0,00      0,04      0,00      0,00     12,51      0,00      0,00     87,45
18:13:21          0      0,00      0,00      0,00      0,00      0,00      0,00     32,92      0,00      0,00     67,08
18:13:21          1      0,00      0,00      0,00      0,00      0,00      0,00     41,08      0,00      0,00     58,92
18:13:21          2      0,00      0,00      0,00      0,00      0,00      0,00     18,60      0,00      0,00     81,40
18:13:21          3      0,00      0,00      0,00      0,00      0,00      0,00     16,79      0,00      0,00     83,21
18:13:21          4      0,00      0,00      0,00      0,61      0,00      0,00     32,73      0,00      0,00     66,67
18:13:21          5      0,00      0,00      0,00      0,00      0,00      0,00     39,23      0,00      0,00     60,77
18:13:21          6      0,00      0,00      0,00      0,00      0,00      0,00     12,00      0,00      0,00     88,00
18:13:21          7      0,00      0,00      0,00      0,00      0,00      0,00     26,21      0,00      0,00     73,79
18:13:21          8      0,00      0,00      0,00      0,00      0,00      0,00      0,00      0,00      0,00    100,00
18:13:21          9      0,00      0,00      0,00      0,00      0,00      0,00      0,00      0,00      0,00    100,00
18:13:21         10      0,00      0,00      0,00      0,00      0,00      0,00      0,00      0,00      0,00    100,00
18:13:21         11      0,00      0,00      0,00      0,00      0,00      0,00      0,00      0,00      0,00    100,00
18:13:21         12      0,00      0,00      0,00      0,00      0,00      0,00      0,00      0,00      0,00    100,00
18:13:21         13      0,00      0,00      0,00      0,00      0,00      0,00      0,00      0,00      0,00    100,00
18:13:21         14      0,00      0,00      0,00      0,00      0,00      0,00      0,00      0,00      0,00    100,00
18:13:21         15      0,00      0,00      0,00      0,00      0,00      0,00      0,00      0,00      0,00    100,00

18:13:19        IFACE   rxpck/s   txpck/s    rxkB/s    txkB/s   rxcmp/s   txcmp/s  rxmcst/s   %ifutil
18:13:21           lo      0,00      0,00      0,00      0,00      0,00      0,00      0,00      0,00
18:13:21         eno1     10,00      3,50      0,95      0,40      0,00      0,00      1,00      0,00
18:13:21         eno2      0,00      0,00      0,00      0,00      0,00      0,00      0,00      0,00
18:13:21      docker0      0,00      0,00      0,00      0,00      0,00      0,00      0,00      0,00
18:13:21      ens2np0 2349714,50 2349705,00 1165678,68 1165673,96      0,00      0,00      0,00     95,49
18:13:21      ens2np1      0,00      0,00      0,00      0,00      0,00      0,00      0,00      0,00

18:13:21        CPU      %usr     %nice      %sys   %iowait    %steal      %irq     %soft    %guest    %gnice     %idle
18:13:23        all      0,32      0,00      0,39      0,04      0,00      0,00     12,06      0,00      0,00     87,19
18:13:23          0      0,00      0,00      0,61      0,00      0,00      0,00     32,93      0,00      0,00     66,46
18:13:23          1      0,00      0,00      1,25      0,62      0,00      0,00     31,25      0,00      0,00     66,88
18:13:23          2      0,00      0,00      0,65      0,00      0,00      0,00     31,17      0,00      0,00     68,18
18:13:23          3      0,00      0,00      0,78      0,00      0,00      0,00     14,84      0,00      0,00     84,38
18:13:23          4      0,00      0,00      0,52      0,00      0,00      0,00     42,41      0,00      0,00     57,07
18:13:23          5      0,00      0,00      0,00      0,00      0,00      0,00     18,66      0,00      0,00     81,34
18:13:23          6      0,70      0,00      0,00      0,00      0,00      0,00     21,83      0,00      0,00     77,46
18:13:23          7      0,00      0,00      0,00      0,00      0,00      0,00     22,46      0,00      0,00     77,54
18:13:23          8      0,00      0,00      0,00      0,00      0,00      0,00      0,00      0,00      0,00    100,00
18:13:23          9      0,00      0,00      0,00      0,00      0,00      0,00      0,00      0,00      0,00    100,00
18:13:23         10      0,50      0,00      0,50      0,00      0,00      0,00      0,00      0,00      0,00     99,00
18:13:23         11      0,50      0,00      0,00      0,00      0,00      0,00      0,00      0,00      0,00     99,50
18:13:23         12      0,50      0,00      1,00      0,00      0,00      0,00      0,00      0,00      0,00     98,50
18:13:23         13      1,99      0,00      0,50      0,00      0,00      0,00      0,00      0,00      0,00     97,51
18:13:23         14      0,50      0,00      0,50      0,00      0,00      0,00      0,00      0,00      0,00     98,99
18:13:23         15      0,00      0,00      0,00      0,00      0,00      0,00      0,00      0,00      0,00    100,00

18:13:21        IFACE   rxpck/s   txpck/s    rxkB/s    txkB/s   rxcmp/s   txcmp/s  rxmcst/s   %ifutil
18:13:23           lo      0,00      0,00      0,00      0,00      0,00      0,00      0,00      0,00
18:13:23         eno1      5,50      0,00      0,35      0,00      0,00      0,00      1,00      0,00
18:13:23         eno2      0,00      0,00      0,00      0,00      0,00      0,00      0,00      0,00
18:13:23      docker0      0,00      0,00      0,00      0,00      0,00      0,00      0,00      0,00
18:13:23      ens2np0 2349594,00 2349591,00 1165618,90 1165617,41      0,00      0,00      0,00     95,49
18:13:23      ens2np1      0,00      0,00      0,00      0,00      0,00      0,00      0,00      0,00

18:13:23        CPU      %usr     %nice      %sys   %iowait    %steal      %irq     %soft    %guest    %gnice     %idle
18:13:25        all      0,00      0,00      0,04      0,00      0,00      0,00      8,38      0,00      0,00     91,58
18:13:25          0      0,00      0,00      0,00      0,00      0,00      0,00     13,39      0,00      0,00     86,61
18:13:25          1      0,00      0,00      0,00      0,00      0,00      0,00     33,13      0,00      0,00     66,87
18:13:25          2      0,00      0,00      0,00      0,00      0,00      0,00     32,05      0,00      0,00     67,95
18:13:25          3      0,00      0,00      0,00      0,00      0,00      0,00      1,79      0,00      0,00     98,21
18:13:25          4      0,00      0,00      0,00      0,00      0,00      0,00     30,82      0,00      0,00     69,18
18:13:25          5      0,00      0,00      0,00      0,00      0,00      0,00     24,66      0,00      0,00     75,34
18:13:25          6      0,00      0,00      0,00      0,00      0,00      0,00      3,57      0,00      0,00     96,43
18:13:25          7      0,00      0,00      0,00      0,00      0,00      0,00     11,57      0,00      0,00     88,43
18:13:25          8      0,00      0,00      0,00      0,00      0,00      0,00      0,00      0,00      0,00    100,00
18:13:25          9      0,00      0,00      0,50      0,00      0,00      0,00      0,00      0,00      0,00     99,50
18:13:25         10      0,00      0,00      0,00      0,00      0,00      0,00      0,00      0,00      0,00    100,00
18:13:25         11      0,00      0,00      0,00      0,00      0,00      0,00      0,00      0,00      0,00    100,00
18:13:25         12      0,00      0,00      0,00      0,00      0,00      0,00      0,00      0,00      0,00    100,00
18:13:25         13      0,00      0,00      0,00      0,00      0,00      0,00      0,00      0,00      0,00    100,00
18:13:25         14      0,00      0,00      0,00      0,00      0,00      0,00      0,00      0,00      0,00    100,00
18:13:25         15      0,00      0,00      0,00      0,00      0,00      0,00      0,00      0,00      0,00    100,00

18:13:23        IFACE   rxpck/s   txpck/s    rxkB/s    txkB/s   rxcmp/s   txcmp/s  rxmcst/s   %ifutil
18:13:25           lo      0,00      0,00      0,00      0,00      0,00      0,00      0,00      0,00
18:13:25         eno1      7,50      2,00      0,50      0,17      0,00      0,00      1,00      0,00
18:13:25         eno2      0,00      0,00      0,00      0,00      0,00      0,00      0,00      0,00
18:13:25      docker0      0,00      0,00      0,00      0,00      0,00      0,00      0,00      0,00
18:13:25      ens2np0 2349533,50 2349543,00 1165588,88 1165593,60      0,00      0,00      0,00     95,49
18:13:25      ens2np1      0,00      0,00      0,00      0,00      0,00      0,00      0,00      0,00

18:13:25        CPU      %usr     %nice      %sys   %iowait    %steal      %irq     %soft    %guest    %gnice     %idle
18:13:27        all      0,00      0,00      0,00      0,00      0,00      0,00      7,46      0,00      0,00     92,54
18:13:27          0      0,00      0,00      0,00      0,00      0,00      0,00     25,00      0,00      0,00     75,00
18:13:27          1      0,00      0,00      0,00      0,00      0,00      0,00     33,74      0,00      0,00     66,26
18:13:27          2      0,00      0,00      0,00      0,00      0,00      0,00     26,06      0,00      0,00     73,94
18:13:27          3      0,00      0,00      0,00      0,00      0,00      0,00      0,00      0,00      0,00    100,00
18:13:27          4      0,00      0,00      0,00      0,00      0,00      0,00     25,68      0,00      0,00     74,32
18:13:27          5      0,00      0,00      0,00      0,00      0,00      0,00     16,54      0,00      0,00     83,46
18:13:27          6      0,00      0,00      0,00      0,00      0,00      0,00      7,63      0,00      0,00     92,37
18:13:27          7      0,00      0,00      0,00      0,00      0,00      0,00      1,82      0,00      0,00     98,18
18:13:27          8      0,00      0,00      0,00      0,00      0,00      0,00      0,00      0,00      0,00    100,00
18:13:27          9      0,00      0,00      0,00      0,00      0,00      0,00      0,00      0,00      0,00    100,00
18:13:27         10      0,00      0,00      0,00      0,00      0,00      0,00      0,00      0,00      0,00    100,00
18:13:27         11      0,00      0,00      0,00      0,00      0,00      0,00      0,00      0,00      0,00    100,00
18:13:27         12      0,00      0,00      0,00      0,00      0,00      0,00      0,00      0,00      0,00    100,00
18:13:27         13      0,00      0,00      0,00      0,00      0,00      0,00      0,00      0,00      0,00    100,00
18:13:27         14      0,00      0,00      0,00      0,00      0,00      0,00      0,00      0,00      0,00    100,00
18:13:27         15      0,00      0,00      0,00      0,00      0,00      0,00      0,00      0,00      0,00    100,00

18:13:25        IFACE   rxpck/s   txpck/s    rxkB/s    txkB/s   rxcmp/s   txcmp/s  rxmcst/s   %ifutil
18:13:27           lo      0,00      0,00      0,00      0,00      0,00      0,00      0,00      0,00
18:13:27         eno1      7,00      0,00      0,44      0,00      0,00      0,00      1,00      0,00
18:13:27         eno2      0,00      0,00      0,00      0,00      0,00      0,00      0,00      0,00
18:13:27      docker0      0,00      0,00      0,00      0,00      0,00      0,00      0,00      0,00
18:13:27      ens2np0 2349868,50 2349896,50 1165755,08 1165768,97      0,00      0,00      0,00     95,50
18:13:27      ens2np1      0,00      0,00      0,00      0,00      0,00      0,00      0,00      0,00

18:13:27        CPU      %usr     %nice      %sys   %iowait    %steal      %irq     %soft    %guest    %gnice     %idle
18:13:29        all      0,04      0,00      0,00      0,00      0,00      0,00      7,88      0,00      0,00     92,09
18:13:29          0      0,00      0,00      0,00      0,00      0,00      0,00     22,86      0,00      0,00     77,14
18:13:29          1      0,00      0,00      0,00      0,00      0,00      0,00     40,00      0,00      0,00     60,00
18:13:29          2      0,00      0,00      0,00      0,00      0,00      0,00     36,90      0,00      0,00     63,10
18:13:29          3      0,00      0,00      0,00      0,00      0,00      0,00      1,80      0,00      0,00     98,20
18:13:29          4      0,00      0,00      0,00      0,00      0,00      0,00     19,12      0,00      0,00     80,88
18:13:29          5      0,00      0,00      0,00      0,00      0,00      0,00     10,57      0,00      0,00     89,43
18:13:29          6      0,00      0,00      0,00      0,00      0,00      0,00      2,65      0,00      0,00     97,35
18:13:29          7      0,00      0,00      0,00      0,00      0,00      0,00      0,93      0,00      0,00     99,07
18:13:29          8      0,00      0,00      0,00      0,00      0,00      0,00      0,00      0,00      0,00    100,00
18:13:29          9      0,00      0,00      0,00      0,00      0,00      0,00      0,00      0,00      0,00    100,00
18:13:29         10      0,00      0,00      0,00      0,00      0,00      0,00      0,00      0,00      0,00    100,00
18:13:29         11      0,00      0,00      0,00      0,00      0,00      0,00      0,00      0,00      0,00    100,00
18:13:29         12      0,00      0,00      0,00      0,00      0,00      0,00      0,00      0,00      0,00    100,00
18:13:29         13      0,00      0,00      0,00      0,00      0,00      0,00      0,00      0,00      0,00    100,00
18:13:29         14      0,00      0,00      0,00      0,00      0,00      0,00      0,00      0,00      0,00    100,00
18:13:29         15      0,50      0,00      0,00      0,00      0,00      0,00      0,00      0,00      0,00     99,50

18:13:27        IFACE   rxpck/s   txpck/s    rxkB/s    txkB/s   rxcmp/s   txcmp/s  rxmcst/s   %ifutil
18:13:29           lo      0,00      0,00      0,00      0,00      0,00      0,00      0,00      0,00
18:13:29         eno1      5,50      1,00      0,35      0,07      0,00      0,00      1,00      0,00
18:13:29         eno2      0,00      0,00      0,00      0,00      0,00      0,00      0,00      0,00
18:13:29      docker0      0,00      0,00      0,00      0,00      0,00      0,00      0,00      0,00
18:13:29      ens2np0 2349561,00 2349554,00 1165602,53 1165599,05      0,00      0,00      0,00     95,49
18:13:29      ens2np1      0,00      0,00      0,00      0,00      0,00      0,00      0,00      0,00

18:13:29        CPU      %usr     %nice      %sys   %iowait    %steal      %irq     %soft    %guest    %gnice     %idle
18:13:31        all      0,04      0,00      0,04      0,00      0,00      0,00      7,90      0,00      0,00     92,02
18:13:31          0      0,00      0,00      0,00      0,00      0,00      0,00      6,09      0,00      0,00     93,91
18:13:31          1      0,00      0,00      0,00      0,00      0,00      0,00     36,26      0,00      0,00     63,74
18:13:31          2      0,00      0,00      0,00      0,00      0,00      0,00     26,57      0,00      0,00     73,43
18:13:31          3      0,00      0,00      0,00      0,00      0,00      0,00     17,91      0,00      0,00     82,09
18:13:31          4      0,00      0,00      0,00      0,00      0,00      0,00     33,13      0,00      0,00     66,87
18:13:31          5      0,00      0,00      0,00      0,00      0,00      0,00     19,71      0,00      0,00     80,29
18:13:31          6      0,00      0,00      0,00      0,00      0,00      0,00      0,00      0,00      0,00    100,00
18:13:31          7      0,00      0,00      0,00      0,00      0,00      0,00      0,00      0,00      0,00    100,00
18:13:31          8      0,00      0,00      0,00      0,00      0,00      0,00      0,00      0,00      0,00    100,00
18:13:31          9      0,00      0,00      0,00      0,00      0,00      0,00      0,00      0,00      0,00    100,00
18:13:31         10      0,00      0,00      0,00      0,00      0,00      0,00      0,00      0,00      0,00    100,00
18:13:31         11      0,50      0,00      0,00      0,00      0,00      0,00      0,00      0,00      0,00     99,50
18:13:31         12      0,00      0,00      0,00      0,00      0,00      0,00      0,00      0,00      0,00    100,00
18:13:31         13      0,00      0,00      0,00      0,00      0,00      0,00      0,00      0,00      0,00    100,00
18:13:31         14      0,00      0,00      0,00      0,00      0,00      0,00      0,00      0,00      0,00    100,00
18:13:31         15      0,00      0,00      0,50      0,00      0,00      0,00      0,00      0,00      0,00     99,50

18:13:29        IFACE   rxpck/s   txpck/s    rxkB/s    txkB/s   rxcmp/s   txcmp/s  rxmcst/s   %ifutil
18:13:31           lo      0,00      0,00      0,00      0,00      0,00      0,00      0,00      0,00
18:13:31         eno1      9,00      4,50      0,84      0,97      0,00      0,00      1,00      0,00
18:13:31         eno2      0,00      0,00      0,00      0,00      0,00      0,00      0,00      0,00
18:13:31      docker0      0,00      0,00      0,00      0,00      0,00      0,00      0,00      0,00
18:13:31      ens2np0 2349771,00 2349757,00 1165706,71 1165699,76      0,00      0,00      0,00     95,49
18:13:31      ens2np1      0,00      0,00      0,00      0,00      0,00      0,00      0,00      0,00

Average:        CPU      %usr     %nice      %sys   %iowait    %steal      %irq     %soft    %guest    %gnice     %idle
Average:        all      0,07      0,00      0,05      0,01      0,00      0,00      6,49      0,00      0,00     93,39
Average:          0      0,08      0,00      0,10      0,03      0,00      0,00     17,51      0,00      0,00     82,28
Average:          1      0,05      0,00      0,07      0,02      0,00      0,00     24,46      0,00      0,00     75,39
Average:          2      0,00      0,00      0,03      0,03      0,00      0,00     18,61      0,00      0,00     81,34
Average:          3      0,00      0,00      0,06      0,03      0,00      0,00      8,51      0,00      0,00     91,40
Average:          4      0,05      0,00      0,03      0,03      0,00      0,00     17,75      0,00      0,00     82,15
Average:          5      0,03      0,00      0,03      0,00      0,00      0,00     14,69      0,00      0,00     85,26
Average:          6      0,03      0,00      0,00      0,00      0,00      0,00      8,37      0,00      0,00     91,61
Average:          7      0,03      0,00      0,00      0,00      0,00      0,00      7,86      0,00      0,00     92,11
Average:          8      0,04      0,00      0,02      0,00      0,00      0,00      0,00      0,00      0,00     99,94
Average:          9      0,04      0,00      0,02      0,00      0,00      0,00      0,00      0,00      0,00     99,94
Average:         10      0,08      0,00      0,10      0,00      0,00      0,00      0,00      0,00      0,00     99,82
Average:         11      0,10      0,00      0,04      0,00      0,00      0,00      0,00      0,00      0,00     99,86
Average:         12      0,08      0,00      0,10      0,00      0,00      0,00      0,00      0,00      0,00     99,82
Average:         13      0,24      0,00      0,08      0,00      0,00      0,00      0,00      0,00      0,00     99,68
Average:         14      0,08      0,00      0,02      0,00      0,00      0,00      0,00      0,00      0,00     99,90
Average:         15      0,10      0,00      0,06      0,00      0,00      0,00      0,00      0,00      0,00     99,84

Average:        IFACE   rxpck/s   txpck/s    rxkB/s    txkB/s   rxcmp/s   txcmp/s  rxmcst/s   %ifutil
Average:           lo      0,04      0,04      0,00      0,00      0,00      0,00      0,00      0,00
Average:         eno1      7,22      1,42      0,61      0,26      0,00      0,00      1,12      0,00
Average:         eno2      0,00      0,00      0,00      0,00      0,00      0,00      0,00      0,00
Average:      docker0      0,00      0,00      0,00      0,00      0,00      0,00      0,00      0,00
Average:      ens2np0 1842906,44 1842891,76 914254,37 914247,07      0,00      0,00      0,00     74,90
Average:      ens2np1      0,00      0,00      0,00      0,00      0,00      0,00      0,00      0,00
