Linux 5.13.0-52-generic (w1) 	21/07/2022 	_x86_64_	(16 CPU)

18:50:58        CPU      %usr     %nice      %sys   %iowait    %steal      %irq     %soft    %guest    %gnice     %idle
18:51:00        all      0,09      0,00      0,06      0,00      0,00      0,00      0,00      0,00      0,00     99,84
18:51:00          0      0,50      0,00      0,00      0,00      0,00      0,00      0,00      0,00      0,00     99,50
18:51:00          1      0,00      0,00      0,00      0,00      0,00      0,00      0,00      0,00      0,00    100,00
18:51:00          2      0,00      0,00      0,00      0,00      0,00      0,00      0,00      0,00      0,00    100,00
18:51:00          3      0,00      0,00      0,00      0,00      0,00      0,00      0,00      0,00      0,00    100,00
18:51:00          4      0,00      0,00      0,00      0,00      0,00      0,00      0,00      0,00      0,00    100,00
18:51:00          5      0,00      0,00      0,00      0,00      0,00      0,00      0,00      0,00      0,00    100,00
18:51:00          6      0,00      0,00      0,00      0,00      0,00      0,00      0,00      0,00      0,00    100,00
18:51:00          7      0,00      0,00      0,00      0,00      0,00      0,00      0,00      0,00      0,00    100,00
18:51:00          8      0,00      0,00      0,00      0,00      0,00      0,00      0,00      0,00      0,00    100,00
18:51:00          9      0,00      0,00      0,00      0,00      0,00      0,00      0,00      0,00      0,00    100,00
18:51:00         10      0,50      0,00      0,50      0,00      0,00      0,00      0,00      0,00      0,00     99,00
18:51:00         11      0,00      0,00      0,00      0,00      0,00      0,00      0,00      0,00      0,00    100,00
18:51:00         12      0,00      0,00      0,50      0,00      0,00      0,00      0,00      0,00      0,00     99,50
18:51:00         13      0,00      0,00      0,00      0,00      0,00      0,00      0,00      0,00      0,00    100,00
18:51:00         14      0,50      0,00      0,00      0,00      0,00      0,00      0,00      0,00      0,00     99,50
18:51:00         15      0,00      0,00      0,00      0,00      0,00      0,00      0,00      0,00      0,00    100,00

18:50:58        IFACE   rxpck/s   txpck/s    rxkB/s    txkB/s   rxcmp/s   txcmp/s  rxmcst/s   %ifutil
18:51:00           lo      2,00      2,00      0,16      0,16      0,00      0,00      0,00      0,00
18:51:00         eno1     24,50     20,50      4,03      3,62      0,00      0,00      1,00      0,00
18:51:00         eno2      0,00      0,00      0,00      0,00      0,00      0,00      0,00      0,00
18:51:00      docker0      0,00      0,00      0,00      0,00      0,00      0,00      0,00      0,00
18:51:00      ens2np0      0,00      3,50      0,00      0,37      0,00      0,00      0,00      0,00
18:51:00      ens2np1      0,00      0,00      0,00      0,00      0,00      0,00      0,00      0,00

18:51:00        CPU      %usr     %nice      %sys   %iowait    %steal      %irq     %soft    %guest    %gnice     %idle
18:51:02        all      0,03      0,00      0,06      0,00      0,00      0,00      0,00      0,00      0,00     99,91
18:51:02          0      0,00      0,00      0,00      0,00      0,00      0,00      0,00      0,00      0,00    100,00
18:51:02          1      0,00      0,00      0,00      0,00      0,00      0,00      0,00      0,00      0,00    100,00
18:51:02          2      0,00      0,00      0,50      0,00      0,00      0,00      0,00      0,00      0,00     99,50
18:51:02          3      0,00      0,00      0,00      0,00      0,00      0,00      0,00      0,00      0,00    100,00
18:51:02          4      0,00      0,00      0,50      0,00      0,00      0,00      0,00      0,00      0,00     99,50
18:51:02          5      0,00      0,00      0,00      0,00      0,00      0,00      0,00      0,00      0,00    100,00
18:51:02          6      0,00      0,00      0,00      0,00      0,00      0,00      0,00      0,00      0,00    100,00
18:51:02          7      0,00      0,00      0,00      0,00      0,00      0,00      0,00      0,00      0,00    100,00
18:51:02          8      0,00      0,00      0,00      0,00      0,00      0,00      0,00      0,00      0,00    100,00
18:51:02          9      0,00      0,00      0,00      0,00      0,00      0,00      0,00      0,00      0,00    100,00
18:51:02         10      0,00      0,00      0,00      0,00      0,00      0,00      0,00      0,00      0,00    100,00
18:51:02         11      0,50      0,00      0,00      0,00      0,00      0,00      0,00      0,00      0,00     99,50
18:51:02         12      0,00      0,00      0,00      0,00      0,00      0,00      0,00      0,00      0,00    100,00
18:51:02         13      0,00      0,00      0,00      0,00      0,00      0,00      0,00      0,00      0,00    100,00
18:51:02         14      0,00      0,00      0,00      0,00      0,00      0,00      0,00      0,00      0,00    100,00
18:51:02         15      0,00      0,00      0,00      0,00      0,00      0,00      0,00      0,00      0,00    100,00

18:51:00        IFACE   rxpck/s   txpck/s    rxkB/s    txkB/s   rxcmp/s   txcmp/s  rxmcst/s   %ifutil
18:51:02           lo      2,00      2,00      0,16      0,16      0,00      0,00      0,00      0,00
18:51:02         eno1      6,50      0,50      0,45      0,04      0,00      0,00      1,00      0,00
18:51:02         eno2      0,00      0,00      0,00      0,00      0,00      0,00      0,00      0,00
18:51:02      docker0      0,00      0,00      0,00      0,00      0,00      0,00      0,00      0,00
18:51:02      ens2np0      0,00      0,50      0,00      0,04      0,00      0,00      0,00      0,00
18:51:02      ens2np1      0,00      0,00      0,00      0,00      0,00      0,00      0,00      0,00

18:51:02        CPU      %usr     %nice      %sys   %iowait    %steal      %irq     %soft    %guest    %gnice     %idle
18:51:04        all      0,00      0,00      0,00      0,03      0,00      0,00      0,00      0,00      0,00     99,97
18:51:04          0      0,00      0,00      0,00      0,00      0,00      0,00      0,00      0,00      0,00    100,00
18:51:04          1      0,00      0,00      0,00      0,00      0,00      0,00      0,00      0,00      0,00    100,00
18:51:04          2      0,00      0,00      0,00      0,50      0,00      0,00      0,00      0,00      0,00     99,50
18:51:04          3      0,00      0,00      0,00      0,00      0,00      0,00      0,00      0,00      0,00    100,00
18:51:04          4      0,00      0,00      0,00      0,00      0,00      0,00      0,00      0,00      0,00    100,00
18:51:04          5      0,00      0,00      0,00      0,00      0,00      0,00      0,00      0,00      0,00    100,00
18:51:04          6      0,00      0,00      0,00      0,00      0,00      0,00      0,00      0,00      0,00    100,00
18:51:04          7      0,00      0,00      0,00      0,00      0,00      0,00      0,00      0,00      0,00    100,00
18:51:04          8      0,00      0,00      0,00      0,00      0,00      0,00      0,00      0,00      0,00    100,00
18:51:04          9      0,00      0,00      0,00      0,00      0,00      0,00      0,00      0,00      0,00    100,00
18:51:04         10      0,00      0,00      0,00      0,00      0,00      0,00      0,00      0,00      0,00    100,00
18:51:04         11      0,00      0,00      0,00      0,00      0,00      0,00      0,00      0,00      0,00    100,00
18:51:04         12      0,00      0,00      0,00      0,00      0,00      0,00      0,00      0,00      0,00    100,00
18:51:04         13      0,00      0,00      0,00      0,00      0,00      0,00      0,00      0,00      0,00    100,00
18:51:04         14      0,00      0,00      0,00      0,00      0,00      0,00      0,00      0,00      0,00    100,00
18:51:04         15      0,00      0,00      0,00      0,00      0,00      0,00      0,00      0,00      0,00    100,00

18:51:02        IFACE   rxpck/s   txpck/s    rxkB/s    txkB/s   rxcmp/s   txcmp/s  rxmcst/s   %ifutil
18:51:04           lo      0,00      0,00      0,00      0,00      0,00      0,00      0,00      0,00
18:51:04         eno1      9,00      0,00      0,70      0,00      0,00      0,00      1,00      0,00
18:51:04         eno2      0,00      0,00      0,00      0,00      0,00      0,00      0,00      0,00
18:51:04      docker0      0,00      0,00      0,00      0,00      0,00      0,00      0,00      0,00
18:51:04      ens2np0      0,00      0,50      0,00      0,06      0,00      0,00      0,00      0,00
18:51:04      ens2np1      0,00      0,00      0,00      0,00      0,00      0,00      0,00      0,00

18:51:04        CPU      %usr     %nice      %sys   %iowait    %steal      %irq     %soft    %guest    %gnice     %idle
18:51:06        all      0,03      0,00      0,00      0,00      0,00      0,00      0,00      0,00      0,00     99,97
18:51:06          0      0,00      0,00      0,00      0,00      0,00      0,00      0,00      0,00      0,00    100,00
18:51:06          1      0,00      0,00      0,00      0,00      0,00      0,00      0,00      0,00      0,00    100,00
18:51:06          2      0,00      0,00      0,00      0,00      0,00      0,00      0,00      0,00      0,00    100,00
18:51:06          3      0,00      0,00      0,00      0,00      0,00      0,00      0,00      0,00      0,00    100,00
18:51:06          4      0,50      0,00      0,00      0,00      0,00      0,00      0,00      0,00      0,00     99,50
18:51:06          5      0,00      0,00      0,00      0,00      0,00      0,00      0,00      0,00      0,00    100,00
18:51:06          6      0,00      0,00      0,00      0,00      0,00      0,00      0,00      0,00      0,00    100,00
18:51:06          7      0,00      0,00      0,00      0,00      0,00      0,00      0,00      0,00      0,00    100,00
18:51:06          8      0,00      0,00      0,00      0,00      0,00      0,00      0,00      0,00      0,00    100,00
18:51:06          9      0,00      0,00      0,00      0,00      0,00      0,00      0,00      0,00      0,00    100,00
18:51:06         10      0,00      0,00      0,00      0,00      0,00      0,00      0,00      0,00      0,00    100,00
18:51:06         11      0,00      0,00      0,00      0,00      0,00      0,00      0,00      0,00      0,00    100,00
18:51:06         12      0,00      0,00      0,00      0,00      0,00      0,00      0,00      0,00      0,00    100,00
18:51:06         13      0,00      0,00      0,00      0,00      0,00      0,00      0,00      0,00      0,00    100,00
18:51:06         14      0,00      0,00      0,00      0,00      0,00      0,00      0,00      0,00      0,00    100,00
18:51:06         15      0,00      0,00      0,00      0,00      0,00      0,00      0,00      0,00      0,00    100,00

18:51:04        IFACE   rxpck/s   txpck/s    rxkB/s    txkB/s   rxcmp/s   txcmp/s  rxmcst/s   %ifutil
18:51:06           lo      0,00      0,00      0,00      0,00      0,00      0,00      0,00      0,00
18:51:06         eno1      7,50      0,50      0,48      0,04      0,00      0,00      1,00      0,00
18:51:06         eno2      0,00      0,00      0,00      0,00      0,00      0,00      0,00      0,00
18:51:06      docker0      0,00      0,00      0,00      0,00      0,00      0,00      0,00      0,00
18:51:06      ens2np0      0,00      0,50      0,00      0,04      0,00      0,00      0,00      0,00
18:51:06      ens2np1      0,00      0,00      0,00      0,00      0,00      0,00      0,00      0,00

18:51:06        CPU      %usr     %nice      %sys   %iowait    %steal      %irq     %soft    %guest    %gnice     %idle
18:51:08        all      0,59      0,00      0,16      0,00      0,00      0,00      0,00      0,00      0,00     99,25
18:51:08          0      0,50      0,00      0,00      0,00      0,00      0,00      0,00      0,00      0,00     99,50
18:51:08          1      0,50      0,00      0,50      0,00      0,00      0,00      0,00      0,00      0,00     99,01
18:51:08          2      0,50      0,00      0,00      0,00      0,00      0,00      0,00      0,00      0,00     99,50
18:51:08          3      0,50      0,00      0,00      0,00      0,00      0,00      0,00      0,00      0,00     99,50
18:51:08          4      0,50      0,00      0,50      0,00      0,00      0,00      0,00      0,00      0,00     99,00
18:51:08          5      0,50      0,00      0,00      0,00      0,00      0,00      0,00      0,00      0,00     99,50
18:51:08          6      0,50      0,00      0,00      0,00      0,00      0,00      0,00      0,00      0,00     99,50
18:51:08          7      1,01      0,00      0,00      0,00      0,00      0,00      0,00      0,00      0,00     98,99
18:51:08          8      1,00      0,00      0,00      0,00      0,00      0,00      0,00      0,00      0,00     99,00
18:51:08          9      0,00      0,00      0,00      0,00      0,00      0,00      0,00      0,00      0,00    100,00
18:51:08         10      0,50      0,00      0,00      0,00      0,00      0,00      0,00      0,00      0,00     99,50
18:51:08         11      0,50      0,00      0,50      0,00      0,00      0,00      0,00      0,00      0,00     99,00
18:51:08         12      0,50      0,00      0,00      0,00      0,00      0,00      0,00      0,00      0,00     99,50
18:51:08         13      0,50      0,00      0,00      0,00      0,00      0,00      0,00      0,00      0,00     99,50
18:51:08         14      1,49      0,00      0,50      0,00      0,00      0,00      0,00      0,00      0,00     98,01
18:51:08         15      0,50      0,00      0,50      0,00      0,00      0,00      0,00      0,00      0,00     99,00

18:51:06        IFACE   rxpck/s   txpck/s    rxkB/s    txkB/s   rxcmp/s   txcmp/s  rxmcst/s   %ifutil
18:51:08           lo      0,00      0,00      0,00      0,00      0,00      0,00      0,00      0,00
18:51:08         eno1     13,00      1,50      1,37      0,12      0,00      0,00      1,00      0,00
18:51:08         eno2      0,00      0,00      0,00      0,00      0,00      0,00      0,00      0,00
18:51:08      docker0      0,00      0,00      0,00      0,00      0,00      0,00      0,00      0,00
18:51:08      ens2np0      0,00      0,00      0,00      0,00      0,00      0,00      0,00      0,00
18:51:08      ens2np1      0,00      0,00      0,00      0,00      0,00      0,00      0,00      0,00

18:51:08        CPU      %usr     %nice      %sys   %iowait    %steal      %irq     %soft    %guest    %gnice     %idle
18:51:10        all      0,12      0,00      0,00      0,00      0,00      0,00     23,81      0,00      0,00     76,06
18:51:10          0      0,00      0,00      0,00      0,00      0,00      0,00     47,00      0,00      0,00     53,00
18:51:10          1      0,50      0,00      0,00      0,00      0,00      0,00     46,77      0,00      0,00     52,74
18:51:10          2      0,00      0,00      0,00      0,00      0,00      0,00     49,76      0,00      0,00     50,24
18:51:10          3      0,00      0,00      0,00      0,00      0,00      0,00     47,09      0,00      0,00     52,91
18:51:10          4      0,00      0,00      0,00      0,00      0,00      0,00     47,06      0,00      0,00     52,94
18:51:10          5      0,00      0,00      0,00      0,00      0,00      0,00     46,00      0,00      0,00     54,00
18:51:10          6      0,00      0,00      0,00      0,00      0,00      0,00     47,34      0,00      0,00     52,66
18:51:10          7      0,00      0,00      0,00      0,00      0,00      0,00     47,24      0,00      0,00     52,76
18:51:10          8      0,50      0,00      0,00      0,00      0,00      0,00      0,00      0,00      0,00     99,50
18:51:10          9      0,00      0,00      0,00      0,00      0,00      0,00      0,00      0,00      0,00    100,00
18:51:10         10      0,00      0,00      0,00      0,00      0,00      0,00      0,00      0,00      0,00    100,00
18:51:10         11      1,00      0,00      0,00      0,00      0,00      0,00      0,00      0,00      0,00     99,00
18:51:10         12      0,00      0,00      0,00      0,00      0,00      0,00      0,00      0,00      0,00    100,00
18:51:10         13      0,00      0,00      0,00      0,00      0,00      0,00      0,00      0,00      0,00    100,00
18:51:10         14      0,00      0,00      0,00      0,00      0,00      0,00      0,00      0,00      0,00    100,00
18:51:10         15      0,00      0,00      0,00      0,00      0,00      0,00      0,00      0,00      0,00    100,00

18:51:08        IFACE   rxpck/s   txpck/s    rxkB/s    txkB/s   rxcmp/s   txcmp/s  rxmcst/s   %ifutil
18:51:10           lo      4,00      4,00      0,44      0,44      0,00      0,00      0,00      0,00
18:51:10         eno1     11,00      4,00      1,00      0,41      0,00      0,00      1,00      0,00
18:51:10         eno2      0,00      0,00      0,00      0,00      0,00      0,00      0,00      0,00
18:51:10      docker0      0,00      0,00      0,00      0,00      0,00      0,00      0,00      0,00
18:51:10      ens2np0 9003944,00 8979320,00 527574,84 526132,03      0,00      0,00      0,00     43,22
18:51:10      ens2np1      0,00      0,00      0,00      0,00      0,00      0,00      0,00      0,00

18:51:10        CPU      %usr     %nice      %sys   %iowait    %steal      %irq     %soft    %guest    %gnice     %idle
18:51:12        all      0,00      0,00      0,03      0,00      0,00      0,00     37,66      0,00      0,00     62,30
18:51:12          0      0,00      0,00      0,00      0,00      0,00      0,00     76,96      0,00      0,00     23,04
18:51:12          1      0,00      0,00      0,00      0,00      0,00      0,00     76,24      0,00      0,00     23,76
18:51:12          2      0,00      0,00      0,00      0,00      0,00      0,00     78,97      0,00      0,00     21,03
18:51:12          3      0,00      0,00      0,00      0,00      0,00      0,00     73,68      0,00      0,00     26,32
18:51:12          4      0,00      0,00      0,00      0,00      0,00      0,00     73,44      0,00      0,00     26,56
18:51:12          5      0,00      0,00      0,00      0,00      0,00      0,00     74,63      0,00      0,00     25,37
18:51:12          6      0,00      0,00      0,50      0,00      0,00      0,00     74,00      0,00      0,00     25,50
18:51:12          7      0,00      0,00      0,00      0,00      0,00      0,00     77,23      0,00      0,00     22,77
18:51:12          8      0,00      0,00      0,00      0,00      0,00      0,00      0,00      0,00      0,00    100,00
18:51:12          9      0,00      0,00      0,00      0,00      0,00      0,00      0,00      0,00      0,00    100,00
18:51:12         10      0,00      0,00      0,00      0,00      0,00      0,00      0,00      0,00      0,00    100,00
18:51:12         11      0,00      0,00      0,00      0,00      0,00      0,00      0,00      0,00      0,00    100,00
18:51:12         12      0,00      0,00      0,00      0,00      0,00      0,00      0,00      0,00      0,00    100,00
18:51:12         13      0,00      0,00      0,00      0,00      0,00      0,00      0,00      0,00      0,00    100,00
18:51:12         14      0,00      0,00      0,00      0,00      0,00      0,00      0,00      0,00      0,00    100,00
18:51:12         15      0,00      0,00      0,00      0,00      0,00      0,00      0,00      0,00      0,00    100,00

18:51:10        IFACE   rxpck/s   txpck/s    rxkB/s    txkB/s   rxcmp/s   txcmp/s  rxmcst/s   %ifutil
18:51:12           lo      0,00      0,00      0,00      0,00      0,00      0,00      0,00      0,00
18:51:12         eno1      7,00      0,00      0,44      0,00      0,00      0,00      1,00      0,00
18:51:12         eno2      0,00      0,00      0,00      0,00      0,00      0,00      0,00      0,00
18:51:12      docker0      0,00      0,00      0,00      0,00      0,00      0,00      0,00      0,00
18:51:12      ens2np0 14875203,50 14875048,00 871593,93 871584,84      0,00      0,00      0,00     71,40
18:51:12      ens2np1      0,00      0,00      0,00      0,00      0,00      0,00      0,00      0,00

18:51:12        CPU      %usr     %nice      %sys   %iowait    %steal      %irq     %soft    %guest    %gnice     %idle
18:51:14        all      0,00      0,00      0,00      0,00      0,00      0,00     38,41      0,00      0,00     61,59
18:51:14          0      0,00      0,00      0,00      0,00      0,00      0,00     75,77      0,00      0,00     24,23
18:51:14          1      0,00      0,00      0,00      0,00      0,00      0,00     77,03      0,00      0,00     22,97
18:51:14          2      0,00      0,00      0,00      0,00      0,00      0,00     79,21      0,00      0,00     20,79
18:51:14          3      0,00      0,00      0,00      0,00      0,00      0,00     75,61      0,00      0,00     24,39
18:51:14          4      0,00      0,00      0,00      0,00      0,00      0,00     74,63      0,00      0,00     25,37
18:51:14          5      0,00      0,00      0,00      0,00      0,00      0,00     75,24      0,00      0,00     24,76
18:51:14          6      0,00      0,00      0,00      0,00      0,00      0,00     74,51      0,00      0,00     25,49
18:51:14          7      0,00      0,00      0,00      0,00      0,00      0,00     77,34      0,00      0,00     22,66
18:51:14          8      0,00      0,00      0,00      0,00      0,00      0,00      0,00      0,00      0,00    100,00
18:51:14          9      0,00      0,00      0,00      0,00      0,00      0,00      0,00      0,00      0,00    100,00
18:51:14         10      0,00      0,00      0,00      0,00      0,00      0,00      0,00      0,00      0,00    100,00
18:51:14         11      0,00      0,00      0,00      0,00      0,00      0,00      0,00      0,00      0,00    100,00
18:51:14         12      0,00      0,00      0,00      0,00      0,00      0,00      0,00      0,00      0,00    100,00
18:51:14         13      0,00      0,00      0,00      0,00      0,00      0,00      0,00      0,00      0,00    100,00
18:51:14         14      0,00      0,00      0,00      0,00      0,00      0,00      0,00      0,00      0,00    100,00
18:51:14         15      0,00      0,00      0,00      0,00      0,00      0,00      0,00      0,00      0,00    100,00

18:51:12        IFACE   rxpck/s   txpck/s    rxkB/s    txkB/s   rxcmp/s   txcmp/s  rxmcst/s   %ifutil
18:51:14           lo      0,00      0,00      0,00      0,00      0,00      0,00      0,00      0,00
18:51:14         eno1      8,00      1,00      0,65      0,09      0,00      0,00      1,00      0,00
18:51:14         eno2      0,00      0,00      0,00      0,00      0,00      0,00      0,00      0,00
18:51:14      docker0      0,00      0,00      0,00      0,00      0,00      0,00      0,00      0,00
18:51:14      ens2np0 14876494,00 14873884,50 871669,60 871516,68      0,00      0,00      0,00     71,41
18:51:14      ens2np1      0,00      0,00      0,00      0,00      0,00      0,00      0,00      0,00

18:51:14        CPU      %usr     %nice      %sys   %iowait    %steal      %irq     %soft    %guest    %gnice     %idle
18:51:16        all      0,00      0,00      0,00      0,00      0,00      0,00     38,22      0,00      0,00     61,78
18:51:16          0      0,00      0,00      0,00      0,00      0,00      0,00     76,85      0,00      0,00     23,15
18:51:16          1      0,00      0,00      0,00      0,00      0,00      0,00     76,47      0,00      0,00     23,53
18:51:16          2      0,00      0,00      0,00      0,00      0,00      0,00     78,68      0,00      0,00     21,32
18:51:16          3      0,00      0,00      0,00      0,00      0,00      0,00     75,25      0,00      0,00     24,75
18:51:16          4      0,00      0,00      0,00      0,00      0,00      0,00     73,98      0,00      0,00     26,02
18:51:16          5      0,00      0,00      0,00      0,00      0,00      0,00     75,12      0,00      0,00     24,88
18:51:16          6      0,00      0,00      0,00      0,00      0,00      0,00     74,51      0,00      0,00     25,49
18:51:16          7      0,00      0,00      0,00      0,00      0,00      0,00     77,29      0,00      0,00     22,71
18:51:16          8      0,00      0,00      0,00      0,00      0,00      0,00      0,00      0,00      0,00    100,00
18:51:16          9      0,00      0,00      0,00      0,00      0,00      0,00      0,00      0,00      0,00    100,00
18:51:16         10      0,00      0,00      0,00      0,00      0,00      0,00      0,00      0,00      0,00    100,00
18:51:16         11      0,00      0,00      0,00      0,00      0,00      0,00      0,00      0,00      0,00    100,00
18:51:16         12      0,00      0,00      0,00      0,00      0,00      0,00      0,00      0,00      0,00    100,00
18:51:16         13      0,00      0,00      0,00      0,00      0,00      0,00      0,00      0,00      0,00    100,00
18:51:16         14      0,00      0,00      0,00      0,00      0,00      0,00      0,00      0,00      0,00    100,00
18:51:16         15      0,00      0,00      0,00      0,00      0,00      0,00      0,00      0,00      0,00    100,00

18:51:14        IFACE   rxpck/s   txpck/s    rxkB/s    txkB/s   rxcmp/s   txcmp/s  rxmcst/s   %ifutil
18:51:16           lo      0,00      0,00      0,00      0,00      0,00      0,00      0,00      0,00
18:51:16         eno1      6,50      1,50      0,64      0,62      0,00      0,00      1,00      0,00
18:51:16         eno2      0,00      0,00      0,00      0,00      0,00      0,00      0,00      0,00
18:51:16      docker0      0,00      0,00      0,00      0,00      0,00      0,00      0,00      0,00
18:51:16      ens2np0 14876582,00 14876068,00 871674,73 871644,61      0,00      0,00      0,00     71,41
18:51:16      ens2np1      0,00      0,00      0,00      0,00      0,00      0,00      0,00      0,00

18:51:16        CPU      %usr     %nice      %sys   %iowait    %steal      %irq     %soft    %guest    %gnice     %idle
18:51:18        all      0,44      0,00      0,06      0,00      0,00      0,00     37,88      0,00      0,00     61,62
18:51:18          0      0,00      0,00      0,00      0,00      0,00      0,00     76,85      0,00      0,00     23,15
18:51:18          1      0,00      0,00      0,00      0,00      0,00      0,00     76,26      0,00      0,00     23,74
18:51:18          2      0,00      0,00      0,00      0,00      0,00      0,00     78,35      0,00      0,00     21,65
18:51:18          3      0,00      0,00      0,00      0,00      0,00      0,00     75,86      0,00      0,00     24,14
18:51:18          4      0,00      0,00      0,00      0,00      0,00      0,00     74,49      0,00      0,00     25,51
18:51:18          5      0,00      0,00      0,00      0,00      0,00      0,00     74,75      0,00      0,00     25,25
18:51:18          6      0,00      0,00      0,00      0,00      0,00      0,00     74,88      0,00      0,00     25,12
18:51:18          7      0,51      0,00      0,00      0,00      0,00      0,00     76,14      0,00      0,00     23,35
18:51:18          8      1,00      0,00      0,00      0,00      0,00      0,00      0,00      0,00      0,00     99,00
18:51:18          9      0,50      0,00      0,00      0,00      0,00      0,00      0,00      0,00      0,00     99,50
18:51:18         10      0,50      0,00      0,00      0,00      0,00      0,00      0,00      0,00      0,00     99,50
18:51:18         11      1,51      0,00      0,00      0,00      0,00      0,00      0,00      0,00      0,00     98,49
18:51:18         12      0,50      0,00      0,00      0,00      0,00      0,00      0,00      0,00      0,00     99,50
18:51:18         13      0,50      0,00      0,00      0,00      0,00      0,00      0,00      0,00      0,00     99,50
18:51:18         14      1,49      0,00      1,00      0,00      0,00      0,00      0,00      0,00      0,00     97,51
18:51:18         15      0,50      0,00      0,00      0,00      0,00      0,00      0,00      0,00      0,00     99,50

18:51:16        IFACE   rxpck/s   txpck/s    rxkB/s    txkB/s   rxcmp/s   txcmp/s  rxmcst/s   %ifutil
18:51:18           lo      0,00      0,00      0,00      0,00      0,00      0,00      0,00      0,00
18:51:18         eno1      8,00      0,00      0,56      0,00      0,00      0,00      1,50      0,00
18:51:18         eno2      0,00      0,00      0,00      0,00      0,00      0,00      0,00      0,00
18:51:18      docker0      0,00      0,00      0,00      0,00      0,00      0,00      0,00      0,00
18:51:18      ens2np0 14861428,50 14861576,50 870786,83 870795,50      0,00      0,00      0,00     71,34
18:51:18      ens2np1      0,00      0,00      0,00      0,00      0,00      0,00      0,00      0,00

18:51:18        CPU      %usr     %nice      %sys   %iowait    %steal      %irq     %soft    %guest    %gnice     %idle
18:51:20        all      0,03      0,00      0,00      0,00      0,00      0,00     38,06      0,00      0,00     61,90
18:51:20          0      0,00      0,00      0,00      0,00      0,00      0,00     76,85      0,00      0,00     23,15
18:51:20          1      0,00      0,00      0,00      0,00      0,00      0,00     75,74      0,00      0,00     24,26
18:51:20          2      0,00      0,00      0,00      0,00      0,00      0,00     78,68      0,00      0,00     21,32
18:51:20          3      0,00      0,00      0,00      0,00      0,00      0,00     74,11      0,00      0,00     25,89
18:51:20          4      0,48      0,00      0,00      0,00      0,00      0,00     74,88      0,00      0,00     24,64
18:51:20          5      0,00      0,00      0,00      0,00      0,00      0,00     74,11      0,00      0,00     25,89
18:51:20          6      0,00      0,00      0,00      0,00      0,00      0,00     74,63      0,00      0,00     25,37
18:51:20          7      0,00      0,00      0,00      0,00      0,00      0,00     77,56      0,00      0,00     22,44
18:51:20          8      0,00      0,00      0,00      0,00      0,00      0,00      0,00      0,00      0,00    100,00
18:51:20          9      0,00      0,00      0,00      0,00      0,00      0,00      0,00      0,00      0,00    100,00
18:51:20         10      0,00      0,00      0,00      0,00      0,00      0,00      0,00      0,00      0,00    100,00
18:51:20         11      0,00      0,00      0,00      0,00      0,00      0,00      0,00      0,00      0,00    100,00
18:51:20         12      0,00      0,00      0,00      0,00      0,00      0,00      0,00      0,00      0,00    100,00
18:51:20         13      0,00      0,00      0,00      0,00      0,00      0,00      0,00      0,00      0,00    100,00
18:51:20         14      0,00      0,00      0,00      0,00      0,00      0,00      0,00      0,00      0,00    100,00
18:51:20         15      0,00      0,00      0,00      0,00      0,00      0,00      0,00      0,00      0,00    100,00

18:51:18        IFACE   rxpck/s   txpck/s    rxkB/s    txkB/s   rxcmp/s   txcmp/s  rxmcst/s   %ifutil
18:51:20           lo      0,00      0,00      0,00      0,00      0,00      0,00      0,00      0,00
18:51:20         eno1      5,50      0,00      0,35      0,00      0,00      0,00      1,50      0,00
18:51:20         eno2      0,00      0,00      0,00      0,00      0,00      0,00      0,00      0,00
18:51:20      docker0      0,00      0,00      0,00      0,00      0,00      0,00      0,00      0,00
18:51:20      ens2np0 14876004,50 14876579,50 871640,89 871674,58      0,00      0,00      0,00     71,41
18:51:20      ens2np1      0,00      0,00      0,00      0,00      0,00      0,00      0,00      0,00

18:51:20        CPU      %usr     %nice      %sys   %iowait    %steal      %irq     %soft    %guest    %gnice     %idle
18:51:22        all      0,00      0,00      0,00      0,00      0,00      0,00     38,13      0,00      0,00     61,87
18:51:22          0      0,00      0,00      0,00      0,00      0,00      0,00     77,07      0,00      0,00     22,93
18:51:22          1      0,00      0,00      0,00      0,00      0,00      0,00     76,26      0,00      0,00     23,74
18:51:22          2      0,00      0,00      0,00      0,00      0,00      0,00     79,50      0,00      0,00     20,50
18:51:22          3      0,00      0,00      0,00      0,00      0,00      0,00     75,00      0,00      0,00     25,00
18:51:22          4      0,00      0,00      0,00      0,00      0,00      0,00     74,88      0,00      0,00     25,12
18:51:22          5      0,00      0,00      0,00      0,00      0,00      0,00     75,24      0,00      0,00     24,76
18:51:22          6      0,00      0,00      0,00      0,00      0,00      0,00     73,98      0,00      0,00     26,02
18:51:22          7      0,00      0,00      0,00      0,00      0,00      0,00     76,77      0,00      0,00     23,23
18:51:22          8      0,00      0,00      0,00      0,00      0,00      0,00      0,00      0,00      0,00    100,00
18:51:22          9      0,00      0,00      0,00      0,00      0,00      0,00      0,00      0,00      0,00    100,00
18:51:22         10      0,00      0,00      0,00      0,00      0,00      0,00      0,00      0,00      0,00    100,00
18:51:22         11      0,00      0,00      0,00      0,00      0,00      0,00      0,00      0,00      0,00    100,00
18:51:22         12      0,00      0,00      0,00      0,00      0,00      0,00      0,00      0,00      0,00    100,00
18:51:22         13      0,00      0,00      0,00      0,00      0,00      0,00      0,00      0,00      0,00    100,00
18:51:22         14      0,00      0,00      0,00      0,00      0,00      0,00      0,00      0,00      0,00    100,00
18:51:22         15      0,00      0,00      0,00      0,00      0,00      0,00      0,00      0,00      0,00    100,00

18:51:20        IFACE   rxpck/s   txpck/s    rxkB/s    txkB/s   rxcmp/s   txcmp/s  rxmcst/s   %ifutil
18:51:22           lo      0,00      0,00      0,00      0,00      0,00      0,00      0,00      0,00
18:51:22         eno1      7,00      0,00      0,44      0,00      0,00      0,00      1,50      0,00
18:51:22         eno2      0,00      0,00      0,00      0,00      0,00      0,00      0,00      0,00
18:51:22      docker0      0,00      0,00      0,00      0,00      0,00      0,00      0,00      0,00
18:51:22      ens2np0 14876521,50 14873260,00 871671,18 871480,08      0,00      0,00      0,00     71,41
18:51:22      ens2np1      0,00      0,00      0,00      0,00      0,00      0,00      0,00      0,00

18:51:22        CPU      %usr     %nice      %sys   %iowait    %steal      %irq     %soft    %guest    %gnice     %idle
18:51:24        all      0,00      0,00      0,00      0,00      0,00      0,00     38,10      0,00      0,00     61,90
18:51:24          0      0,00      0,00      0,00      0,00      0,00      0,00     76,62      0,00      0,00     23,38
18:51:24          1      0,00      0,00      0,00      0,00      0,00      0,00     74,74      0,00      0,00     25,26
18:51:24          2      0,00      0,00      0,00      0,00      0,00      0,00     79,81      0,00      0,00     20,19
18:51:24          3      0,00      0,00      0,00      0,00      0,00      0,00     74,37      0,00      0,00     25,63
18:51:24          4      0,00      0,00      0,00      0,00      0,00      0,00     75,12      0,00      0,00     24,88
18:51:24          5      0,00      0,00      0,00      0,00      0,00      0,00     74,11      0,00      0,00     25,89
18:51:24          6      0,00      0,00      0,00      0,00      0,00      0,00     75,00      0,00      0,00     25,00
18:51:24          7      0,00      0,00      0,00      0,00      0,00      0,00     76,85      0,00      0,00     23,15
18:51:24          8      0,00      0,00      0,00      0,00      0,00      0,00      0,00      0,00      0,00    100,00
18:51:24          9      0,00      0,00      0,00      0,00      0,00      0,00      0,00      0,00      0,00    100,00
18:51:24         10      0,00      0,00      0,00      0,00      0,00      0,00      0,00      0,00      0,00    100,00
18:51:24         11      0,00      0,00      0,00      0,00      0,00      0,00      0,00      0,00      0,00    100,00
18:51:24         12      0,00      0,00      0,00      0,00      0,00      0,00      0,00      0,00      0,00    100,00
18:51:24         13      0,00      0,00      0,00      0,00      0,00      0,00      0,00      0,00      0,00    100,00
18:51:24         14      0,00      0,00      0,00      0,00      0,00      0,00      0,00      0,00      0,00    100,00
18:51:24         15      0,00      0,00      0,00      0,00      0,00      0,00      0,00      0,00      0,00    100,00

18:51:22        IFACE   rxpck/s   txpck/s    rxkB/s    txkB/s   rxcmp/s   txcmp/s  rxmcst/s   %ifutil
18:51:24           lo      0,00      0,00      0,00      0,00      0,00      0,00      0,00      0,00
18:51:24         eno1      6,00      0,00      0,38      0,00      0,00      0,00      1,00      0,00
18:51:24         eno2      0,00      0,00      0,00      0,00      0,00      0,00      0,00      0,00
18:51:24      docker0      0,00      0,00      0,00      0,00      0,00      0,00      0,00      0,00
18:51:24      ens2np0 14874312,50 14874979,50 871541,75 871580,83      0,00      0,00      0,00     71,40
18:51:24      ens2np1      0,00      0,00      0,00      0,00      0,00      0,00      0,00      0,00

18:51:24        CPU      %usr     %nice      %sys   %iowait    %steal      %irq     %soft    %guest    %gnice     %idle
18:51:26        all      0,00      0,00      0,00      0,00      0,00      0,00     38,23      0,00      0,00     61,77
18:51:26          0      0,00      0,00      0,00      0,00      0,00      0,00     75,90      0,00      0,00     24,10
18:51:26          1      0,00      0,00      0,00      0,00      0,00      0,00     76,70      0,00      0,00     23,30
18:51:26          2      0,00      0,00      0,00      0,00      0,00      0,00     79,41      0,00      0,00     20,59
18:51:26          3      0,00      0,00      0,00      0,00      0,00      0,00     75,37      0,00      0,00     24,63
18:51:26          4      0,00      0,00      0,00      0,00      0,00      0,00     75,48      0,00      0,00     24,52
18:51:26          5      0,00      0,00      0,00      0,00      0,00      0,00     75,00      0,00      0,00     25,00
18:51:26          6      0,00      0,00      0,00      0,00      0,00      0,00     74,26      0,00      0,00     25,74
18:51:26          7      0,00      0,00      0,00      0,00      0,00      0,00     76,41      0,00      0,00     23,59
18:51:26          8      0,00      0,00      0,00      0,00      0,00      0,00      0,00      0,00      0,00    100,00
18:51:26          9      0,00      0,00      0,00      0,00      0,00      0,00      0,00      0,00      0,00    100,00
18:51:26         10      0,00      0,00      0,00      0,00      0,00      0,00      0,00      0,00      0,00    100,00
18:51:26         11      0,00      0,00      0,00      0,00      0,00      0,00      0,00      0,00      0,00    100,00
18:51:26         12      0,00      0,00      0,00      0,00      0,00      0,00      0,00      0,00      0,00    100,00
18:51:26         13      0,00      0,00      0,00      0,00      0,00      0,00      0,00      0,00      0,00    100,00
18:51:26         14      0,00      0,00      0,00      0,00      0,00      0,00      0,00      0,00      0,00    100,00
18:51:26         15      0,00      0,00      0,00      0,00      0,00      0,00      0,00      0,00      0,00    100,00

18:51:24        IFACE   rxpck/s   txpck/s    rxkB/s    txkB/s   rxcmp/s   txcmp/s  rxmcst/s   %ifutil
18:51:26           lo      0,00      0,00      0,00      0,00      0,00      0,00      0,00      0,00
18:51:26         eno1      7,00      0,50      0,58      0,03      0,00      0,00      1,50      0,00
18:51:26         eno2      0,00      0,00      0,00      0,00      0,00      0,00      0,00      0,00
18:51:26      docker0      0,00      0,00      0,00      0,00      0,00      0,00      0,00      0,00
18:51:26      ens2np0 14879698,00 14877132,50 871857,30 871706,98      0,00      0,00      0,00     71,42
18:51:26      ens2np1      0,00      0,00      0,00      0,00      0,00      0,00      0,00      0,00

18:51:26        CPU      %usr     %nice      %sys   %iowait    %steal      %irq     %soft    %guest    %gnice     %idle
18:51:28        all      0,34      0,00      0,22      0,00      0,00      0,00     37,94      0,00      0,00     61,50
18:51:28          0      0,00      0,00      0,00      0,00      0,00      0,00     77,07      0,00      0,00     22,93
18:51:28          1      0,00      0,00      0,00      0,00      0,00      0,00     76,26      0,00      0,00     23,74
18:51:28          2      0,00      0,00      0,00      0,00      0,00      0,00     78,79      0,00      0,00     21,21
18:51:28          3      0,00      0,00      0,00      0,00      0,00      0,00     76,35      0,00      0,00     23,65
18:51:28          4      0,00      0,00      0,00      0,00      0,00      0,00     73,58      0,00      0,00     26,42
18:51:28          5      0,00      0,00      0,00      0,00      0,00      0,00     75,00      0,00      0,00     25,00
18:51:28          6      0,00      0,00      0,00      0,00      0,00      0,00     74,24      0,00      0,00     25,76
18:51:28          7      0,00      0,00      0,00      0,00      0,00      0,00     77,11      0,00      0,00     22,89
18:51:28          8      0,50      0,00      0,00      0,00      0,00      0,00      0,00      0,00      0,00     99,50
18:51:28          9      1,00      0,00      0,50      0,00      0,00      0,00      0,00      0,00      0,00     98,51
18:51:28         10      0,50      0,00      0,00      0,00      0,00      0,00      0,00      0,00      0,00     99,50
18:51:28         11      2,48      0,00      1,49      0,00      0,00      0,00      0,00      0,00      0,00     96,04
18:51:28         12      0,00      0,00      0,50      0,00      0,00      0,00      0,00      0,00      0,00     99,50
18:51:28         13      0,50      0,00      0,50      0,00      0,00      0,00      0,00      0,00      0,00     99,00
18:51:28         14      0,00      0,00      0,50      0,00      0,00      0,00      0,00      0,00      0,00     99,50
18:51:28         15      0,50      0,00      0,00      0,00      0,00      0,00      0,00      0,00      0,00     99,50

18:51:26        IFACE   rxpck/s   txpck/s    rxkB/s    txkB/s   rxcmp/s   txcmp/s  rxmcst/s   %ifutil
18:51:28           lo      0,00      0,00      0,00      0,00      0,00      0,00      0,00      0,00
18:51:28         eno1      7,00      0,00      0,44      0,00      0,00      0,00      1,00      0,00
18:51:28         eno2      0,00      0,00      0,00      0,00      0,00      0,00      0,00      0,00
18:51:28      docker0      0,00      0,00      0,00      0,00      0,00      0,00      0,00      0,00
18:51:28      ens2np0 14863021,00 14863460,00 870880,14 870905,86      0,00      0,00      0,00     71,34
18:51:28      ens2np1      0,00      0,00      0,00      0,00      0,00      0,00      0,00      0,00

18:51:28        CPU      %usr     %nice      %sys   %iowait    %steal      %irq     %soft    %guest    %gnice     %idle
18:51:30        all      0,00      0,00      0,00      0,00      0,00      0,00     38,15      0,00      0,00     61,85
18:51:30          0      0,00      0,00      0,00      0,00      0,00      0,00     76,50      0,00      0,00     23,50
18:51:30          1      0,00      0,00      0,00      0,00      0,00      0,00     76,35      0,00      0,00     23,65
18:51:30          2      0,00      0,00      0,00      0,00      0,00      0,00     79,40      0,00      0,00     20,60
18:51:30          3      0,00      0,00      0,00      0,00      0,00      0,00     75,12      0,00      0,00     24,88
18:51:30          4      0,00      0,00      0,00      0,00      0,00      0,00     74,63      0,00      0,00     25,37
18:51:30          5      0,00      0,00      0,00      0,00      0,00      0,00     74,75      0,00      0,00     25,25
18:51:30          6      0,00      0,00      0,00      0,00      0,00      0,00     74,38      0,00      0,00     25,62
18:51:30          7      0,00      0,00      0,00      0,00      0,00      0,00     77,23      0,00      0,00     22,77
18:51:30          8      0,00      0,00      0,00      0,00      0,00      0,00      0,00      0,00      0,00    100,00
18:51:30          9      0,00      0,00      0,00      0,00      0,00      0,00      0,00      0,00      0,00    100,00
18:51:30         10      0,00      0,00      0,00      0,00      0,00      0,00      0,00      0,00      0,00    100,00
18:51:30         11      0,00      0,00      0,00      0,00      0,00      0,00      0,00      0,00      0,00    100,00
18:51:30         12      0,00      0,00      0,00      0,00      0,00      0,00      0,00      0,00      0,00    100,00
18:51:30         13      0,00      0,00      0,00      0,00      0,00      0,00      0,00      0,00      0,00    100,00
18:51:30         14      0,00      0,00      0,00      0,00      0,00      0,00      0,00      0,00      0,00    100,00
18:51:30         15      0,00      0,00      0,00      0,00      0,00      0,00      0,00      0,00      0,00    100,00

18:51:28        IFACE   rxpck/s   txpck/s    rxkB/s    txkB/s   rxcmp/s   txcmp/s  rxmcst/s   %ifutil
18:51:30           lo      0,00      0,00      0,00      0,00      0,00      0,00      0,00      0,00
18:51:30         eno1      9,00      0,00      0,56      0,00      0,00      0,00      1,00      0,00
18:51:30         eno2      0,00      0,00      0,00      0,00      0,00      0,00      0,00      0,00
18:51:30      docker0      0,00      0,00      0,00      0,00      0,00      0,00      0,00      0,00
18:51:30      ens2np0 14877743,50 14878284,50 871742,78 871774,50      0,00      0,00      0,00     71,42
18:51:30      ens2np1      0,00      0,00      0,00      0,00      0,00      0,00      0,00      0,00

18:51:30        CPU      %usr     %nice      %sys   %iowait    %steal      %irq     %soft    %guest    %gnice     %idle
18:51:32        all      0,03      0,00      0,03      0,00      0,00      0,00     38,19      0,00      0,00     61,75
18:51:32          0      0,00      0,00      0,00      0,00      0,00      0,00     76,62      0,00      0,00     23,38
18:51:32          1      0,00      0,00      0,00      0,00      0,00      0,00     76,70      0,00      0,00     23,30
18:51:32          2      0,00      0,00      0,00      0,00      0,00      0,00     79,41      0,00      0,00     20,59
18:51:32          3      0,00      0,00      0,00      0,00      0,00      0,00     74,88      0,00      0,00     25,12
18:51:32          4      0,00      0,00      0,51      0,00      0,00      0,00     73,74      0,00      0,00     25,76
18:51:32          5      0,00      0,00      0,00      0,00      0,00      0,00     74,75      0,00      0,00     25,25
18:51:32          6      0,00      0,00      0,00      0,00      0,00      0,00     74,26      0,00      0,00     25,74
18:51:32          7      0,00      0,00      0,00      0,00      0,00      0,00     77,23      0,00      0,00     22,77
18:51:32          8      0,00      0,00      0,00      0,00      0,00      0,00      0,00      0,00      0,00    100,00
18:51:32          9      0,50      0,00      0,00      0,00      0,00      0,00      0,00      0,00      0,00     99,50
18:51:32         10      0,00      0,00      0,00      0,00      0,00      0,00      0,00      0,00      0,00    100,00
18:51:32         11      0,00      0,00      0,00      0,00      0,00      0,00      0,00      0,00      0,00    100,00
18:51:32         12      0,00      0,00      0,00      0,00      0,00      0,00      0,00      0,00      0,00    100,00
18:51:32         13      0,00      0,00      0,00      0,00      0,00      0,00      0,00      0,00      0,00    100,00
18:51:32         14      0,00      0,00      0,00      0,00      0,00      0,00      0,00      0,00      0,00    100,00
18:51:32         15      0,00      0,00      0,00      0,00      0,00      0,00      0,00      0,00      0,00    100,00

18:51:30        IFACE   rxpck/s   txpck/s    rxkB/s    txkB/s   rxcmp/s   txcmp/s  rxmcst/s   %ifutil
18:51:32           lo      0,00      0,00      0,00      0,00      0,00      0,00      0,00      0,00
18:51:32         eno1      8,50      0,50      0,53      0,03      0,00      0,00      1,00      0,00
18:51:32         eno2      0,00      0,00      0,00      0,00      0,00      0,00      0,00      0,00
18:51:32      docker0      0,00      0,00      0,00      0,00      0,00      0,00      0,00      0,00
18:51:32      ens2np0 14869786,50 14868064,00 871276,55 871175,62      0,00      0,00      0,00     71,37
18:51:32      ens2np1      0,00      0,00      0,00      0,00      0,00      0,00      0,00      0,00

18:51:32        CPU      %usr     %nice      %sys   %iowait    %steal      %irq     %soft    %guest    %gnice     %idle
18:51:34        all      0,03      0,00      0,00      0,03      0,00      0,00     38,15      0,00      0,00     61,78
18:51:34          0      0,00      0,00      0,00      0,49      0,00      0,00     75,86      0,00      0,00     23,65
18:51:34          1      0,00      0,00      0,00      0,00      0,00      0,00     75,51      0,00      0,00     24,49
18:51:34          2      0,00      0,00      0,00      0,00      0,00      0,00     79,70      0,00      0,00     20,30
18:51:34          3      0,00      0,00      0,00      0,00      0,00      0,00     75,61      0,00      0,00     24,39
18:51:34          4      0,49      0,00      0,00      0,00      0,00      0,00     74,51      0,00      0,00     25,00
18:51:34          5      0,00      0,00      0,00      0,00      0,00      0,00     74,63      0,00      0,00     25,37
18:51:34          6      0,00      0,00      0,00      0,00      0,00      0,00     75,00      0,00      0,00     25,00
18:51:34          7      0,00      0,00      0,00      0,00      0,00      0,00     76,26      0,00      0,00     23,74
18:51:34          8      0,00      0,00      0,00      0,00      0,00      0,00      0,00      0,00      0,00    100,00
18:51:34          9      0,00      0,00      0,00      0,00      0,00      0,00      0,00      0,00      0,00    100,00
18:51:34         10      0,00      0,00      0,00      0,00      0,00      0,00      0,00      0,00      0,00    100,00
18:51:34         11      0,00      0,00      0,00      0,00      0,00      0,00      0,00      0,00      0,00    100,00
18:51:34         12      0,00      0,00      0,00      0,00      0,00      0,00      0,00      0,00      0,00    100,00
18:51:34         13      0,00      0,00      0,00      0,00      0,00      0,00      0,00      0,00      0,00    100,00
18:51:34         14      0,00      0,00      0,00      0,00      0,00      0,00      0,00      0,00      0,00    100,00
18:51:34         15      0,00      0,00      0,00      0,00      0,00      0,00      0,00      0,00      0,00    100,00

18:51:32        IFACE   rxpck/s   txpck/s    rxkB/s    txkB/s   rxcmp/s   txcmp/s  rxmcst/s   %ifutil
18:51:34           lo      0,00      0,00      0,00      0,00      0,00      0,00      0,00      0,00
18:51:34         eno1      5,00      0,00      0,31      0,00      0,00      0,00      1,00      0,00
18:51:34         eno2      0,00      0,00      0,00      0,00      0,00      0,00      0,00      0,00
18:51:34      docker0      0,00      0,00      0,00      0,00      0,00      0,00      0,00      0,00
18:51:34      ens2np0 14879172,50 14876328,00 871826,51 871659,84      0,00      0,00      0,00     71,42
18:51:34      ens2np1      0,00      0,00      0,00      0,00      0,00      0,00      0,00      0,00

18:51:34        CPU      %usr     %nice      %sys   %iowait    %steal      %irq     %soft    %guest    %gnice     %idle
18:51:36        all      0,00      0,00      0,00      0,00      0,00      0,00     37,91      0,00      0,00     62,09
18:51:36          0      0,00      0,00      0,00      0,00      0,00      0,00     76,62      0,00      0,00     23,38
18:51:36          1      0,00      0,00      0,00      0,00      0,00      0,00     75,88      0,00      0,00     24,12
18:51:36          2      0,00      0,00      0,00      0,00      0,00      0,00     79,61      0,00      0,00     20,39
18:51:36          3      0,00      0,00      0,00      0,00      0,00      0,00     73,98      0,00      0,00     26,02
18:51:36          4      0,00      0,00      0,00      0,00      0,00      0,00     74,63      0,00      0,00     25,37
18:51:36          5      0,00      0,00      0,00      0,00      0,00      0,00     75,00      0,00      0,00     25,00
18:51:36          6      0,00      0,00      0,00      0,00      0,00      0,00     74,26      0,00      0,00     25,74
18:51:36          7      0,00      0,00      0,00      0,00      0,00      0,00     76,17      0,00      0,00     23,83
18:51:36          8      0,00      0,00      0,00      0,00      0,00      0,00      0,00      0,00      0,00    100,00
18:51:36          9      0,00      0,00      0,00      0,00      0,00      0,00      0,00      0,00      0,00    100,00
18:51:36         10      0,00      0,00      0,00      0,00      0,00      0,00      0,00      0,00      0,00    100,00
18:51:36         11      0,00      0,00      0,00      0,00      0,00      0,00      0,00      0,00      0,00    100,00
18:51:36         12      0,00      0,00      0,00      0,00      0,00      0,00      0,00      0,00      0,00    100,00
18:51:36         13      0,00      0,00      0,00      0,00      0,00      0,00      0,00      0,00      0,00    100,00
18:51:36         14      0,00      0,00      0,00      0,00      0,00      0,00      0,00      0,00      0,00    100,00
18:51:36         15      0,00      0,00      0,00      0,00      0,00      0,00      0,00      0,00      0,00    100,00

18:51:34        IFACE   rxpck/s   txpck/s    rxkB/s    txkB/s   rxcmp/s   txcmp/s  rxmcst/s   %ifutil
18:51:36           lo      0,00      0,00      0,00      0,00      0,00      0,00      0,00      0,00
18:51:36         eno1      7,50      0,50      0,47      0,03      0,00      0,00      1,00      0,00
18:51:36         eno2      0,00      0,00      0,00      0,00      0,00      0,00      0,00      0,00
18:51:36      docker0      0,00      0,00      0,00      0,00      0,00      0,00      0,00      0,00
18:51:36      ens2np0 14875860,00 14877850,00 871632,42 871749,02      0,00      0,00      0,00     71,41
18:51:36      ens2np1      0,00      0,00      0,00      0,00      0,00      0,00      0,00      0,00

18:51:36        CPU      %usr     %nice      %sys   %iowait    %steal      %irq     %soft    %guest    %gnice     %idle
18:51:38        all      0,22      0,00      0,19      0,00      0,00      0,00     38,41      0,00      0,00     61,18
18:51:38          0      0,00      0,00      0,50      0,00      0,00      0,00     76,73      0,00      0,00     22,77
18:51:38          1      0,00      0,00      0,00      0,00      0,00      0,00     75,90      0,00      0,00     24,10
18:51:38          2      0,00      0,00      0,49      0,00      0,00      0,00     79,41      0,00      0,00     20,10
18:51:38          3      0,00      0,00      0,00      0,00      0,00      0,00     76,21      0,00      0,00     23,79
18:51:38          4      0,00      0,00      0,00      0,00      0,00      0,00     74,75      0,00      0,00     25,25
18:51:38          5      0,00      0,00      0,00      0,00      0,00      0,00     75,25      0,00      0,00     24,75
18:51:38          6      0,00      0,00      0,00      0,00      0,00      0,00     75,36      0,00      0,00     24,64
18:51:38          7      0,00      0,00      0,00      0,00      0,00      0,00     77,34      0,00      0,00     22,66
18:51:38          8      0,50      0,00      0,00      0,00      0,00      0,00      0,00      0,00      0,00     99,50
18:51:38          9      0,51      0,00      0,00      0,00      0,00      0,00      0,00      0,00      0,00     99,49
18:51:38         10      0,00      0,00      0,00      0,00      0,00      0,00      0,00      0,00      0,00    100,00
18:51:38         11      0,00      0,00      0,50      0,00      0,00      0,00      0,00      0,00      0,00     99,50
18:51:38         12      1,00      0,00      0,50      0,00      0,00      0,00      0,00      0,00      0,00     98,51
18:51:38         13      0,00      0,00      0,00      0,00      0,00      0,00      0,00      0,00      0,00    100,00
18:51:38         14      1,01      0,00      0,50      0,00      0,00      0,00      0,00      0,00      0,00     98,49
18:51:38         15      0,50      0,00      0,50      0,00      0,00      0,00      0,00      0,00      0,00     99,00

18:51:36        IFACE   rxpck/s   txpck/s    rxkB/s    txkB/s   rxcmp/s   txcmp/s  rxmcst/s   %ifutil
18:51:38           lo      0,00      0,00      0,00      0,00      0,00      0,00      0,00      0,00
18:51:38         eno1      6,50      0,00      0,44      0,00      0,00      0,00      2,00      0,00
18:51:38         eno2      0,00      0,00      0,00      0,00      0,00      0,00      0,00      0,00
18:51:38      docker0      0,00      0,00      0,00      0,00      0,00      0,00      0,00      0,00
18:51:38      ens2np0 14863680,50 14861470,00 870918,78 870789,26      0,00      0,00      0,00     71,35
18:51:38      ens2np1      0,00      0,00      0,00      0,00      0,00      0,00      0,00      0,00

18:51:38        CPU      %usr     %nice      %sys   %iowait    %steal      %irq     %soft    %guest    %gnice     %idle
18:51:40        all      0,00      0,00      0,03      0,00      0,00      0,00     37,55      0,00      0,00     62,42
18:51:40          0      0,00      0,00      0,00      0,00      0,00      0,00     76,14      0,00      0,00     23,86
18:51:40          1      0,00      0,00      0,00      0,00      0,00      0,00     75,76      0,00      0,00     24,24
18:51:40          2      0,00      0,00      0,00      0,00      0,00      0,00     79,40      0,00      0,00     20,60
18:51:40          3      0,00      0,00      0,00      0,00      0,00      0,00     74,23      0,00      0,00     25,77
18:51:40          4      0,00      0,00      0,51      0,00      0,00      0,00     73,47      0,00      0,00     26,02
18:51:40          5      0,00      0,00      0,00      0,00      0,00      0,00     73,98      0,00      0,00     26,02
18:51:40          6      0,00      0,00      0,00      0,00      0,00      0,00     74,50      0,00      0,00     25,50
18:51:40          7      0,00      0,00      0,00      0,00      0,00      0,00     77,00      0,00      0,00     23,00
18:51:40          8      0,00      0,00      0,00      0,00      0,00      0,00      0,00      0,00      0,00    100,00
18:51:40          9      0,00      0,00      0,00      0,00      0,00      0,00      0,00      0,00      0,00    100,00
18:51:40         10      0,00      0,00      0,00      0,00      0,00      0,00      0,00      0,00      0,00    100,00
18:51:40         11      0,00      0,00      0,00      0,00      0,00      0,00      0,00      0,00      0,00    100,00
18:51:40         12      0,00      0,00      0,00      0,00      0,00      0,00      0,00      0,00      0,00    100,00
18:51:40         13      0,00      0,00      0,00      0,00      0,00      0,00      0,00      0,00      0,00    100,00
18:51:40         14      0,00      0,00      0,00      0,00      0,00      0,00      0,00      0,00      0,00    100,00
18:51:40         15      0,00      0,00      0,00      0,00      0,00      0,00      0,00      0,00      0,00    100,00

18:51:38        IFACE   rxpck/s   txpck/s    rxkB/s    txkB/s   rxcmp/s   txcmp/s  rxmcst/s   %ifutil
18:51:40           lo      0,00      0,00      0,00      0,00      0,00      0,00      0,00      0,00
18:51:40         eno1      7,00      0,00      0,44      0,00      0,00      0,00      1,00      0,00
18:51:40         eno2      0,00      0,00      0,00      0,00      0,00      0,00      0,00      0,00
18:51:40      docker0      0,00      0,00      0,00      0,00      0,00      0,00      0,00      0,00
18:51:40      ens2np0 14876898,00 14875600,00 871693,24 871617,19      0,00      0,00      0,00     71,41
18:51:40      ens2np1      0,00      0,00      0,00      0,00      0,00      0,00      0,00      0,00

18:51:40        CPU      %usr     %nice      %sys   %iowait    %steal      %irq     %soft    %guest    %gnice     %idle
18:51:42        all      0,00      0,00      0,00      0,00      0,00      0,00     37,89      0,00      0,00     62,11
18:51:42          0      0,00      0,00      0,00      0,00      0,00      0,00     76,62      0,00      0,00     23,38
18:51:42          1      0,00      0,00      0,00      0,00      0,00      0,00     75,38      0,00      0,00     24,62
18:51:42          2      0,00      0,00      0,00      0,00      0,00      0,00     79,10      0,00      0,00     20,90
18:51:42          3      0,00      0,00      0,00      0,00      0,00      0,00     74,88      0,00      0,00     25,12
18:51:42          4      0,00      0,00      0,00      0,00      0,00      0,00     74,09      0,00      0,00     25,91
18:51:42          5      0,00      0,00      0,00      0,00      0,00      0,00     75,12      0,00      0,00     24,88
18:51:42          6      0,00      0,00      0,00      0,00      0,00      0,00     74,38      0,00      0,00     25,62
18:51:42          7      0,00      0,00      0,00      0,00      0,00      0,00     76,77      0,00      0,00     23,23
18:51:42          8      0,00      0,00      0,00      0,00      0,00      0,00      0,00      0,00      0,00    100,00
18:51:42          9      0,00      0,00      0,00      0,00      0,00      0,00      0,00      0,00      0,00    100,00
18:51:42         10      0,00      0,00      0,00      0,00      0,00      0,00      0,00      0,00      0,00    100,00
18:51:42         11      0,00      0,00      0,00      0,00      0,00      0,00      0,00      0,00      0,00    100,00
18:51:42         12      0,00      0,00      0,00      0,00      0,00      0,00      0,00      0,00      0,00    100,00
18:51:42         13      0,00      0,00      0,00      0,00      0,00      0,00      0,00      0,00      0,00    100,00
18:51:42         14      0,00      0,00      0,00      0,00      0,00      0,00      0,00      0,00      0,00    100,00
18:51:42         15      0,00      0,00      0,00      0,00      0,00      0,00      0,00      0,00      0,00    100,00

18:51:40        IFACE   rxpck/s   txpck/s    rxkB/s    txkB/s   rxcmp/s   txcmp/s  rxmcst/s   %ifutil
18:51:42           lo      0,00      0,00      0,00      0,00      0,00      0,00      0,00      0,00
18:51:42         eno1      2,50      0,00      0,16      0,00      0,00      0,00      0,50      0,00
18:51:42         eno2      0,00      0,00      0,00      0,00      0,00      0,00      0,00      0,00
18:51:42      docker0      0,00      0,00      0,00      0,00      0,00      0,00      0,00      0,00
18:51:42      ens2np0 14877506,00 14875648,00 871728,87 871620,00      0,00      0,00      0,00     71,41
18:51:42      ens2np1      0,00      0,00      0,00      0,00      0,00      0,00      0,00      0,00

18:51:42        CPU      %usr     %nice      %sys   %iowait    %steal      %irq     %soft    %guest    %gnice     %idle
18:51:44        all      0,00      0,00      0,00      0,00      0,00      0,00     38,21      0,00      0,00     61,79
18:51:44          0      0,00      0,00      0,00      0,00      0,00      0,00     76,38      0,00      0,00     23,62
18:51:44          1      0,00      0,00      0,00      0,00      0,00      0,00     76,47      0,00      0,00     23,53
18:51:44          2      0,00      0,00      0,00      0,00      0,00      0,00     79,10      0,00      0,00     20,90
18:51:44          3      0,00      0,00      0,00      0,00      0,00      0,00     75,25      0,00      0,00     24,75
18:51:44          4      0,00      0,00      0,00      0,00      0,00      0,00     74,75      0,00      0,00     25,25
18:51:44          5      0,00      0,00      0,00      0,00      0,00      0,00     74,63      0,00      0,00     25,37
18:51:44          6      0,00      0,00      0,00      0,00      0,00      0,00     74,26      0,00      0,00     25,74
18:51:44          7      0,00      0,00      0,00      0,00      0,00      0,00     77,45      0,00      0,00     22,55
18:51:44          8      0,00      0,00      0,00      0,00      0,00      0,00      0,00      0,00      0,00    100,00
18:51:44          9      0,00      0,00      0,00      0,00      0,00      0,00      0,00      0,00      0,00    100,00
18:51:44         10      0,00      0,00      0,00      0,00      0,00      0,00      0,00      0,00      0,00    100,00
18:51:44         11      0,00      0,00      0,00      0,00      0,00      0,00      0,00      0,00      0,00    100,00
18:51:44         12      0,00      0,00      0,00      0,00      0,00      0,00      0,00      0,00      0,00    100,00
18:51:44         13      0,00      0,00      0,00      0,00      0,00      0,00      0,00      0,00      0,00    100,00
18:51:44         14      0,00      0,00      0,00      0,00      0,00      0,00      0,00      0,00      0,00    100,00
18:51:44         15      0,00      0,00      0,00      0,00      0,00      0,00      0,00      0,00      0,00    100,00

18:51:42        IFACE   rxpck/s   txpck/s    rxkB/s    txkB/s   rxcmp/s   txcmp/s  rxmcst/s   %ifutil
18:51:44           lo      0,00      0,00      0,00      0,00      0,00      0,00      0,00      0,00
18:51:44         eno1      5,50      0,00      0,35      0,00      0,00      0,00      1,00      0,00
18:51:44         eno2      0,00      0,00      0,00      0,00      0,00      0,00      0,00      0,00
18:51:44      docker0      0,00      0,00      0,00      0,00      0,00      0,00      0,00      0,00
18:51:44      ens2np0 14869230,50 14869939,00 871243,97 871285,49      0,00      0,00      0,00     71,38
18:51:44      ens2np1      0,00      0,00      0,00      0,00      0,00      0,00      0,00      0,00

18:51:44        CPU      %usr     %nice      %sys   %iowait    %steal      %irq     %soft    %guest    %gnice     %idle
18:51:46        all      0,09      0,00      0,00      0,00      0,00      0,00     38,17      0,00      0,00     61,73
18:51:46          0      0,00      0,00      0,00      0,00      0,00      0,00     76,73      0,00      0,00     23,27
18:51:46          1      0,00      0,00      0,00      0,00      0,00      0,00     76,44      0,00      0,00     23,56
18:51:46          2      0,00      0,00      0,00      0,00      0,00      0,00     79,10      0,00      0,00     20,90
18:51:46          3      0,00      0,00      0,00      0,00      0,00      0,00     75,25      0,00      0,00     24,75
18:51:46          4      0,50      0,00      0,00      0,00      0,00      0,00     73,87      0,00      0,00     25,63
18:51:46          5      0,00      0,00      0,00      0,00      0,00      0,00     74,75      0,00      0,00     25,25
18:51:46          6      0,00      0,00      0,00      0,00      0,00      0,00     74,63      0,00      0,00     25,37
18:51:46          7      0,00      0,00      0,00      0,00      0,00      0,00     77,11      0,00      0,00     22,89
18:51:46          8      0,00      0,00      0,00      0,00      0,00      0,00      0,00      0,00      0,00    100,00
18:51:46          9      0,00      0,00      0,00      0,00      0,00      0,00      0,00      0,00      0,00    100,00
18:51:46         10      0,00      0,00      0,00      0,00      0,00      0,00      0,00      0,00      0,00    100,00
18:51:46         11      0,00      0,00      0,00      0,00      0,00      0,00      0,00      0,00      0,00    100,00
18:51:46         12      0,00      0,00      0,00      0,00      0,00      0,00      0,00      0,00      0,00    100,00
18:51:46         13      0,00      0,00      0,00      0,00      0,00      0,00      0,00      0,00      0,00    100,00
18:51:46         14      1,00      0,00      0,00      0,00      0,00      0,00      0,00      0,00      0,00     99,00
18:51:46         15      0,00      0,00      0,00      0,00      0,00      0,00      0,00      0,00      0,00    100,00

18:51:44        IFACE   rxpck/s   txpck/s    rxkB/s    txkB/s   rxcmp/s   txcmp/s  rxmcst/s   %ifutil
18:51:46           lo      0,00      0,00      0,00      0,00      0,00      0,00      0,00      0,00
18:51:46         eno1     11,50      5,00      1,04      1,04      0,00      0,00      1,00      0,00
18:51:46         eno2      0,00      0,00      0,00      0,00      0,00      0,00      0,00      0,00
18:51:46      docker0      0,00      0,00      0,00      0,00      0,00      0,00      0,00      0,00
18:51:46      ens2np0 14876665,00 14875217,00 871679,59 871594,75      0,00      0,00      0,00     71,41
18:51:46      ens2np1      0,00      0,00      0,00      0,00      0,00      0,00      0,00      0,00

18:51:46        CPU      %usr     %nice      %sys   %iowait    %steal      %irq     %soft    %guest    %gnice     %idle
18:51:48        all      0,22      0,00      0,12      0,00      0,00      0,00     38,98      0,00      0,00     60,68
18:51:48          0      0,48      0,00      0,00      0,00      0,00      0,00     77,40      0,00      0,00     22,12
18:51:48          1      0,00      0,00      0,00      0,00      0,00      0,00     76,50      0,00      0,00     23,50
18:51:48          2      0,00      0,00      0,00      0,00      0,00      0,00     79,70      0,00      0,00     20,30
18:51:48          3      0,00      0,00      0,00      0,00      0,00      0,00     75,49      0,00      0,00     24,51
18:51:48          4      0,00      0,00      0,00      0,00      0,00      0,00     75,36      0,00      0,00     24,64
18:51:48          5      0,00      0,00      0,48      0,00      0,00      0,00     75,60      0,00      0,00     23,92
18:51:48          6      0,00      0,00      0,00      0,00      0,00      0,00     75,85      0,00      0,00     24,15
18:51:48          7      0,00      0,00      0,00      0,00      0,00      0,00     77,99      0,00      0,00     22,01
18:51:48          8      0,00      0,00      0,00      0,00      0,00      0,00      0,00      0,00      0,00    100,00
18:51:48          9      0,50      0,00      0,50      0,00      0,00      0,00      0,00      0,00      0,00     99,00
18:51:48         10      0,00      0,00      0,50      0,00      0,00      0,00      0,00      0,00      0,00     99,50
18:51:48         11      0,00      0,00      0,00      0,00      0,00      0,00      0,00      0,00      0,00    100,00
18:51:48         12      0,00      0,00      0,00      0,00      0,00      0,00      0,00      0,00      0,00    100,00
18:51:48         13      0,00      0,00      0,00      0,00      0,00      0,00      0,00      0,00      0,00    100,00
18:51:48         14      2,51      0,00      0,00      0,00      0,00      0,00      0,00      0,00      0,00     97,49
18:51:48         15      0,00      0,00      0,50      0,00      0,00      0,00      0,00      0,00      0,00     99,50

18:51:46        IFACE   rxpck/s   txpck/s    rxkB/s    txkB/s   rxcmp/s   txcmp/s  rxmcst/s   %ifutil
18:51:48           lo      0,00      0,00      0,00      0,00      0,00      0,00      0,00      0,00
18:51:48         eno1      6,00      0,50      0,43      0,03      0,00      0,00      1,00      0,00
18:51:48         eno2      0,00      0,00      0,00      0,00      0,00      0,00      0,00      0,00
18:51:48      docker0      0,00      0,00      0,00      0,00      0,00      0,00      0,00      0,00
18:51:48      ens2np0 14863652,50 14863324,00 870917,14 870897,89      0,00      0,00      0,00     71,35
18:51:48      ens2np1      0,00      0,00      0,00      0,00      0,00      0,00      0,00      0,00

Average:        CPU      %usr     %nice      %sys   %iowait    %steal      %irq     %soft    %guest    %gnice     %idle
Average:        all      0,09      0,00      0,04      0,00      0,00      0,00     29,94      0,00      0,00     69,93
Average:          0      0,06      0,00      0,02      0,02      0,00      0,00     60,21      0,00      0,00     39,69
Average:          1      0,04      0,00      0,02      0,00      0,00      0,00     59,78      0,00      0,00     40,16
Average:          2      0,02      0,00      0,04      0,02      0,00      0,00     62,23      0,00      0,00     37,69
Average:          3      0,02      0,00      0,00      0,00      0,00      0,00     59,00      0,00      0,00     40,98
Average:          4      0,10      0,00      0,08      0,00      0,00      0,00     58,45      0,00      0,00     41,37
Average:          5      0,02      0,00      0,02      0,00      0,00      0,00     58,83      0,00      0,00     41,13
Average:          6      0,02      0,00      0,02      0,00      0,00      0,00     58,73      0,00      0,00     41,23
Average:          7      0,06      0,00      0,00      0,00      0,00      0,00     60,51      0,00      0,00     39,43
Average:          8      0,14      0,00      0,00      0,00      0,00      0,00      0,00      0,00      0,00     99,86
Average:          9      0,12      0,00      0,04      0,00      0,00      0,00      0,00      0,00      0,00     99,84
Average:         10      0,08      0,00      0,04      0,00      0,00      0,00      0,00      0,00      0,00     99,88
Average:         11      0,24      0,00      0,10      0,00      0,00      0,00      0,00      0,00      0,00     99,66
Average:         12      0,08      0,00      0,06      0,00      0,00      0,00      0,00      0,00      0,00     99,86
Average:         13      0,06      0,00      0,02      0,00      0,00      0,00      0,00      0,00      0,00     99,92
Average:         14      0,32      0,00      0,10      0,00      0,00      0,00      0,00      0,00      0,00     99,58
Average:         15      0,08      0,00      0,06      0,00      0,00      0,00      0,00      0,00      0,00     99,86

Average:        IFACE   rxpck/s   txpck/s    rxkB/s    txkB/s   rxcmp/s   txcmp/s  rxmcst/s   %ifutil
Average:           lo      0,32      0,32      0,03      0,03      0,00      0,00      0,00      0,00
Average:         eno1      8,10      1,46      0,69      0,24      0,00      0,00      1,10      0,00
Average:         eno2      0,00      0,00      0,00      0,00      0,00      0,00      0,00      0,00
Average:      docker0      0,00      0,00      0,00      0,00      0,00      0,00      0,00      0,00
Average:      ens2np0 11663736,18 11662121,52 683422,04 683327,44      0,00      0,00      0,00     55,99
Average:      ens2np1      0,00      0,00      0,00      0,00      0,00      0,00      0,00      0,00
