Linux 5.13.0-52-generic (w1) 	14/07/2022 	_x86_64_	(16 CPU)

21:39:05        CPU      %usr     %nice      %sys   %iowait    %steal      %irq     %soft    %guest    %gnice     %idle
21:39:07        all      0,03      0,00      0,06      0,00      0,00      0,00      0,00      0,00      0,00     99,91
21:39:07          0      0,00      0,00      0,00      0,00      0,00      0,00      0,00      0,00      0,00    100,00
21:39:07          1      0,00      0,00      0,00      0,00      0,00      0,00      0,00      0,00      0,00    100,00
21:39:07          2      0,50      0,00      0,00      0,00      0,00      0,00      0,00      0,00      0,00     99,50
21:39:07          3      0,00      0,00      0,00      0,00      0,00      0,00      0,00      0,00      0,00    100,00
21:39:07          4      0,00      0,00      0,00      0,00      0,00      0,00      0,00      0,00      0,00    100,00
21:39:07          5      0,00      0,00      0,00      0,00      0,00      0,00      0,00      0,00      0,00    100,00
21:39:07          6      0,00      0,00      0,00      0,00      0,00      0,00      0,00      0,00      0,00    100,00
21:39:07          7      0,00      0,00      0,00      0,00      0,00      0,00      0,00      0,00      0,00    100,00
21:39:07          8      0,00      0,00      0,00      0,00      0,00      0,00      0,00      0,00      0,00    100,00
21:39:07          9      0,00      0,00      0,00      0,00      0,00      0,00      0,00      0,00      0,00    100,00
21:39:07         10      0,00      0,00      0,00      0,00      0,00      0,00      0,00      0,00      0,00    100,00
21:39:07         11      0,00      0,00      0,00      0,00      0,00      0,00      0,00      0,00      0,00    100,00
21:39:07         12      0,00      0,00      0,00      0,00      0,00      0,00      0,00      0,00      0,00    100,00
21:39:07         13      0,00      0,00      0,00      0,00      0,00      0,00      0,00      0,00      0,00    100,00
21:39:07         14      0,00      0,00      0,00      0,00      0,00      0,00      0,00      0,00      0,00    100,00
21:39:07         15      0,00      0,00      1,00      0,00      0,00      0,00      0,00      0,00      0,00     99,00

21:39:05        IFACE   rxpck/s   txpck/s    rxkB/s    txkB/s   rxcmp/s   txcmp/s  rxmcst/s   %ifutil
21:39:07           lo      0,00      0,00      0,00      0,00      0,00      0,00      0,00      0,00
21:39:07         eno1     18,50     16,50      3,49      3,22      0,00      0,00      1,00      0,00
21:39:07         eno2      0,00      0,00      0,00      0,00      0,00      0,00      0,00      0,00
21:39:07      docker0      0,00      0,00      0,00      0,00      0,00      0,00      0,00      0,00
21:39:07      ens2np0      0,00      0,00      0,00      0,00      0,00      0,00      0,00      0,00
21:39:07      ens2np1      0,00      0,00      0,00      0,00      0,00      0,00      0,00      0,00

21:39:07        CPU      %usr     %nice      %sys   %iowait    %steal      %irq     %soft    %guest    %gnice     %idle
21:39:09        all      0,25      0,00      0,09      0,00      0,00      0,00      0,00      0,00      0,00     99,66
21:39:09          0      0,00      0,00      0,00      0,00      0,00      0,00      0,00      0,00      0,00    100,00
21:39:09          1      0,00      0,00      0,00      0,00      0,00      0,00      0,00      0,00      0,00    100,00
21:39:09          2      0,00      0,00      0,00      0,00      0,00      0,00      0,00      0,00      0,00    100,00
21:39:09          3      0,00      0,00      0,00      0,00      0,00      0,00      0,00      0,00      0,00    100,00
21:39:09          4      0,00      0,00      0,00      0,00      0,00      0,00      0,00      0,00      0,00    100,00
21:39:09          5      0,00      0,00      0,00      0,00      0,00      0,00      0,00      0,00      0,00    100,00
21:39:09          6      0,00      0,00      0,00      0,00      0,00      0,00      0,00      0,00      0,00    100,00
21:39:09          7      0,00      0,00      0,00      0,00      0,00      0,00      0,00      0,00      0,00    100,00
21:39:09          8      0,00      0,00      0,00      0,00      0,00      0,00      0,00      0,00      0,00    100,00
21:39:09          9      0,00      0,00      0,00      0,00      0,00      0,00      0,00      0,00      0,00    100,00
21:39:09         10      0,00      0,00      0,00      0,00      0,00      0,00      0,00      0,00      0,00    100,00
21:39:09         11      3,00      0,00      0,00      0,00      0,00      0,00      0,00      0,00      0,00     97,00
21:39:09         12      0,00      0,00      0,00      0,00      0,00      0,00      0,00      0,00      0,00    100,00
21:39:09         13      1,00      0,00      0,00      0,00      0,00      0,00      0,00      0,00      0,00     99,00
21:39:09         14      0,00      0,00      0,00      0,00      0,00      0,00      0,00      0,00      0,00    100,00
21:39:09         15      0,00      0,00      1,50      0,00      0,00      0,00      0,00      0,00      0,00     98,50

21:39:07        IFACE   rxpck/s   txpck/s    rxkB/s    txkB/s   rxcmp/s   txcmp/s  rxmcst/s   %ifutil
21:39:09           lo      0,00      0,00      0,00      0,00      0,00      0,00      0,00      0,00
21:39:09         eno1      4,50      0,00      0,34      0,00      0,00      0,00      1,50      0,00
21:39:09         eno2      0,00      0,00      0,00      0,00      0,00      0,00      0,00      0,00
21:39:09      docker0      0,00      0,00      0,00      0,00      0,00      0,00      0,00      0,00
21:39:09      ens2np0      0,00      0,00      0,00      0,00      0,00      0,00      0,00      0,00
21:39:09      ens2np1      0,00      0,00      0,00      0,00      0,00      0,00      0,00      0,00

21:39:09        CPU      %usr     %nice      %sys   %iowait    %steal      %irq     %soft    %guest    %gnice     %idle
21:39:11        all      0,09      0,00      0,03      0,00      0,00      0,00      0,00      0,00      0,00     99,87
21:39:11          0      0,00      0,00      0,00      0,00      0,00      0,00      0,00      0,00      0,00    100,00
21:39:11          1      0,00      0,00      0,00      0,00      0,00      0,00      0,00      0,00      0,00    100,00
21:39:11          2      1,00      0,00      0,00      0,00      0,00      0,00      0,00      0,00      0,00     99,00
21:39:11          3      0,00      0,00      0,00      0,00      0,00      0,00      0,00      0,00      0,00    100,00
21:39:11          4      0,00      0,00      0,00      0,00      0,00      0,00      0,00      0,00      0,00    100,00
21:39:11          5      0,00      0,00      0,00      0,00      0,00      0,00      0,00      0,00      0,00    100,00
21:39:11          6      0,00      0,00      0,00      0,00      0,00      0,00      0,00      0,00      0,00    100,00
21:39:11          7      0,00      0,00      0,00      0,00      0,00      0,00      0,00      0,00      0,00    100,00
21:39:11          8      0,00      0,00      0,00      0,00      0,00      0,00      0,00      0,00      0,00    100,00
21:39:11          9      0,00      0,00      0,00      0,00      0,00      0,00      0,00      0,00      0,00    100,00
21:39:11         10      0,00      0,00      0,00      0,00      0,00      0,00      0,00      0,00      0,00    100,00
21:39:11         11      0,00      0,00      0,00      0,00      0,00      0,00      0,00      0,00      0,00    100,00
21:39:11         12      0,00      0,00      0,00      0,00      0,00      0,00      0,00      0,00      0,00    100,00
21:39:11         13      0,00      0,00      0,00      0,00      0,00      0,00      0,00      0,00      0,00    100,00
21:39:11         14      0,00      0,00      0,00      0,00      0,00      0,00      0,00      0,00      0,00    100,00
21:39:11         15      0,50      0,00      0,50      0,00      0,00      0,00      0,00      0,00      0,00     99,00

21:39:09        IFACE   rxpck/s   txpck/s    rxkB/s    txkB/s   rxcmp/s   txcmp/s  rxmcst/s   %ifutil
21:39:11           lo      0,00      0,00      0,00      0,00      0,00      0,00      0,00      0,00
21:39:11         eno1      7,00      1,00      0,44      0,06      0,00      0,00      1,00      0,00
21:39:11         eno2      0,00      0,00      0,00      0,00      0,00      0,00      0,00      0,00
21:39:11      docker0      0,00      0,00      0,00      0,00      0,00      0,00      0,00      0,00
21:39:11      ens2np0      0,00      0,00      0,00      0,00      0,00      0,00      0,00      0,00
21:39:11      ens2np1      0,00      0,00      0,00      0,00      0,00      0,00      0,00      0,00

21:39:11        CPU      %usr     %nice      %sys   %iowait    %steal      %irq     %soft    %guest    %gnice     %idle
21:39:13        all      0,00      0,00      0,09      0,00      0,00      0,00      0,00      0,00      0,00     99,91
21:39:13          0      0,00      0,00      0,00      0,00      0,00      0,00      0,00      0,00      0,00    100,00
21:39:13          1      0,00      0,00      0,00      0,00      0,00      0,00      0,00      0,00      0,00    100,00
21:39:13          2      0,00      0,00      0,00      0,00      0,00      0,00      0,00      0,00      0,00    100,00
21:39:13          3      0,00      0,00      0,00      0,00      0,00      0,00      0,00      0,00      0,00    100,00
21:39:13          4      0,00      0,00      0,00      0,00      0,00      0,00      0,00      0,00      0,00    100,00
21:39:13          5      0,00      0,00      0,00      0,00      0,00      0,00      0,00      0,00      0,00    100,00
21:39:13          6      0,00      0,00      0,00      0,00      0,00      0,00      0,00      0,00      0,00    100,00
21:39:13          7      0,00      0,00      0,00      0,00      0,00      0,00      0,00      0,00      0,00    100,00
21:39:13          8      0,00      0,00      0,50      0,00      0,00      0,00      0,00      0,00      0,00     99,50
21:39:13          9      0,00      0,00      0,00      0,00      0,00      0,00      0,00      0,00      0,00    100,00
21:39:13         10      0,00      0,00      0,00      0,00      0,00      0,00      0,00      0,00      0,00    100,00
21:39:13         11      0,00      0,00      0,00      0,00      0,00      0,00      0,00      0,00      0,00    100,00
21:39:13         12      0,00      0,00      0,00      0,00      0,00      0,00      0,00      0,00      0,00    100,00
21:39:13         13      0,00      0,00      0,00      0,00      0,00      0,00      0,00      0,00      0,00    100,00
21:39:13         14      0,00      0,00      0,00      0,00      0,00      0,00      0,00      0,00      0,00    100,00
21:39:13         15      0,00      0,00      1,00      0,00      0,00      0,00      0,00      0,00      0,00     99,00

21:39:11        IFACE   rxpck/s   txpck/s    rxkB/s    txkB/s   rxcmp/s   txcmp/s  rxmcst/s   %ifutil
21:39:13           lo      0,00      0,00      0,00      0,00      0,00      0,00      0,00      0,00
21:39:13         eno1      4,50      1,50      0,41      0,10      0,00      0,00      1,50      0,00
21:39:13         eno2      0,00      0,00      0,00      0,00      0,00      0,00      0,00      0,00
21:39:13      docker0      0,00      0,00      0,00      0,00      0,00      0,00      0,00      0,00
21:39:13      ens2np0      0,00      0,00      0,00      0,00      0,00      0,00      0,00      0,00
21:39:13      ens2np1      0,00      0,00      0,00      0,00      0,00      0,00      0,00      0,00

21:39:13        CPU      %usr     %nice      %sys   %iowait    %steal      %irq     %soft    %guest    %gnice     %idle
21:39:15        all      0,00      0,00      0,13      0,00      0,00      0,00      0,00      0,00      0,00     99,87
21:39:15          0      0,00      0,00      0,00      0,00      0,00      0,00      0,00      0,00      0,00    100,00
21:39:15          1      0,00      0,00      0,00      0,00      0,00      0,00      0,00      0,00      0,00    100,00
21:39:15          2      0,00      0,00      0,00      0,00      0,00      0,00      0,00      0,00      0,00    100,00
21:39:15          3      0,00      0,00      0,00      0,00      0,00      0,00      0,00      0,00      0,00    100,00
21:39:15          4      0,00      0,00      0,00      0,00      0,00      0,00      0,00      0,00      0,00    100,00
21:39:15          5      0,00      0,00      0,00      0,00      0,00      0,00      0,00      0,00      0,00    100,00
21:39:15          6      0,00      0,00      0,00      0,00      0,00      0,00      0,00      0,00      0,00    100,00
21:39:15          7      0,00      0,00      0,00      0,00      0,00      0,00      0,00      0,00      0,00    100,00
21:39:15          8      0,00      0,00      0,00      0,00      0,00      0,00      0,00      0,00      0,00    100,00
21:39:15          9      0,00      0,00      0,00      0,00      0,00      0,00      0,00      0,00      0,00    100,00
21:39:15         10      0,00      0,00      0,50      0,00      0,00      0,00      0,00      0,00      0,00     99,50
21:39:15         11      0,00      0,00      0,00      0,00      0,00      0,00      0,00      0,00      0,00    100,00
21:39:15         12      0,00      0,00      0,00      0,00      0,00      0,00      0,00      0,00      0,00    100,00
21:39:15         13      0,00      0,00      0,00      0,00      0,00      0,00      0,00      0,00      0,00    100,00
21:39:15         14      0,00      0,00      0,00      0,00      0,00      0,00      0,00      0,00      0,00    100,00
21:39:15         15      0,00      0,00      1,51      0,00      0,00      0,00      0,00      0,00      0,00     98,49

21:39:13        IFACE   rxpck/s   txpck/s    rxkB/s    txkB/s   rxcmp/s   txcmp/s  rxmcst/s   %ifutil
21:39:15           lo      0,00      0,00      0,00      0,00      0,00      0,00      0,00      0,00
21:39:15         eno1      7,50      0,50      0,47      0,03      0,00      0,00      1,00      0,00
21:39:15         eno2      0,00      0,00      0,00      0,00      0,00      0,00      0,00      0,00
21:39:15      docker0      0,00      0,00      0,00      0,00      0,00      0,00      0,00      0,00
21:39:15      ens2np0      0,00      0,00      0,00      0,00      0,00      0,00      0,00      0,00
21:39:15      ens2np1      0,00      0,00      0,00      0,00      0,00      0,00      0,00      0,00

21:39:15        CPU      %usr     %nice      %sys   %iowait    %steal      %irq     %soft    %guest    %gnice     %idle
21:39:17        all      0,48      0,00      0,16      0,00      0,00      0,00      4,36      0,00      0,00     95,00
21:39:17          0      0,54      0,00      0,00      0,00      0,00      0,00     19,35      0,00      0,00     80,11
21:39:17          1      0,52      0,00      0,00      0,00      0,00      0,00     21,47      0,00      0,00     78,01
21:39:17          2      0,00      0,00      0,00      0,00      0,00      0,00     19,41      0,00      0,00     80,59
21:39:17          3      0,57      0,00      0,00      0,00      0,00      0,00     14,86      0,00      0,00     84,57
21:39:17          4      0,00      0,00      0,00      0,00      0,00      0,00      0,00      0,00      0,00    100,00
21:39:17          5      0,50      0,00      0,50      0,00      0,00      0,00      0,00      0,00      0,00     99,00
21:39:17          6      0,50      0,00      0,00      0,00      0,00      0,00      0,00      0,00      0,00     99,50
21:39:17          7      0,50      0,00      0,00      0,00      0,00      0,00      0,00      0,00      0,00     99,50
21:39:17          8      0,50      0,00      0,00      0,00      0,00      0,00      0,00      0,00      0,00     99,50
21:39:17          9      0,50      0,00      0,00      0,00      0,00      0,00      0,00      0,00      0,00     99,50
21:39:17         10      0,50      0,00      0,00      0,00      0,00      0,00      0,00      0,00      0,00     99,50
21:39:17         11      0,00      0,00      0,00      0,00      0,00      0,00      0,00      0,00      0,00    100,00
21:39:17         12      0,50      0,00      0,50      0,00      0,00      0,00      0,00      0,00      0,00     99,00
21:39:17         13      0,50      0,00      0,50      0,00      0,00      0,00      0,00      0,00      0,00     99,00
21:39:17         14      1,51      0,00      0,00      0,00      0,00      0,00      0,00      0,00      0,00     98,49
21:39:17         15      0,50      0,00      1,00      0,00      0,00      0,00      0,00      0,00      0,00     98,50

21:39:15        IFACE   rxpck/s   txpck/s    rxkB/s    txkB/s   rxcmp/s   txcmp/s  rxmcst/s   %ifutil
21:39:17           lo      0,00      0,00      0,00      0,00      0,00      0,00      0,00      0,00
21:39:17         eno1      5,50      0,50      0,35      0,03      0,00      0,00      1,50      0,00
21:39:17         eno2      0,00      0,00      0,00      0,00      0,00      0,00      0,00      0,00
21:39:17      docker0      0,00      0,00      0,00      0,00      0,00      0,00      0,00      0,00
21:39:17      ens2np0 477528,00 477501,00 697638,56 697599,12      0,00      0,00      0,00     57,15
21:39:17      ens2np1      0,00      0,00      0,00      0,00      0,00      0,00      0,00      0,00

21:39:17        CPU      %usr     %nice      %sys   %iowait    %steal      %irq     %soft    %guest    %gnice     %idle
21:39:19        all      0,32      0,00      0,06      0,00      0,00      0,00      8,57      0,00      0,00     91,05
21:39:19          0      0,00      0,00      0,00      0,00      0,00      0,00     33,71      0,00      0,00     66,29
21:39:19          1      0,00      0,00      0,00      0,00      0,00      0,00     36,96      0,00      0,00     63,04
21:39:19          2      0,00      0,00      0,00      0,00      0,00      0,00     37,16      0,00      0,00     62,84
21:39:19          3      0,53      0,00      0,00      0,00      0,00      0,00     38,95      0,00      0,00     60,53
21:39:19          4      0,50      0,00      0,00      0,00      0,00      0,00      0,00      0,00      0,00     99,50
21:39:19          5      0,00      0,00      0,00      0,00      0,00      0,00      0,00      0,00      0,00    100,00
21:39:19          6      0,50      0,00      0,00      0,00      0,00      0,00      0,00      0,00      0,00     99,50
21:39:19          7      0,50      0,00      0,00      0,00      0,00      0,00      0,00      0,00      0,00     99,50
21:39:19          8      0,50      0,00      0,00      0,00      0,00      0,00      0,00      0,00      0,00     99,50
21:39:19          9      0,50      0,00      0,00      0,00      0,00      0,00      0,00      0,00      0,00     99,50
21:39:19         10      0,50      0,00      0,50      0,00      0,00      0,00      0,00      0,00      0,00     99,00
21:39:19         11      0,50      0,00      0,00      0,00      0,00      0,00      0,00      0,00      0,00     99,50
21:39:19         12      0,00      0,00      0,00      0,00      0,00      0,00      0,00      0,00      0,00    100,00
21:39:19         13      0,00      0,00      0,00      0,00      0,00      0,00      0,00      0,00      0,00    100,00
21:39:19         14      0,50      0,00      0,00      0,00      0,00      0,00      0,00      0,00      0,00     99,50
21:39:19         15      0,50      0,00      0,50      0,00      0,00      0,00      0,00      0,00      0,00     99,00

21:39:17        IFACE   rxpck/s   txpck/s    rxkB/s    txkB/s   rxcmp/s   txcmp/s  rxmcst/s   %ifutil
21:39:19           lo      0,00      0,00      0,00      0,00      0,00      0,00      0,00      0,00
21:39:19         eno1      5,50      0,00      0,35      0,00      0,00      0,00      1,50      0,00
21:39:19         eno2      0,00      0,00      0,00      0,00      0,00      0,00      0,00      0,00
21:39:19      docker0      0,00      0,00      0,00      0,00      0,00      0,00      0,00      0,00
21:39:19      ens2np0 822363,50 822366,00 1201421,68 1201425,33      0,00      0,00      0,00     98,42
21:39:19      ens2np1      0,00      0,00      0,00      0,00      0,00      0,00      0,00      0,00

21:39:19        CPU      %usr     %nice      %sys   %iowait    %steal      %irq     %soft    %guest    %gnice     %idle
21:39:21        all      0,00      0,00      0,06      0,00      0,00      0,00      8,71      0,00      0,00     91,23
21:39:21          0      0,00      0,00      0,00      0,00      0,00      0,00     33,33      0,00      0,00     66,67
21:39:21          1      0,00      0,00      0,00      0,00      0,00      0,00     40,82      0,00      0,00     59,18
21:39:21          2      0,00      0,00      0,00      0,00      0,00      0,00     29,27      0,00      0,00     70,73
21:39:21          3      0,00      0,00      0,00      0,00      0,00      0,00     43,07      0,00      0,00     56,93
21:39:21          4      0,00      0,00      0,00      0,00      0,00      0,00      0,00      0,00      0,00    100,00
21:39:21          5      0,00      0,00      0,00      0,00      0,00      0,00      0,00      0,00      0,00    100,00
21:39:21          6      0,00      0,00      0,00      0,00      0,00      0,00      0,00      0,00      0,00    100,00
21:39:21          7      0,00      0,00      0,00      0,00      0,00      0,00      0,00      0,00      0,00    100,00
21:39:21          8      0,00      0,00      0,00      0,00      0,00      0,00      0,00      0,00      0,00    100,00
21:39:21          9      0,00      0,00      0,00      0,00      0,00      0,00      0,00      0,00      0,00    100,00
21:39:21         10      0,00      0,00      0,00      0,00      0,00      0,00      0,00      0,00      0,00    100,00
21:39:21         11      0,00      0,00      0,00      0,00      0,00      0,00      0,00      0,00      0,00    100,00
21:39:21         12      0,00      0,00      0,00      0,00      0,00      0,00      0,00      0,00      0,00    100,00
21:39:21         13      0,00      0,00      0,00      0,00      0,00      0,00      0,00      0,00      0,00    100,00
21:39:21         14      0,00      0,00      0,00      0,00      0,00      0,00      0,00      0,00      0,00    100,00
21:39:21         15      0,00      0,00      1,00      0,00      0,00      0,00      0,00      0,00      0,00     99,00

21:39:19        IFACE   rxpck/s   txpck/s    rxkB/s    txkB/s   rxcmp/s   txcmp/s  rxmcst/s   %ifutil
21:39:21           lo      0,00      0,00      0,00      0,00      0,00      0,00      0,00      0,00
21:39:21         eno1      7,50      0,00      0,47      0,00      0,00      0,00      1,00      0,00
21:39:21         eno2      0,00      0,00      0,00      0,00      0,00      0,00      0,00      0,00
21:39:21      docker0      0,00      0,00      0,00      0,00      0,00      0,00      0,00      0,00
21:39:21      ens2np0 822366,00 822354,50 1201425,33 1201408,53      0,00      0,00      0,00     98,42
21:39:21      ens2np1      0,00      0,00      0,00      0,00      0,00      0,00      0,00      0,00

21:39:21        CPU      %usr     %nice      %sys   %iowait    %steal      %irq     %soft    %guest    %gnice     %idle
21:39:23        all      0,03      0,00      0,06      0,00      0,00      0,00      8,39      0,00      0,00     91,51
21:39:23          0      0,00      0,00      0,00      0,00      0,00      0,00     30,12      0,00      0,00     69,88
21:39:23          1      0,00      0,00      0,00      0,00      0,00      0,00     33,33      0,00      0,00     66,67
21:39:23          2      0,00      0,00      0,00      0,00      0,00      0,00     42,21      0,00      0,00     57,79
21:39:23          3      0,00      0,00      0,00      0,00      0,00      0,00     37,84      0,00      0,00     62,16
21:39:23          4      0,00      0,00      0,00      0,00      0,00      0,00      0,00      0,00      0,00    100,00
21:39:23          5      0,00      0,00      0,00      0,00      0,00      0,00      0,00      0,00      0,00    100,00
21:39:23          6      0,00      0,00      0,00      0,00      0,00      0,00      0,00      0,00      0,00    100,00
21:39:23          7      0,00      0,00      0,00      0,00      0,00      0,00      0,00      0,00      0,00    100,00
21:39:23          8      0,00      0,00      0,00      0,00      0,00      0,00      0,00      0,00      0,00    100,00
21:39:23          9      0,00      0,00      0,00      0,00      0,00      0,00      0,00      0,00      0,00    100,00
21:39:23         10      0,00      0,00      0,00      0,00      0,00      0,00      0,00      0,00      0,00    100,00
21:39:23         11      0,00      0,00      0,00      0,00      0,00      0,00      0,00      0,00      0,00    100,00
21:39:23         12      0,00      0,00      0,00      0,00      0,00      0,00      0,00      0,00      0,00    100,00
21:39:23         13      0,00      0,00      0,00      0,00      0,00      0,00      0,00      0,00      0,00    100,00
21:39:23         14      0,00      0,00      0,00      0,00      0,00      0,00      0,00      0,00      0,00    100,00
21:39:23         15      0,50      0,00      1,01      0,00      0,00      0,00      0,00      0,00      0,00     98,49

21:39:21        IFACE   rxpck/s   txpck/s    rxkB/s    txkB/s   rxcmp/s   txcmp/s  rxmcst/s   %ifutil
21:39:23           lo      0,00      0,00      0,00      0,00      0,00      0,00      0,00      0,00
21:39:23         eno1      2,00      0,00      0,13      0,00      0,00      0,00      0,50      0,00
21:39:23         eno2      0,00      0,00      0,00      0,00      0,00      0,00      0,00      0,00
21:39:23      docker0      0,00      0,00      0,00      0,00      0,00      0,00      0,00      0,00
21:39:23      ens2np0 822359,00 822376,50 1201415,10 1201440,67      0,00      0,00      0,00     98,42
21:39:23      ens2np1      0,00      0,00      0,00      0,00      0,00      0,00      0,00      0,00

21:39:23        CPU      %usr     %nice      %sys   %iowait    %steal      %irq     %soft    %guest    %gnice     %idle
21:39:25        all      0,00      0,00      0,10      0,00      0,00      0,00      9,00      0,00      0,00     90,91
21:39:25          0      0,00      0,00      0,00      0,00      0,00      0,00     35,75      0,00      0,00     64,25
21:39:25          1      0,00      0,00      0,00      0,00      0,00      0,00     40,21      0,00      0,00     59,79
21:39:25          2      0,00      0,00      0,00      0,00      0,00      0,00     33,91      0,00      0,00     66,09
21:39:25          3      0,00      0,00      0,00      0,00      0,00      0,00     41,62      0,00      0,00     58,38
21:39:25          4      0,00      0,00      0,00      0,00      0,00      0,00      0,00      0,00      0,00    100,00
21:39:25          5      0,00      0,00      0,00      0,00      0,00      0,00      0,00      0,00      0,00    100,00
21:39:25          6      0,00      0,00      0,00      0,00      0,00      0,00      0,00      0,00      0,00    100,00
21:39:25          7      0,00      0,00      0,50      0,00      0,00      0,00      0,00      0,00      0,00     99,50
21:39:25          8      0,00      0,00      0,00      0,00      0,00      0,00      0,00      0,00      0,00    100,00
21:39:25          9      0,00      0,00      0,00      0,00      0,00      0,00      0,00      0,00      0,00    100,00
21:39:25         10      0,00      0,00      0,00      0,00      0,00      0,00      0,00      0,00      0,00    100,00
21:39:25         11      0,00      0,00      0,00      0,00      0,00      0,00      0,00      0,00      0,00    100,00
21:39:25         12      0,00      0,00      0,00      0,00      0,00      0,00      0,00      0,00      0,00    100,00
21:39:25         13      0,00      0,00      0,00      0,00      0,00      0,00      0,00      0,00      0,00    100,00
21:39:25         14      0,00      0,00      0,00      0,00      0,00      0,00      0,00      0,00      0,00    100,00
21:39:25         15      0,00      0,00      1,00      0,00      0,00      0,00      0,00      0,00      0,00     99,00

21:39:23        IFACE   rxpck/s   txpck/s    rxkB/s    txkB/s   rxcmp/s   txcmp/s  rxmcst/s   %ifutil
21:39:25           lo      0,00      0,00      0,00      0,00      0,00      0,00      0,00      0,00
21:39:25         eno1      5,50      0,00      0,35      0,00      0,00      0,00      1,00      0,00
21:39:25         eno2      0,00      0,00      0,00      0,00      0,00      0,00      0,00      0,00
21:39:25      docker0      0,00      0,00      0,00      0,00      0,00      0,00      0,00      0,00
21:39:25      ens2np0 822354,00 822347,00 1201407,80 1201397,57      0,00      0,00      0,00     98,42
21:39:25      ens2np1      0,00      0,00      0,00      0,00      0,00      0,00      0,00      0,00

21:39:25        CPU      %usr     %nice      %sys   %iowait    %steal      %irq     %soft    %guest    %gnice     %idle
21:39:27        all      0,52      0,00      0,23      0,00      0,00      0,00      7,49      0,00      0,00     91,77
21:39:27          0      0,58      0,00      0,00      0,00      0,00      0,00     32,95      0,00      0,00     66,47
21:39:27          1      0,62      0,00      0,00      0,00      0,00      0,00     27,33      0,00      0,00     72,05
21:39:27          2      0,56      0,00      0,56      0,00      0,00      0,00     33,90      0,00      0,00     64,97
21:39:27          3      0,00      0,00      0,00      0,00      0,00      0,00     38,17      0,00      0,00     61,83
21:39:27          4      0,50      0,00      0,00      0,00      0,00      0,00      0,00      0,00      0,00     99,50
21:39:27          5      0,50      0,00      0,50      0,00      0,00      0,00      0,00      0,00      0,00     99,00
21:39:27          6      0,00      0,00      0,00      0,00      0,00      0,00      0,00      0,00      0,00    100,00
21:39:27          7      1,51      0,00      0,00      0,00      0,00      0,00      0,00      0,00      0,00     98,49
21:39:27          8      1,00      0,00      0,00      0,00      0,00      0,00      0,00      0,00      0,00     99,00
21:39:27          9      0,00      0,00      0,00      0,00      0,00      0,00      0,00      0,00      0,00    100,00
21:39:27         10      0,50      0,00      0,50      0,00      0,00      0,00      0,00      0,00      0,00     99,00
21:39:27         11      0,00      0,00      0,50      0,00      0,00      0,00      0,00      0,00      0,00     99,50
21:39:27         12      1,00      0,00      0,00      0,00      0,00      0,00      0,00      0,00      0,00     99,00
21:39:27         13      0,50      0,00      0,50      0,00      0,00      0,00      0,00      0,00      0,00     99,01
21:39:27         14      0,50      0,00      0,00      0,00      0,00      0,00      0,00      0,00      0,00     99,50
21:39:27         15      0,50      0,00      1,00      0,00      0,00      0,00      0,00      0,00      0,00     98,50

21:39:25        IFACE   rxpck/s   txpck/s    rxkB/s    txkB/s   rxcmp/s   txcmp/s  rxmcst/s   %ifutil
21:39:27           lo      0,00      0,00      0,00      0,00      0,00      0,00      0,00      0,00
21:39:27         eno1      5,50      0,00      0,35      0,00      0,00      0,00      1,00      0,00
21:39:27         eno2      0,00      0,00      0,00      0,00      0,00      0,00      0,00      0,00
21:39:27      docker0      0,00      0,00      0,00      0,00      0,00      0,00      0,00      0,00
21:39:27      ens2np0 822382,50 822390,50 1201449,43 1201461,12      0,00      0,00      0,00     98,42
21:39:27      ens2np1      0,00      0,00      0,00      0,00      0,00      0,00      0,00      0,00

21:39:27        CPU      %usr     %nice      %sys   %iowait    %steal      %irq     %soft    %guest    %gnice     %idle
21:39:29        all      0,06      0,00      0,09      0,00      0,00      0,00      9,47      0,00      0,00     90,38
21:39:29          0      0,00      0,00      0,00      0,00      0,00      0,00     41,71      0,00      0,00     58,29
21:39:29          1      0,00      0,00      0,00      0,00      0,00      0,00     42,29      0,00      0,00     57,71
21:39:29          2      0,00      0,00      0,00      0,00      0,00      0,00     26,75      0,00      0,00     73,25
21:39:29          3      0,00      0,00      0,00      0,00      0,00      0,00     43,84      0,00      0,00     56,16
21:39:29          4      0,00      0,00      0,00      0,00      0,00      0,00      0,00      0,00      0,00    100,00
21:39:29          5      0,00      0,00      0,00      0,00      0,00      0,00      0,00      0,00      0,00    100,00
21:39:29          6      0,00      0,00      0,00      0,00      0,00      0,00      0,00      0,00      0,00    100,00
21:39:29          7      0,00      0,00      0,00      0,00      0,00      0,00      0,00      0,00      0,00    100,00
21:39:29          8      0,00      0,00      0,00      0,00      0,00      0,00      0,00      0,00      0,00    100,00
21:39:29          9      0,00      0,00      0,00      0,00      0,00      0,00      0,00      0,00      0,00    100,00
21:39:29         10      0,00      0,00      0,00      0,00      0,00      0,00      0,00      0,00      0,00    100,00
21:39:29         11      0,00      0,00      0,00      0,00      0,00      0,00      0,00      0,00      0,00    100,00
21:39:29         12      0,00      0,00      0,00      0,00      0,00      0,00      0,00      0,00      0,00    100,00
21:39:29         13      0,50      0,00      0,00      0,00      0,00      0,00      0,00      0,00      0,00     99,50
21:39:29         14      0,00      0,00      0,00      0,00      0,00      0,00      0,00      0,00      0,00    100,00
21:39:29         15      0,50      0,00      1,50      0,00      0,00      0,00      0,00      0,00      0,00     98,00

21:39:27        IFACE   rxpck/s   txpck/s    rxkB/s    txkB/s   rxcmp/s   txcmp/s  rxmcst/s   %ifutil
21:39:29           lo      0,00      0,00      0,00      0,00      0,00      0,00      0,00      0,00
21:39:29         eno1      5,50      0,50      0,35      0,03      0,00      0,00      1,00      0,00
21:39:29         eno2      0,00      0,00      0,00      0,00      0,00      0,00      0,00      0,00
21:39:29      docker0      0,00      0,00      0,00      0,00      0,00      0,00      0,00      0,00
21:39:29      ens2np0 822346,50 822348,00 1201396,84 1201399,03      0,00      0,00      0,00     98,42
21:39:29      ens2np1      0,00      0,00      0,00      0,00      0,00      0,00      0,00      0,00

21:39:29        CPU      %usr     %nice      %sys   %iowait    %steal      %irq     %soft    %guest    %gnice     %idle
21:39:31        all      0,00      0,00      0,10      0,00      0,00      0,00      9,31      0,00      0,00     90,59
21:39:31          0      0,00      0,00      0,00      0,00      0,00      0,00     39,90      0,00      0,00     60,10
21:39:31          1      0,00      0,00      0,00      0,00      0,00      0,00     31,76      0,00      0,00     68,24
21:39:31          2      0,00      0,00      0,00      0,00      0,00      0,00     43,35      0,00      0,00     56,65
21:39:31          3      0,00      0,00      0,00      0,00      0,00      0,00     39,47      0,00      0,00     60,53
21:39:31          4      0,00      0,00      0,00      0,00      0,00      0,00      0,00      0,00      0,00    100,00
21:39:31          5      0,00      0,00      0,00      0,00      0,00      0,00      0,00      0,00      0,00    100,00
21:39:31          6      0,00      0,00      0,00      0,00      0,00      0,00      0,00      0,00      0,00    100,00
21:39:31          7      0,00      0,00      0,50      0,00      0,00      0,00      0,00      0,00      0,00     99,50
21:39:31          8      0,00      0,00      0,00      0,00      0,00      0,00      0,00      0,00      0,00    100,00
21:39:31          9      0,00      0,00      0,00      0,00      0,00      0,00      0,00      0,00      0,00    100,00
21:39:31         10      0,00      0,00      0,50      0,00      0,00      0,00      0,00      0,00      0,00     99,50
21:39:31         11      0,00      0,00      0,00      0,00      0,00      0,00      0,00      0,00      0,00    100,00
21:39:31         12      0,00      0,00      0,00      0,00      0,00      0,00      0,00      0,00      0,00    100,00
21:39:31         13      0,00      0,00      0,00      0,00      0,00      0,00      0,00      0,00      0,00    100,00
21:39:31         14      0,00      0,00      0,00      0,00      0,00      0,00      0,00      0,00      0,00    100,00
21:39:31         15      0,00      0,00      0,50      0,00      0,00      0,00      0,00      0,00      0,00     99,50

21:39:29        IFACE   rxpck/s   txpck/s    rxkB/s    txkB/s   rxcmp/s   txcmp/s  rxmcst/s   %ifutil
21:39:31           lo      0,00      0,00      0,00      0,00      0,00      0,00      0,00      0,00
21:39:31         eno1      6,50      0,00      0,41      0,00      0,00      0,00      1,00      0,00
21:39:31         eno2      0,00      0,00      0,00      0,00      0,00      0,00      0,00      0,00
21:39:31      docker0      0,00      0,00      0,00      0,00      0,00      0,00      0,00      0,00
21:39:31      ens2np0 822385,50 822383,50 1201453,82 1201450,89      0,00      0,00      0,00     98,42
21:39:31      ens2np1      0,00      0,00      0,00      0,00      0,00      0,00      0,00      0,00

21:39:31        CPU      %usr     %nice      %sys   %iowait    %steal      %irq     %soft    %guest    %gnice     %idle
21:39:33        all      0,00      0,00      0,06      0,00      0,00      0,00      8,33      0,00      0,00     91,61
21:39:33          0      0,00      0,00      0,00      0,00      0,00      0,00     40,41      0,00      0,00     59,59
21:39:33          1      0,00      0,00      0,00      0,00      0,00      0,00     29,27      0,00      0,00     70,73
21:39:33          2      0,00      0,00      0,00      0,00      0,00      0,00     29,70      0,00      0,00     70,30
21:39:33          3      0,00      0,00      0,00      0,00      0,00      0,00     42,50      0,00      0,00     57,50
21:39:33          4      0,00      0,00      0,00      0,00      0,00      0,00      0,00      0,00      0,00    100,00
21:39:33          5      0,00      0,00      0,00      0,00      0,00      0,00      0,00      0,00      0,00    100,00
21:39:33          6      0,00      0,00      0,00      0,00      0,00      0,00      0,00      0,00      0,00    100,00
21:39:33          7      0,00      0,00      0,00      0,00      0,00      0,00      0,00      0,00      0,00    100,00
21:39:33          8      0,00      0,00      0,00      0,00      0,00      0,00      0,00      0,00      0,00    100,00
21:39:33          9      0,00      0,00      0,00      0,00      0,00      0,00      0,00      0,00      0,00    100,00
21:39:33         10      0,00      0,00      0,00      0,00      0,00      0,00      0,00      0,00      0,00    100,00
21:39:33         11      0,00      0,00      0,00      0,00      0,00      0,00      0,00      0,00      0,00    100,00
21:39:33         12      0,00      0,00      0,00      0,00      0,00      0,00      0,00      0,00      0,00    100,00
21:39:33         13      0,00      0,00      0,00      0,00      0,00      0,00      0,00      0,00      0,00    100,00
21:39:33         14      0,00      0,00      0,00      0,00      0,00      0,00      0,00      0,00      0,00    100,00
21:39:33         15      0,00      0,00      1,00      0,00      0,00      0,00      0,00      0,00      0,00     99,00

21:39:31        IFACE   rxpck/s   txpck/s    rxkB/s    txkB/s   rxcmp/s   txcmp/s  rxmcst/s   %ifutil
21:39:33           lo      0,00      0,00      0,00      0,00      0,00      0,00      0,00      0,00
21:39:33         eno1      4,00      0,00      0,25      0,00      0,00      0,00      1,00      0,00
21:39:33         eno2      0,00      0,00      0,00      0,00      0,00      0,00      0,00      0,00
21:39:33      docker0      0,00      0,00      0,00      0,00      0,00      0,00      0,00      0,00
21:39:33      ens2np0 822367,50 822368,50 1201427,52 1201428,98      0,00      0,00      0,00     98,42
21:39:33      ens2np1      0,00      0,00      0,00      0,00      0,00      0,00      0,00      0,00

21:39:33        CPU      %usr     %nice      %sys   %iowait    %steal      %irq     %soft    %guest    %gnice     %idle
21:39:35        all      0,03      0,00      0,10      0,00      0,00      0,00      7,08      0,00      0,00     92,79
21:39:35          0      0,00      0,00      0,00      0,00      0,00      0,00     30,54      0,00      0,00     69,46
21:39:35          1      0,00      0,00      0,00      0,00      0,00      0,00     28,83      0,00      0,00     71,17
21:39:35          2      0,00      0,00      0,00      0,00      0,00      0,00     35,39      0,00      0,00     64,61
21:39:35          3      0,00      0,00      0,00      0,00      0,00      0,00     33,14      0,00      0,00     66,86
21:39:35          4      0,00      0,00      0,00      0,00      0,00      0,00      0,00      0,00      0,00    100,00
21:39:35          5      0,00      0,00      0,00      0,00      0,00      0,00      0,00      0,00      0,00    100,00
21:39:35          6      0,00      0,00      0,50      0,00      0,00      0,00      0,00      0,00      0,00     99,50
21:39:35          7      0,00      0,00      0,00      0,00      0,00      0,00      0,00      0,00      0,00    100,00
21:39:35          8      0,00      0,00      0,00      0,00      0,00      0,00      0,00      0,00      0,00    100,00
21:39:35          9      0,00      0,00      0,00      0,00      0,00      0,00      0,00      0,00      0,00    100,00
21:39:35         10      0,00      0,00      0,00      0,00      0,00      0,00      0,00      0,00      0,00    100,00
21:39:35         11      0,00      0,00      0,00      0,00      0,00      0,00      0,00      0,00      0,00    100,00
21:39:35         12      0,00      0,00      0,00      0,00      0,00      0,00      0,00      0,00      0,00    100,00
21:39:35         13      0,00      0,00      0,00      0,00      0,00      0,00      0,00      0,00      0,00    100,00
21:39:35         14      0,00      0,00      0,00      0,00      0,00      0,00      0,00      0,00      0,00    100,00
21:39:35         15      0,50      0,00      1,01      0,00      0,00      0,00      0,00      0,00      0,00     98,49

21:39:33        IFACE   rxpck/s   txpck/s    rxkB/s    txkB/s   rxcmp/s   txcmp/s  rxmcst/s   %ifutil
21:39:35           lo      0,00      0,00      0,00      0,00      0,00      0,00      0,00      0,00
21:39:35         eno1      8,00      0,00      0,50      0,00      0,00      0,00      1,00      0,00
21:39:35         eno2      0,00      0,00      0,00      0,00      0,00      0,00      0,00      0,00
21:39:35      docker0      0,00      0,00      0,00      0,00      0,00      0,00      0,00      0,00
21:39:35      ens2np0 822354,00 822351,00 1201407,80 1201403,41      0,00      0,00      0,00     98,42
21:39:35      ens2np1      0,00      0,00      0,00      0,00      0,00      0,00      0,00      0,00

21:39:35        CPU      %usr     %nice      %sys   %iowait    %steal      %irq     %soft    %guest    %gnice     %idle
21:39:37        all      0,77      0,00      0,19      0,03      0,00      0,00      7,59      0,00      0,00     91,41
21:39:37          0      0,00      0,00      0,00      0,00      0,00      0,00     40,00      0,00      0,00     60,00
21:39:37          1      0,52      0,00      0,52      0,00      0,00      0,00     39,18      0,00      0,00     59,79
21:39:37          2      0,72      0,00      0,00      0,00      0,00      0,00     16,55      0,00      0,00     82,73
21:39:37          3      0,57      0,00      0,00      0,00      0,00      0,00     34,66      0,00      0,00     64,77
21:39:37          4      0,50      0,00      0,00      0,50      0,00      0,00      0,00      0,00      0,00     99,00
21:39:37          5      1,00      0,00      0,00      0,00      0,00      0,00      0,00      0,00      0,00     99,00
21:39:37          6      0,99      0,00      0,00      0,00      0,00      0,00      0,00      0,00      0,00     99,01
21:39:37          7      1,98      0,00      0,50      0,00      0,00      0,00      0,00      0,00      0,00     97,52
21:39:37          8      1,00      0,00      0,00      0,00      0,00      0,00      0,00      0,00      0,00     99,00
21:39:37          9      0,50      0,00      0,50      0,00      0,00      0,00      0,00      0,00      0,00     99,00
21:39:37         10      1,00      0,00      0,00      0,00      0,00      0,00      0,00      0,00      0,00     99,00
21:39:37         11      0,99      0,00      0,49      0,00      0,00      0,00      0,00      0,00      0,00     98,52
21:39:37         12      0,50      0,00      0,00      0,00      0,00      0,00      0,00      0,00      0,00     99,50
21:39:37         13      0,50      0,00      0,00      0,00      0,00      0,00      0,00      0,00      0,00     99,50
21:39:37         14      0,50      0,00      0,00      0,00      0,00      0,00      0,00      0,00      0,00     99,50
21:39:37         15      1,00      0,00      1,00      0,00      0,00      0,00      0,00      0,00      0,00     98,00

21:39:35        IFACE   rxpck/s   txpck/s    rxkB/s    txkB/s   rxcmp/s   txcmp/s  rxmcst/s   %ifutil
21:39:37           lo      0,00      0,00      0,00      0,00      0,00      0,00      0,00      0,00
21:39:37         eno1      3,50      0,00      0,22      0,00      0,00      0,00      1,00      0,00
21:39:37         eno2      0,00      0,00      0,00      0,00      0,00      0,00      0,00      0,00
21:39:37      docker0      0,00      0,00      0,00      0,00      0,00      0,00      0,00      0,00
21:39:37      ens2np0 822380,50 822378,50 1201446,51 1201443,59      0,00      0,00      0,00     98,42
21:39:37      ens2np1      0,00      0,00      0,00      0,00      0,00      0,00      0,00      0,00

21:39:37        CPU      %usr     %nice      %sys   %iowait    %steal      %irq     %soft    %guest    %gnice     %idle
21:39:39        all      0,03      0,00      0,13      0,03      0,00      0,00      7,65      0,00      0,00     92,16
21:39:39          0      0,00      0,00      0,00      0,00      0,00      0,00     41,03      0,00      0,00     58,97
21:39:39          1      0,00      0,00      0,00      0,00      0,00      0,00     41,12      0,00      0,00     58,88
21:39:39          2      0,00      0,00      0,00      0,00      0,00      0,00     10,16      0,00      0,00     89,84
21:39:39          3      0,00      0,00      0,00      0,00      0,00      0,00     35,59      0,00      0,00     64,41
21:39:39          4      0,00      0,00      0,00      0,00      0,00      0,00      0,00      0,00      0,00    100,00
21:39:39          5      0,00      0,00      0,00      0,00      0,00      0,00      0,00      0,00      0,00    100,00
21:39:39          6      0,00      0,00      0,50      0,00      0,00      0,00      0,00      0,00      0,00     99,50
21:39:39          7      0,50      0,00      0,50      0,00      0,00      0,00      0,00      0,00      0,00     99,00
21:39:39          8      0,00      0,00      0,00      0,00      0,00      0,00      0,00      0,00      0,00    100,00
21:39:39          9      0,00      0,00      0,00      0,00      0,00      0,00      0,00      0,00      0,00    100,00
21:39:39         10      0,00      0,00      0,00      0,00      0,00      0,00      0,00      0,00      0,00    100,00
21:39:39         11      0,00      0,00      0,00      0,00      0,00      0,00      0,00      0,00      0,00    100,00
21:39:39         12      0,00      0,00      0,50      0,50      0,00      0,00      0,00      0,00      0,00     99,00
21:39:39         13      0,00      0,00      0,00      0,00      0,00      0,00      0,00      0,00      0,00    100,00
21:39:39         14      0,00      0,00      0,50      0,00      0,00      0,00      0,00      0,00      0,00     99,50
21:39:39         15      0,00      0,00      0,00      0,00      0,00      0,00      0,00      0,00      0,00    100,00

21:39:37        IFACE   rxpck/s   txpck/s    rxkB/s    txkB/s   rxcmp/s   txcmp/s  rxmcst/s   %ifutil
21:39:39           lo      0,00      0,00      0,00      0,00      0,00      0,00      0,00      0,00
21:39:39         eno1      4,50      0,00      0,28      0,00      0,00      0,00      1,00      0,00
21:39:39         eno2      0,00      0,00      0,00      0,00      0,00      0,00      0,00      0,00
21:39:39      docker0      0,00      0,00      0,00      0,00      0,00      0,00      0,00      0,00
21:39:39      ens2np0 822365,00 822360,50 1201423,87 1201417,29      0,00      0,00      0,00     98,42
21:39:39      ens2np1      0,00      0,00      0,00      0,00      0,00      0,00      0,00      0,00

21:39:39        CPU      %usr     %nice      %sys   %iowait    %steal      %irq     %soft    %guest    %gnice     %idle
21:39:41        all      0,06      0,00      0,06      0,00      0,00      0,00      7,23      0,00      0,00     92,64
21:39:41          0      0,00      0,00      0,00      0,00      0,00      0,00     42,21      0,00      0,00     57,79
21:39:41          1      0,00      0,00      0,00      0,00      0,00      0,00     35,91      0,00      0,00     64,09
21:39:41          2      0,00      0,00      0,00      0,00      0,00      0,00     21,92      0,00      0,00     78,08
21:39:41          3      0,00      0,00      0,00      0,00      0,00      0,00     26,75      0,00      0,00     73,25
21:39:41          4      0,00      0,00      0,00      0,00      0,00      0,00      0,00      0,00      0,00    100,00
21:39:41          5      0,00      0,00      0,00      0,00      0,00      0,00      0,00      0,00      0,00    100,00
21:39:41          6      0,00      0,00      0,00      0,00      0,00      0,00      0,00      0,00      0,00    100,00
21:39:41          7      0,50      0,00      1,01      0,00      0,00      0,00      0,00      0,00      0,00     98,49
21:39:41          8      0,50      0,00      0,00      0,00      0,00      0,00      0,00      0,00      0,00     99,50
21:39:41          9      0,00      0,00      0,00      0,00      0,00      0,00      0,00      0,00      0,00    100,00
21:39:41         10      0,00      0,00      0,00      0,00      0,00      0,00      0,00      0,00      0,00    100,00
21:39:41         11      0,00      0,00      0,00      0,00      0,00      0,00      0,00      0,00      0,00    100,00
21:39:41         12      0,00      0,00      0,00      0,00      0,00      0,00      0,00      0,00      0,00    100,00
21:39:41         13      0,00      0,00      0,00      0,00      0,00      0,00      0,00      0,00      0,00    100,00
21:39:41         14      0,00      0,00      0,00      0,00      0,00      0,00      0,00      0,00      0,00    100,00
21:39:41         15      0,00      0,00      0,00      0,00      0,00      0,00      0,00      0,00      0,00    100,00

21:39:39        IFACE   rxpck/s   txpck/s    rxkB/s    txkB/s   rxcmp/s   txcmp/s  rxmcst/s   %ifutil
21:39:41           lo      0,00      0,00      0,00      0,00      0,00      0,00      0,00      0,00
21:39:41         eno1      5,00      0,00      0,31      0,00      0,00      0,00      1,00      0,00
21:39:41         eno2      0,00      0,00      0,00      0,00      0,00      0,00      0,00      0,00
21:39:41      docker0      0,00      0,00      0,00      0,00      0,00      0,00      0,00      0,00
21:39:41      ens2np0 822349,00 822357,50 1201400,49 1201412,91      0,00      0,00      0,00     98,42
21:39:41      ens2np1      0,00      0,00      0,00      0,00      0,00      0,00      0,00      0,00

21:39:41        CPU      %usr     %nice      %sys   %iowait    %steal      %irq     %soft    %guest    %gnice     %idle
21:39:43        all      0,03      0,00      0,10      0,00      0,00      0,00      8,70      0,00      0,00     91,17
21:39:43          0      0,00      0,00      0,00      0,00      0,00      0,00     36,61      0,00      0,00     63,39
21:39:43          1      0,00      0,00      0,00      0,00      0,00      0,00     39,47      0,00      0,00     60,53
21:39:43          2      0,00      0,00      0,00      0,00      0,00      0,00     42,00      0,00      0,00     58,00
21:39:43          3      0,00      0,00      0,00      0,00      0,00      0,00     29,01      0,00      0,00     70,99
21:39:43          4      0,00      0,00      0,00      0,00      0,00      0,00      0,00      0,00      0,00    100,00
21:39:43          5      0,00      0,00      0,00      0,00      0,00      0,00      0,00      0,00      0,00    100,00
21:39:43          6      0,00      0,00      0,00      0,00      0,00      0,00      0,00      0,00      0,00    100,00
21:39:43          7      0,50      0,00      1,00      0,00      0,00      0,00      0,00      0,00      0,00     98,51
21:39:43          8      0,00      0,00      0,00      0,00      0,00      0,00      0,00      0,00      0,00    100,00
21:39:43          9      0,00      0,00      0,00      0,00      0,00      0,00      0,00      0,00      0,00    100,00
21:39:43         10      0,00      0,00      0,50      0,00      0,00      0,00      0,00      0,00      0,00     99,50
21:39:43         11      0,00      0,00      0,00      0,00      0,00      0,00      0,00      0,00      0,00    100,00
21:39:43         12      0,00      0,00      0,00      0,00      0,00      0,00      0,00      0,00      0,00    100,00
21:39:43         13      0,00      0,00      0,00      0,00      0,00      0,00      0,00      0,00      0,00    100,00
21:39:43         14      0,00      0,00      0,00      0,00      0,00      0,00      0,00      0,00      0,00    100,00
21:39:43         15      0,00      0,00      0,00      0,00      0,00      0,00      0,00      0,00      0,00    100,00

21:39:41        IFACE   rxpck/s   txpck/s    rxkB/s    txkB/s   rxcmp/s   txcmp/s  rxmcst/s   %ifutil
21:39:43           lo      0,00      0,00      0,00      0,00      0,00      0,00      0,00      0,00
21:39:43         eno1      6,00      0,50      0,38      0,03      0,00      0,00      1,50      0,00
21:39:43         eno2      0,00      0,00      0,00      0,00      0,00      0,00      0,00      0,00
21:39:43      docker0      0,00      0,00      0,00      0,00      0,00      0,00      0,00      0,00
21:39:43      ens2np0 822387,50 822380,00 1201456,74 1201445,78      0,00      0,00      0,00     98,42
21:39:43      ens2np1      0,00      0,00      0,00      0,00      0,00      0,00      0,00      0,00

21:39:43        CPU      %usr     %nice      %sys   %iowait    %steal      %irq     %soft    %guest    %gnice     %idle
21:39:45        all      0,00      0,00      0,06      0,03      0,00      0,00      7,20      0,00      0,00     92,70
21:39:45          0      0,00      0,00      0,00      0,00      0,00      0,00     33,53      0,00      0,00     66,47
21:39:45          1      0,00      0,00      0,00      0,00      0,00      0,00     36,26      0,00      0,00     63,74
21:39:45          2      0,00      0,00      0,00      0,00      0,00      0,00     22,30      0,00      0,00     77,70
21:39:45          3      0,00      0,00      0,00      0,56      0,00      0,00     36,11      0,00      0,00     63,33
21:39:45          4      0,00      0,00      0,00      0,00      0,00      0,00      0,00      0,00      0,00    100,00
21:39:45          5      0,00      0,00      0,00      0,00      0,00      0,00      0,00      0,00      0,00    100,00
21:39:45          6      0,00      0,00      0,00      0,00      0,00      0,00      0,00      0,00      0,00    100,00
21:39:45          7      0,00      0,00      0,50      0,00      0,00      0,00      0,00      0,00      0,00     99,50
21:39:45          8      0,00      0,00      0,00      0,00      0,00      0,00      0,00      0,00      0,00    100,00
21:39:45          9      0,00      0,00      0,00      0,00      0,00      0,00      0,00      0,00      0,00    100,00
21:39:45         10      0,00      0,00      0,00      0,00      0,00      0,00      0,00      0,00      0,00    100,00
21:39:45         11      0,00      0,00      0,50      0,00      0,00      0,00      0,00      0,00      0,00     99,50
21:39:45         12      0,00      0,00      0,00      0,00      0,00      0,00      0,00      0,00      0,00    100,00
21:39:45         13      0,00      0,00      0,00      0,00      0,00      0,00      0,00      0,00      0,00    100,00
21:39:45         14      0,00      0,00      0,00      0,00      0,00      0,00      0,00      0,00      0,00    100,00
21:39:45         15      0,00      0,00      0,00      0,00      0,00      0,00      0,00      0,00      0,00    100,00

21:39:43        IFACE   rxpck/s   txpck/s    rxkB/s    txkB/s   rxcmp/s   txcmp/s  rxmcst/s   %ifutil
21:39:45           lo      0,00      0,00      0,00      0,00      0,00      0,00      0,00      0,00
21:39:45         eno1      6,00      0,00      0,38      0,00      0,00      0,00      1,00      0,00
21:39:45         eno2      0,00      0,00      0,00      0,00      0,00      0,00      0,00      0,00
21:39:45      docker0      0,00      0,00      0,00      0,00      0,00      0,00      0,00      0,00
21:39:45      ens2np0 822361,50 822358,50 1201418,75 1201414,37      0,00      0,00      0,00     98,42
21:39:45      ens2np1      0,00      0,00      0,00      0,00      0,00      0,00      0,00      0,00

21:39:45        CPU      %usr     %nice      %sys   %iowait    %steal      %irq     %soft    %guest    %gnice     %idle
21:39:47        all      0,35      0,00      0,25      0,00      0,00      0,00     10,29      0,00      0,00     89,11
21:39:47          0      0,51      0,00      0,00      0,00      0,00      0,00     40,61      0,00      0,00     58,88
21:39:47          1      0,00      0,00      0,00      0,00      0,00      0,00     41,92      0,00      0,00     58,08
21:39:47          2      0,00      0,00      0,00      0,00      0,00      0,00     44,66      0,00      0,00     55,34
21:39:47          3      0,00      0,00      0,00      0,00      0,00      0,00     38,83      0,00      0,00     61,17
21:39:47          4      0,00      0,00      0,00      0,00      0,00      0,00      0,00      0,00      0,00    100,00
21:39:47          5      2,00      0,00      0,50      0,00      0,00      0,00      0,00      0,00      0,00     97,50
21:39:47          6      0,00      0,00      0,00      0,00      0,00      0,00      0,00      0,00      0,00    100,00
21:39:47          7      0,00      0,00      2,01      0,00      0,00      0,00      0,00      0,00      0,00     97,99
21:39:47          8      0,50      0,00      1,00      0,00      0,00      0,00      0,00      0,00      0,00     98,51
21:39:47          9      0,00      0,00      0,00      0,00      0,00      0,00      0,00      0,00      0,00    100,00
21:39:47         10      0,50      0,00      0,50      0,00      0,00      0,00      0,00      0,00      0,00     99,00
21:39:47         11      0,00      0,00      0,00      0,00      0,00      0,00      0,00      0,00      0,00    100,00
21:39:47         12      0,50      0,00      0,00      0,00      0,00      0,00      0,00      0,00      0,00     99,50
21:39:47         13      0,50      0,00      0,00      0,00      0,00      0,00      0,00      0,00      0,00     99,50
21:39:47         14      1,00      0,00      0,00      0,00      0,00      0,00      0,00      0,00      0,00     99,00
21:39:47         15      0,00      0,00      0,00      0,00      0,00      0,00      0,00      0,00      0,00    100,00

21:39:45        IFACE   rxpck/s   txpck/s    rxkB/s    txkB/s   rxcmp/s   txcmp/s  rxmcst/s   %ifutil
21:39:47           lo      0,00      0,00      0,00      0,00      0,00      0,00      0,00      0,00
21:39:47         eno1      3,50      0,00      0,22      0,00      0,00      0,00      1,00      0,00
21:39:47         eno2      0,00      0,00      0,00      0,00      0,00      0,00      0,00      0,00
21:39:47      docker0      0,00      0,00      0,00      0,00      0,00      0,00      0,00      0,00
21:39:47      ens2np0 822373,00 822378,00 1201435,55 1201442,86      0,00      0,00      0,00     98,42
21:39:47      ens2np1      0,00      0,00      0,00      0,00      0,00      0,00      0,00      0,00

21:39:47        CPU      %usr     %nice      %sys   %iowait    %steal      %irq     %soft    %guest    %gnice     %idle
21:39:49        all      0,07      0,00      0,03      0,00      0,00      0,00      6,68      0,00      0,00     93,22
21:39:49          0      0,00      0,00      0,00      0,00      0,00      0,00     40,72      0,00      0,00     59,28
21:39:49          1      0,00      0,00      0,00      0,00      0,00      0,00     39,90      0,00      0,00     60,10
21:39:49          2      0,00      0,00      0,00      0,00      0,00      0,00     25,64      0,00      0,00     74,36
21:39:49          3      0,00      0,00      0,00      0,00      0,00      0,00      7,26      0,00      0,00     92,74
21:39:49          4      0,00      0,00      0,00      0,00      0,00      0,00      0,00      0,00      0,00    100,00
21:39:49          5      0,00      0,00      0,00      0,00      0,00      0,00      0,00      0,00      0,00    100,00
21:39:49          6      0,00      0,00      0,00      0,00      0,00      0,00      0,00      0,00      0,00    100,00
21:39:49          7      0,50      0,00      0,50      0,00      0,00      0,00      0,00      0,00      0,00     99,00
21:39:49          8      0,00      0,00      0,00      0,00      0,00      0,00      0,00      0,00      0,00    100,00
21:39:49          9      0,00      0,00      0,00      0,00      0,00      0,00      0,00      0,00      0,00    100,00
21:39:49         10      0,50      0,00      0,00      0,00      0,00      0,00      0,00      0,00      0,00     99,50
21:39:49         11      0,00      0,00      0,00      0,00      0,00      0,00      0,00      0,00      0,00    100,00
21:39:49         12      0,00      0,00      0,00      0,00      0,00      0,00      0,00      0,00      0,00    100,00
21:39:49         13      0,00      0,00      0,00      0,00      0,00      0,00      0,00      0,00      0,00    100,00
21:39:49         14      0,00      0,00      0,00      0,00      0,00      0,00      0,00      0,00      0,00    100,00
21:39:49         15      0,00      0,00      0,00      0,00      0,00      0,00      0,00      0,00      0,00    100,00

21:39:47        IFACE   rxpck/s   txpck/s    rxkB/s    txkB/s   rxcmp/s   txcmp/s  rxmcst/s   %ifutil
21:39:49           lo      0,00      0,00      0,00      0,00      0,00      0,00      0,00      0,00
21:39:49         eno1      5,50      0,00      0,35      0,00      0,00      0,00      1,00      0,00
21:39:49         eno2      0,00      0,00      0,00      0,00      0,00      0,00      0,00      0,00
21:39:49      docker0      0,00      0,00      0,00      0,00      0,00      0,00      0,00      0,00
21:39:49      ens2np0 822368,50 822369,00 1201428,98 1201429,71      0,00      0,00      0,00     98,42
21:39:49      ens2np1      0,00      0,00      0,00      0,00      0,00      0,00      0,00      0,00

21:39:49        CPU      %usr     %nice      %sys   %iowait    %steal      %irq     %soft    %guest    %gnice     %idle
21:39:51        all      0,03      0,00      0,07      0,00      0,00      0,00      6,44      0,00      0,00     93,46
21:39:51          0      0,00      0,00      0,00      0,00      0,00      0,00     39,58      0,00      0,00     60,42
21:39:51          1      0,00      0,00      0,00      0,00      0,00      0,00     38,30      0,00      0,00     61,70
21:39:51          2      0,00      0,00      0,00      0,00      0,00      0,00     13,53      0,00      0,00     86,47
21:39:51          3      0,00      0,00      0,00      0,00      0,00      0,00     21,23      0,00      0,00     78,77
21:39:51          4      0,50      0,00      0,00      0,00      0,00      0,00      0,00      0,00      0,00     99,50
21:39:51          5      0,00      0,00      0,00      0,00      0,00      0,00      0,00      0,00      0,00    100,00
21:39:51          6      0,00      0,00      0,00      0,00      0,00      0,00      0,00      0,00      0,00    100,00
21:39:51          7      0,00      0,00      1,00      0,00      0,00      0,00      0,00      0,00      0,00     99,00
21:39:51          8      0,00      0,00      0,00      0,00      0,00      0,00      0,00      0,00      0,00    100,00
21:39:51          9      0,00      0,00      0,00      0,00      0,00      0,00      0,00      0,00      0,00    100,00
21:39:51         10      0,00      0,00      0,00      0,00      0,00      0,00      0,00      0,00      0,00    100,00
21:39:51         11      0,00      0,00      0,00      0,00      0,00      0,00      0,00      0,00      0,00    100,00
21:39:51         12      0,00      0,00      0,00      0,00      0,00      0,00      0,00      0,00      0,00    100,00
21:39:51         13      0,00      0,00      0,00      0,00      0,00      0,00      0,00      0,00      0,00    100,00
21:39:51         14      0,00      0,00      0,00      0,00      0,00      0,00      0,00      0,00      0,00    100,00
21:39:51         15      0,00      0,00      0,00      0,00      0,00      0,00      0,00      0,00      0,00    100,00

21:39:49        IFACE   rxpck/s   txpck/s    rxkB/s    txkB/s   rxcmp/s   txcmp/s  rxmcst/s   %ifutil
21:39:51           lo      0,00      0,00      0,00      0,00      0,00      0,00      0,00      0,00
21:39:51         eno1      6,00      0,50      0,38      0,03      0,00      0,00      1,00      0,00
21:39:51         eno2      0,00      0,00      0,00      0,00      0,00      0,00      0,00      0,00
21:39:51      docker0      0,00      0,00      0,00      0,00      0,00      0,00      0,00      0,00
21:39:51      ens2np0 822356,00 822359,00 1201410,72 1201415,10      0,00      0,00      0,00     98,42
21:39:51      ens2np1      0,00      0,00      0,00      0,00      0,00      0,00      0,00      0,00

21:39:51        CPU      %usr     %nice      %sys   %iowait    %steal      %irq     %soft    %guest    %gnice     %idle
21:39:53        all      0,03      0,00      0,10      0,00      0,00      0,00      9,03      0,00      0,00     90,84
21:39:53          0      0,00      0,00      0,00      0,00      0,00      0,00     41,33      0,00      0,00     58,67
21:39:53          1      0,00      0,00      0,00      0,00      0,00      0,00     41,41      0,00      0,00     58,59
21:39:53          2      0,00      0,00      0,00      0,00      0,00      0,00     41,33      0,00      0,00     58,67
21:39:53          3      0,00      0,00      0,00      0,00      0,00      0,00     25,97      0,00      0,00     74,03
21:39:53          4      0,00      0,00      0,00      0,00      0,00      0,00      0,00      0,00      0,00    100,00
21:39:53          5      0,00      0,00      0,00      0,00      0,00      0,00      0,00      0,00      0,00    100,00
21:39:53          6      0,00      0,00      0,00      0,00      0,00      0,00      0,00      0,00      0,00    100,00
21:39:53          7      0,50      0,00      0,00      0,00      0,00      0,00      0,00      0,00      0,00     99,50
21:39:53          8      0,00      0,00      0,00      0,00      0,00      0,00      0,00      0,00      0,00    100,00
21:39:53          9      0,00      0,00      0,00      0,00      0,00      0,00      0,00      0,00      0,00    100,00
21:39:53         10      0,00      0,00      0,00      0,00      0,00      0,00      0,00      0,00      0,00    100,00
21:39:53         11      0,00      0,00      0,00      0,00      0,00      0,00      0,00      0,00      0,00    100,00
21:39:53         12      0,00      0,00      0,00      0,00      0,00      0,00      0,00      0,00      0,00    100,00
21:39:53         13      0,00      0,00      0,50      0,00      0,00      0,00      0,00      0,00      0,00     99,50
21:39:53         14      0,00      0,00      0,00      0,00      0,00      0,00      0,00      0,00      0,00    100,00
21:39:53         15      0,00      0,00      1,01      0,00      0,00      0,00      0,00      0,00      0,00     98,99

21:39:51        IFACE   rxpck/s   txpck/s    rxkB/s    txkB/s   rxcmp/s   txcmp/s  rxmcst/s   %ifutil
21:39:53           lo      0,00      0,00      0,00      0,00      0,00      0,00      0,00      0,00
21:39:53         eno1      5,00      0,00      0,31      0,00      0,00      0,00      1,00      0,00
21:39:53         eno2      0,00      0,00      0,00      0,00      0,00      0,00      0,00      0,00
21:39:53      docker0      0,00      0,00      0,00      0,00      0,00      0,00      0,00      0,00
21:39:53      ens2np0 822359,50 822360,50 1201415,83 1201417,29      0,00      0,00      0,00     98,42
21:39:53      ens2np1      0,00      0,00      0,00      0,00      0,00      0,00      0,00      0,00

21:39:53        CPU      %usr     %nice      %sys   %iowait    %steal      %irq     %soft    %guest    %gnice     %idle
21:39:55        all      0,00      0,00      0,06      0,00      0,00      0,00      9,30      0,00      0,00     90,64
21:39:55          0      0,00      0,00      0,00      0,00      0,00      0,00     40,21      0,00      0,00     59,79
21:39:55          1      0,00      0,00      0,00      0,00      0,00      0,00     39,47      0,00      0,00     60,53
21:39:55          2      0,00      0,00      0,00      0,00      0,00      0,00     37,16      0,00      0,00     62,84
21:39:55          3      0,00      0,00      0,00      0,00      0,00      0,00     38,50      0,00      0,00     61,50
21:39:55          4      0,00      0,00      0,00      0,00      0,00      0,00      0,00      0,00      0,00    100,00
21:39:55          5      0,00      0,00      0,00      0,00      0,00      0,00      0,00      0,00      0,00    100,00
21:39:55          6      0,00      0,00      0,00      0,00      0,00      0,00      0,00      0,00      0,00    100,00
21:39:55          7      0,00      0,00      0,00      0,00      0,00      0,00      0,00      0,00      0,00    100,00
21:39:55          8      0,00      0,00      0,00      0,00      0,00      0,00      0,00      0,00      0,00    100,00
21:39:55          9      0,00      0,00      0,00      0,00      0,00      0,00      0,00      0,00      0,00    100,00
21:39:55         10      0,00      0,00      0,00      0,00      0,00      0,00      0,00      0,00      0,00    100,00
21:39:55         11      0,00      0,00      0,00      0,00      0,00      0,00      0,00      0,00      0,00    100,00
21:39:55         12      0,00      0,00      0,00      0,00      0,00      0,00      0,00      0,00      0,00    100,00
21:39:55         13      0,00      0,00      0,00      0,00      0,00      0,00      0,00      0,00      0,00    100,00
21:39:55         14      0,00      0,00      0,00      0,00      0,00      0,00      0,00      0,00      0,00    100,00
21:39:55         15      0,00      0,00      1,00      0,00      0,00      0,00      0,00      0,00      0,00     99,00

21:39:53        IFACE   rxpck/s   txpck/s    rxkB/s    txkB/s   rxcmp/s   txcmp/s  rxmcst/s   %ifutil
21:39:55           lo      0,00      0,00      0,00      0,00      0,00      0,00      0,00      0,00
21:39:55         eno1      6,50      0,50      0,41      0,03      0,00      0,00      1,00      0,00
21:39:55         eno2      0,00      0,00      0,00      0,00      0,00      0,00      0,00      0,00
21:39:55      docker0      0,00      0,00      0,00      0,00      0,00      0,00      0,00      0,00
21:39:55      ens2np0 822372,50 822367,50 1201434,82 1201427,52      0,00      0,00      0,00     98,42
21:39:55      ens2np1      0,00      0,00      0,00      0,00      0,00      0,00      0,00      0,00

Average:        CPU      %usr     %nice      %sys   %iowait    %steal      %irq     %soft    %guest    %gnice     %idle
Average:        all      0,13      0,00      0,10      0,00      0,00      0,00      6,41      0,00      0,00     93,36
Average:          0      0,06      0,00      0,00      0,00      0,00      0,00     29,08      0,00      0,00     70,86
Average:          1      0,06      0,00      0,02      0,00      0,00      0,00     28,77      0,00      0,00     71,14
Average:          2      0,11      0,00      0,02      0,00      0,00      0,00     24,47      0,00      0,00     75,39
Average:          3      0,07      0,00      0,00      0,02      0,00      0,00     26,79      0,00      0,00     73,13
Average:          4      0,08      0,00      0,00      0,02      0,00      0,00      0,00      0,00      0,00     99,90
Average:          5      0,16      0,00      0,06      0,00      0,00      0,00      0,00      0,00      0,00     99,78
Average:          6      0,08      0,00      0,04      0,00      0,00      0,00      0,00      0,00      0,00     99,88
Average:          7      0,28      0,00      0,32      0,00      0,00      0,00      0,00      0,00      0,00     99,40
Average:          8      0,16      0,00      0,06      0,00      0,00      0,00      0,00      0,00      0,00     99,78
Average:          9      0,06      0,00      0,02      0,00      0,00      0,00      0,00      0,00      0,00     99,92
Average:         10      0,14      0,00      0,12      0,00      0,00      0,00      0,00      0,00      0,00     99,74
Average:         11      0,18      0,00      0,06      0,00      0,00      0,00      0,00      0,00      0,00     99,76
Average:         12      0,10      0,00      0,04      0,02      0,00      0,00      0,00      0,00      0,00     99,84
Average:         13      0,14      0,00      0,06      0,00      0,00      0,00      0,00      0,00      0,00     99,80
Average:         14      0,16      0,00      0,02      0,00      0,00      0,00      0,00      0,00      0,00     99,82
Average:         15      0,18      0,00      0,72      0,00      0,00      0,00      0,00      0,00      0,00     99,10

Average:        IFACE   rxpck/s   txpck/s    rxkB/s    txkB/s   rxcmp/s   txcmp/s  rxmcst/s   %ifutil
Average:           lo      0,00      0,00      0,00      0,00      0,00      0,00      0,00      0,00
Average:         eno1      5,96      0,88      0,47      0,14      0,00      0,00      1,08      0,00
Average:         eno2      0,00      0,00      0,00      0,00      0,00      0,00      0,00      0,00
Average:      docker0      0,00      0,00      0,00      0,00      0,00      0,00      0,00      0,00
Average:      ens2np0 644099,18 644098,22 940988,65 940987,24      0,00      0,00      0,00     77,09
Average:      ens2np1      0,00      0,00      0,00      0,00      0,00      0,00      0,00      0,00
