Linux 5.13.0-52-generic (w1) 	15/07/2022 	_x86_64_	(16 CPU)

01:17:49        CPU      %usr     %nice      %sys   %iowait    %steal      %irq     %soft    %guest    %gnice     %idle
01:17:51        all      0,06      0,00      0,03      0,00      0,00      0,00      0,00      0,00      0,00     99,91
01:17:51          0      0,00      0,00      0,00      0,00      0,00      0,00      0,00      0,00      0,00    100,00
01:17:51          1      0,00      0,00      0,00      0,00      0,00      0,00      0,00      0,00      0,00    100,00
01:17:51          2      0,00      0,00      0,00      0,00      0,00      0,00      0,00      0,00      0,00    100,00
01:17:51          3      0,00      0,00      0,00      0,00      0,00      0,00      0,00      0,00      0,00    100,00
01:17:51          4      0,00      0,00      0,00      0,00      0,00      0,00      0,00      0,00      0,00    100,00
01:17:51          5      0,00      0,00      0,00      0,00      0,00      0,00      0,00      0,00      0,00    100,00
01:17:51          6      0,00      0,00      0,00      0,00      0,00      0,00      0,00      0,00      0,00    100,00
01:17:51          7      0,00      0,00      0,00      0,00      0,00      0,00      0,00      0,00      0,00    100,00
01:17:51          8      0,00      0,00      0,00      0,00      0,00      0,00      0,00      0,00      0,00    100,00
01:17:51          9      0,00      0,00      0,00      0,00      0,00      0,00      0,00      0,00      0,00    100,00
01:17:51         10      0,00      0,00      0,00      0,00      0,00      0,00      0,00      0,00      0,00    100,00
01:17:51         11      1,00      0,00      0,50      0,00      0,00      0,00      0,00      0,00      0,00     98,50
01:17:51         12      0,00      0,00      0,00      0,00      0,00      0,00      0,00      0,00      0,00    100,00
01:17:51         13      0,00      0,00      0,00      0,00      0,00      0,00      0,00      0,00      0,00    100,00
01:17:51         14      0,00      0,00      0,00      0,00      0,00      0,00      0,00      0,00      0,00    100,00
01:17:51         15      0,00      0,00      0,00      0,00      0,00      0,00      0,00      0,00      0,00    100,00

01:17:49        IFACE   rxpck/s   txpck/s    rxkB/s    txkB/s   rxcmp/s   txcmp/s  rxmcst/s   %ifutil
01:17:51           lo      0,00      0,00      0,00      0,00      0,00      0,00      0,00      0,00
01:17:51         eno1     19,50     17,50      3,60      3,36      0,00      0,00      1,00      0,00
01:17:51         eno2      0,00      0,00      0,00      0,00      0,00      0,00      0,00      0,00
01:17:51      docker0      0,00      0,00      0,00      0,00      0,00      0,00      0,00      0,00
01:17:51      ens2np0      0,00      0,00      0,00      0,00      0,00      0,00      0,00      0,00
01:17:51      ens2np1      0,00      0,00      0,00      0,00      0,00      0,00      0,00      0,00

01:17:51        CPU      %usr     %nice      %sys   %iowait    %steal      %irq     %soft    %guest    %gnice     %idle
01:17:53        all      0,66      0,00      0,22      0,00      0,00      0,00      0,00      0,00      0,00     99,13
01:17:53          0      0,50      0,00      0,00      0,00      0,00      0,00      0,00      0,00      0,00     99,50
01:17:53          1      0,50      0,00      0,00      0,00      0,00      0,00      0,00      0,00      0,00     99,50
01:17:53          2      0,50      0,00      0,00      0,00      0,00      0,00      0,00      0,00      0,00     99,50
01:17:53          3      0,50      0,00      0,00      0,00      0,00      0,00      0,00      0,00      0,00     99,50
01:17:53          4      0,50      0,00      0,50      0,00      0,00      0,00      0,00      0,00      0,00     99,00
01:17:53          5      1,49      0,00      0,50      0,00      0,00      0,00      0,00      0,00      0,00     98,01
01:17:53          6      0,50      0,00      0,00      0,00      0,00      0,00      0,00      0,00      0,00     99,50
01:17:53          7      1,00      0,00      0,00      0,00      0,00      0,00      0,00      0,00      0,00     99,00
01:17:53          8      0,00      0,00      0,00      0,00      0,00      0,00      0,00      0,00      0,00    100,00
01:17:53          9      1,00      0,00      0,00      0,00      0,00      0,00      0,00      0,00      0,00     99,00
01:17:53         10      0,50      0,00      0,00      0,00      0,00      0,00      0,00      0,00      0,00     99,50
01:17:53         11      0,50      0,00      1,51      0,00      0,00      0,00      0,00      0,00      0,00     97,99
01:17:53         12      0,50      0,00      0,00      0,00      0,00      0,00      0,00      0,00      0,00     99,50
01:17:53         13      0,50      0,00      0,00      0,00      0,00      0,00      0,00      0,00      0,00     99,50
01:17:53         14      1,00      0,00      0,50      0,00      0,00      0,00      0,00      0,00      0,00     98,51
01:17:53         15      1,00      0,00      0,50      0,00      0,00      0,00      0,00      0,00      0,00     98,50

01:17:51        IFACE   rxpck/s   txpck/s    rxkB/s    txkB/s   rxcmp/s   txcmp/s  rxmcst/s   %ifutil
01:17:53           lo      0,00      0,00      0,00      0,00      0,00      0,00      0,00      0,00
01:17:53         eno1      6,00      0,50      0,43      0,03      0,00      0,00      1,00      0,00
01:17:53         eno2      0,00      0,00      0,00      0,00      0,00      0,00      0,00      0,00
01:17:53      docker0      0,00      0,00      0,00      0,00      0,00      0,00      0,00      0,00
01:17:53      ens2np0      0,00      0,00      0,00      0,00      0,00      0,00      0,00      0,00
01:17:53      ens2np1      0,00      0,00      0,00      0,00      0,00      0,00      0,00      0,00

01:17:53        CPU      %usr     %nice      %sys   %iowait    %steal      %irq     %soft    %guest    %gnice     %idle
01:17:55        all      0,09      0,00      0,09      0,00      0,00      0,00      0,00      0,00      0,00     99,81
01:17:55          0      0,00      0,00      0,00      0,00      0,00      0,00      0,00      0,00      0,00    100,00
01:17:55          1      0,00      0,00      0,00      0,00      0,00      0,00      0,00      0,00      0,00    100,00
01:17:55          2      0,00      0,00      0,00      0,00      0,00      0,00      0,00      0,00      0,00    100,00
01:17:55          3      0,00      0,00      0,00      0,00      0,00      0,00      0,00      0,00      0,00    100,00
01:17:55          4      0,00      0,00      0,00      0,00      0,00      0,00      0,00      0,00      0,00    100,00
01:17:55          5      0,00      0,00      0,00      0,00      0,00      0,00      0,00      0,00      0,00    100,00
01:17:55          6      0,00      0,00      0,00      0,00      0,00      0,00      0,00      0,00      0,00    100,00
01:17:55          7      0,00      0,00      0,00      0,00      0,00      0,00      0,00      0,00      0,00    100,00
01:17:55          8      0,00      0,00      0,00      0,00      0,00      0,00      0,00      0,00      0,00    100,00
01:17:55          9      0,50      0,00      0,00      0,00      0,00      0,00      0,00      0,00      0,00     99,50
01:17:55         10      0,50      0,00      0,00      0,00      0,00      0,00      0,00      0,00      0,00     99,50
01:17:55         11      0,00      0,00      1,01      0,00      0,00      0,00      0,00      0,00      0,00     98,99
01:17:55         12      0,50      0,00      0,00      0,00      0,00      0,00      0,00      0,00      0,00     99,50
01:17:55         13      0,00      0,00      0,00      0,00      0,00      0,00      0,00      0,00      0,00    100,00
01:17:55         14      0,00      0,00      0,50      0,00      0,00      0,00      0,00      0,00      0,00     99,50
01:17:55         15      0,00      0,00      0,00      0,00      0,00      0,00      0,00      0,00      0,00    100,00

01:17:53        IFACE   rxpck/s   txpck/s    rxkB/s    txkB/s   rxcmp/s   txcmp/s  rxmcst/s   %ifutil
01:17:55           lo      0,00      0,00      0,00      0,00      0,00      0,00      0,00      0,00
01:17:55         eno1      9,50      5,50      1,13      1,11      0,00      0,00      1,00      0,00
01:17:55         eno2      0,00      0,00      0,00      0,00      0,00      0,00      0,00      0,00
01:17:55      docker0      0,00      0,00      0,00      0,00      0,00      0,00      0,00      0,00
01:17:55      ens2np0      0,00      0,00      0,00      0,00      0,00      0,00      0,00      0,00
01:17:55      ens2np1      0,00      0,00      0,00      0,00      0,00      0,00      0,00      0,00

01:17:55        CPU      %usr     %nice      %sys   %iowait    %steal      %irq     %soft    %guest    %gnice     %idle
01:17:57        all      0,09      0,00      0,12      0,00      0,00      0,00      0,00      0,00      0,00     99,78
01:17:57          0      0,00      0,00      0,00      0,00      0,00      0,00      0,00      0,00      0,00    100,00
01:17:57          1      0,00      0,00      0,00      0,00      0,00      0,00      0,00      0,00      0,00    100,00
01:17:57          2      0,00      0,00      0,00      0,00      0,00      0,00      0,00      0,00      0,00    100,00
01:17:57          3      0,00      0,00      0,00      0,00      0,00      0,00      0,00      0,00      0,00    100,00
01:17:57          4      0,00      0,00      0,00      0,00      0,00      0,00      0,00      0,00      0,00    100,00
01:17:57          5      0,00      0,00      0,00      0,00      0,00      0,00      0,00      0,00      0,00    100,00
01:17:57          6      0,00      0,00      0,00      0,00      0,00      0,00      0,00      0,00      0,00    100,00
01:17:57          7      0,00      0,00      0,00      0,00      0,00      0,00      0,00      0,00      0,00    100,00
01:17:57          8      0,00      0,00      0,00      0,00      0,00      0,00      0,00      0,00      0,00    100,00
01:17:57          9      1,00      0,00      0,50      0,00      0,00      0,00      0,00      0,00      0,00     98,51
01:17:57         10      0,00      0,00      0,50      0,00      0,00      0,00      0,00      0,00      0,00     99,50
01:17:57         11      0,50      0,00      1,00      0,00      0,00      0,00      0,00      0,00      0,00     98,51
01:17:57         12      0,00      0,00      0,00      0,00      0,00      0,00      0,00      0,00      0,00    100,00
01:17:57         13      0,00      0,00      0,00      0,00      0,00      0,00      0,00      0,00      0,00    100,00
01:17:57         14      0,00      0,00      0,00      0,00      0,00      0,00      0,00      0,00      0,00    100,00
01:17:57         15      0,00      0,00      0,00      0,00      0,00      0,00      0,00      0,00      0,00    100,00

01:17:55        IFACE   rxpck/s   txpck/s    rxkB/s    txkB/s   rxcmp/s   txcmp/s  rxmcst/s   %ifutil
01:17:57           lo      0,00      0,00      0,00      0,00      0,00      0,00      0,00      0,00
01:17:57         eno1     14,50      7,50      1,56      1,31      0,00      0,00      1,00      0,00
01:17:57         eno2      0,00      0,00      0,00      0,00      0,00      0,00      0,00      0,00
01:17:57      docker0      0,00      0,00      0,00      0,00      0,00      0,00      0,00      0,00
01:17:57      ens2np0      0,00      0,00      0,00      0,00      0,00      0,00      0,00      0,00
01:17:57      ens2np1      0,00      0,00      0,00      0,00      0,00      0,00      0,00      0,00

01:17:57        CPU      %usr     %nice      %sys   %iowait    %steal      %irq     %soft    %guest    %gnice     %idle
01:17:59        all      0,03      0,00      0,09      0,00      0,00      0,00      0,00      0,00      0,00     99,87
01:17:59          0      0,00      0,00      0,00      0,00      0,00      0,00      0,00      0,00      0,00    100,00
01:17:59          1      0,00      0,00      0,00      0,00      0,00      0,00      0,00      0,00      0,00    100,00
01:17:59          2      0,00      0,00      0,00      0,00      0,00      0,00      0,00      0,00      0,00    100,00
01:17:59          3      0,00      0,00      0,00      0,00      0,00      0,00      0,00      0,00      0,00    100,00
01:17:59          4      0,00      0,00      0,00      0,00      0,00      0,00      0,00      0,00      0,00    100,00
01:17:59          5      0,00      0,00      0,00      0,00      0,00      0,00      0,00      0,00      0,00    100,00
01:17:59          6      0,00      0,00      0,00      0,00      0,00      0,00      0,00      0,00      0,00    100,00
01:17:59          7      0,00      0,00      0,00      0,00      0,00      0,00      0,00      0,00      0,00    100,00
01:17:59          8      0,00      0,00      0,00      0,00      0,00      0,00      0,00      0,00      0,00    100,00
01:17:59          9      0,00      0,00      0,00      0,00      0,00      0,00      0,00      0,00      0,00    100,00
01:17:59         10      0,00      0,00      0,00      0,00      0,00      0,00      0,00      0,00      0,00    100,00
01:17:59         11      0,00      0,00      1,00      0,00      0,00      0,00      0,00      0,00      0,00     99,00
01:17:59         12      0,00      0,00      0,50      0,00      0,00      0,00      0,00      0,00      0,00     99,50
01:17:59         13      0,00      0,00      0,00      0,00      0,00      0,00      0,00      0,00      0,00    100,00
01:17:59         14      0,50      0,00      0,00      0,00      0,00      0,00      0,00      0,00      0,00     99,50
01:17:59         15      0,00      0,00      0,00      0,00      0,00      0,00      0,00      0,00      0,00    100,00

01:17:57        IFACE   rxpck/s   txpck/s    rxkB/s    txkB/s   rxcmp/s   txcmp/s  rxmcst/s   %ifutil
01:17:59           lo      0,00      0,00      0,00      0,00      0,00      0,00      0,00      0,00
01:17:59         eno1     11,00      5,00      1,00      0,45      0,00      0,00      1,00      0,00
01:17:59         eno2      0,00      0,00      0,00      0,00      0,00      0,00      0,00      0,00
01:17:59      docker0      0,00      0,00      0,00      0,00      0,00      0,00      0,00      0,00
01:17:59      ens2np0      0,00      0,00      0,00      0,00      0,00      0,00      0,00      0,00
01:17:59      ens2np1      0,00      0,00      0,00      0,00      0,00      0,00      0,00      0,00

01:17:59        CPU      %usr     %nice      %sys   %iowait    %steal      %irq     %soft    %guest    %gnice     %idle
01:18:01        all      0,06      0,00      0,09      0,00      0,00      0,00     28,77      0,00      0,00     71,07
01:18:01          0      0,00      0,00      0,00      0,00      0,00      0,00     57,58      0,00      0,00     42,42
01:18:01          1      0,00      0,00      0,50      0,00      0,00      0,00     57,50      0,00      0,00     42,00
01:18:01          2      0,00      0,00      0,00      0,00      0,00      0,00     57,79      0,00      0,00     42,21
01:18:01          3      0,00      0,00      0,00      0,00      0,00      0,00     57,50      0,00      0,00     42,50
01:18:01          4      0,00      0,00      0,00      0,00      0,00      0,00     57,79      0,00      0,00     42,21
01:18:01          5      0,00      0,00      0,00      0,00      0,00      0,00     57,79      0,00      0,00     42,21
01:18:01          6      0,00      0,00      0,00      0,00      0,00      0,00     57,50      0,00      0,00     42,50
01:18:01          7      0,00      0,00      0,00      0,00      0,00      0,00     57,50      0,00      0,00     42,50
01:18:01          8      0,00      0,00      0,00      0,00      0,00      0,00      0,00      0,00      0,00    100,00
01:18:01          9      0,00      0,00      0,00      0,00      0,00      0,00      0,00      0,00      0,00    100,00
01:18:01         10      0,00      0,00      0,00      0,00      0,00      0,00      0,00      0,00      0,00    100,00
01:18:01         11      0,00      0,00      0,00      0,00      0,00      0,00      0,00      0,00      0,00    100,00
01:18:01         12      0,50      0,00      1,00      0,00      0,00      0,00      0,00      0,00      0,00     98,50
01:18:01         13      0,00      0,00      0,00      0,00      0,00      0,00      0,00      0,00      0,00    100,00
01:18:01         14      0,50      0,00      0,00      0,00      0,00      0,00      0,00      0,00      0,00     99,50
01:18:01         15      0,00      0,00      0,00      0,00      0,00      0,00      0,00      0,00      0,00    100,00

01:17:59        IFACE   rxpck/s   txpck/s    rxkB/s    txkB/s   rxcmp/s   txcmp/s  rxmcst/s   %ifutil
01:18:01           lo      0,00      0,00      0,00      0,00      0,00      0,00      0,00      0,00
01:18:01         eno1     10,00      5,50      0,81      0,51      0,00      0,00      1,00      0,00
01:18:01         eno2      0,00      0,00      0,00      0,00      0,00      0,00      0,00      0,00
01:18:01      docker0      0,00      0,00      0,00      0,00      0,00      0,00      0,00      0,00
01:18:01      ens2np0 384444,00 384271,50 190720,27 190634,69      0,00      0,00      0,00     15,62
01:18:01      ens2np1      0,00      0,00      0,00      0,00      0,00      0,00      0,00      0,00

01:18:01        CPU      %usr     %nice      %sys   %iowait    %steal      %irq     %soft    %guest    %gnice     %idle
01:18:03        all      0,00      0,00      0,03      0,00      0,00      0,00     50,05      0,00      0,00     49,92
01:18:03          0      0,00      0,00      0,00      0,00      0,00      0,00    100,00      0,00      0,00      0,00
01:18:03          1      0,00      0,00      0,00      0,00      0,00      0,00    100,00      0,00      0,00      0,00
01:18:03          2      0,00      0,00      0,00      0,00      0,00      0,00    100,00      0,00      0,00      0,00
01:18:03          3      0,00      0,00      0,00      0,00      0,00      0,00    100,00      0,00      0,00      0,00
01:18:03          4      0,00      0,00      0,00      0,00      0,00      0,00    100,00      0,00      0,00      0,00
01:18:03          5      0,00      0,00      0,00      0,00      0,00      0,00    100,00      0,00      0,00      0,00
01:18:03          6      0,00      0,00      0,00      0,00      0,00      0,00    100,00      0,00      0,00      0,00
01:18:03          7      0,00      0,00      0,00      0,00      0,00      0,00    100,00      0,00      0,00      0,00
01:18:03          8      0,00      0,00      0,00      0,00      0,00      0,00      0,00      0,00      0,00    100,00
01:18:03          9      0,00      0,00      0,00      0,00      0,00      0,00      0,00      0,00      0,00    100,00
01:18:03         10      0,00      0,00      0,00      0,00      0,00      0,00      0,00      0,00      0,00    100,00
01:18:03         11      0,00      0,00      0,00      0,00      0,00      0,00      0,00      0,00      0,00    100,00
01:18:03         12      0,00      0,00      0,50      0,00      0,00      0,00      0,00      0,00      0,00     99,50
01:18:03         13      0,00      0,00      0,00      0,00      0,00      0,00      0,00      0,00      0,00    100,00
01:18:03         14      0,00      0,00      0,00      0,00      0,00      0,00      0,00      0,00      0,00    100,00
01:18:03         15      0,00      0,00      0,00      0,00      0,00      0,00      0,00      0,00      0,00    100,00

01:18:01        IFACE   rxpck/s   txpck/s    rxkB/s    txkB/s   rxcmp/s   txcmp/s  rxmcst/s   %ifutil
01:18:03           lo      0,00      0,00      0,00      0,00      0,00      0,00      0,00      0,00
01:18:03         eno1      9,50      1,50      0,65      0,18      0,00      0,00      1,00      0,00
01:18:03         eno2      0,00      0,00      0,00      0,00      0,00      0,00      0,00      0,00
01:18:03      docker0      0,00      0,00      0,00      0,00      0,00      0,00      0,00      0,00
01:18:03      ens2np0 675592,00 675617,00 335156,97 335169,37      0,00      0,00      0,00     27,46
01:18:03      ens2np1      0,00      0,00      0,00      0,00      0,00      0,00      0,00      0,00

01:18:03        CPU      %usr     %nice      %sys   %iowait    %steal      %irq     %soft    %guest    %gnice     %idle
01:18:05        all      0,47      0,00      0,22      0,00      0,00      0,00     49,97      0,00      0,00     49,34
01:18:05          0      0,00      0,00      0,00      0,00      0,00      0,00    100,00      0,00      0,00      0,00
01:18:05          1      0,00      0,00      0,00      0,00      0,00      0,00    100,00      0,00      0,00      0,00
01:18:05          2      0,00      0,00      0,00      0,00      0,00      0,00    100,00      0,00      0,00      0,00
01:18:05          3      0,00      0,00      0,00      0,00      0,00      0,00    100,00      0,00      0,00      0,00
01:18:05          4      0,00      0,00      0,00      0,00      0,00      0,00    100,00      0,00      0,00      0,00
01:18:05          5      0,00      0,00      0,00      0,00      0,00      0,00    100,00      0,00      0,00      0,00
01:18:05          6      0,00      0,00      0,00      0,00      0,00      0,00    100,00      0,00      0,00      0,00
01:18:05          7      0,00      0,00      0,00      0,00      0,00      0,00    100,00      0,00      0,00      0,00
01:18:05          8      0,50      0,00      0,00      0,00      0,00      0,00      0,00      0,00      0,00     99,50
01:18:05          9      1,00      0,00      0,50      0,00      0,00      0,00      0,00      0,00      0,00     98,50
01:18:05         10      1,50      0,00      0,00      0,00      0,00      0,00      0,00      0,00      0,00     98,50
01:18:05         11      0,50      0,00      0,00      0,00      0,00      0,00      0,00      0,00      0,00     99,50
01:18:05         12      2,50      0,00      2,00      0,00      0,00      0,00      0,00      0,00      0,00     95,50
01:18:05         13      0,50      0,00      0,50      0,00      0,00      0,00      0,00      0,00      0,00     99,00
01:18:05         14      0,50      0,00      0,50      0,00      0,00      0,00      0,00      0,00      0,00     99,00
01:18:05         15      0,50      0,00      0,00      0,00      0,00      0,00      0,00      0,00      0,00     99,50

01:18:03        IFACE   rxpck/s   txpck/s    rxkB/s    txkB/s   rxcmp/s   txcmp/s  rxmcst/s   %ifutil
01:18:05           lo      0,00      0,00      0,00      0,00      0,00      0,00      0,00      0,00
01:18:05         eno1      8,50      5,50      1,06      1,15      0,00      0,00      1,00      0,00
01:18:05         eno2      0,00      0,00      0,00      0,00      0,00      0,00      0,00      0,00
01:18:05      docker0      0,00      0,00      0,00      0,00      0,00      0,00      0,00      0,00
01:18:05      ens2np0 671848,00 671806,00 333299,59 333278,76      0,00      0,00      0,00     27,30
01:18:05      ens2np1      0,00      0,00      0,00      0,00      0,00      0,00      0,00      0,00

01:18:05        CPU      %usr     %nice      %sys   %iowait    %steal      %irq     %soft    %guest    %gnice     %idle
01:18:07        all      0,00      0,00      0,09      0,00      0,00      0,00     49,98      0,00      0,00     49,92
01:18:07          0      0,00      0,00      0,00      0,00      0,00      0,00    100,00      0,00      0,00      0,00
01:18:07          1      0,00      0,00      0,00      0,00      0,00      0,00    100,00      0,00      0,00      0,00
01:18:07          2      0,00      0,00      0,00      0,00      0,00      0,00    100,00      0,00      0,00      0,00
01:18:07          3      0,00      0,00      0,00      0,00      0,00      0,00    100,00      0,00      0,00      0,00
01:18:07          4      0,00      0,00      0,00      0,00      0,00      0,00    100,00      0,00      0,00      0,00
01:18:07          5      0,00      0,00      0,00      0,00      0,00      0,00    100,00      0,00      0,00      0,00
01:18:07          6      0,00      0,00      0,00      0,00      0,00      0,00    100,00      0,00      0,00      0,00
01:18:07          7      0,00      0,00      0,00      0,00      0,00      0,00    100,00      0,00      0,00      0,00
01:18:07          8      0,00      0,00      0,00      0,00      0,00      0,00      0,00      0,00      0,00    100,00
01:18:07          9      0,00      0,00      0,50      0,00      0,00      0,00      0,00      0,00      0,00     99,50
01:18:07         10      0,00      0,00      0,00      0,00      0,00      0,00      0,00      0,00      0,00    100,00
01:18:07         11      0,00      0,00      0,00      0,00      0,00      0,00      0,00      0,00      0,00    100,00
01:18:07         12      0,00      0,00      1,00      0,00      0,00      0,00      0,00      0,00      0,00     99,00
01:18:07         13      0,00      0,00      0,00      0,00      0,00      0,00      0,00      0,00      0,00    100,00
01:18:07         14      0,00      0,00      0,00      0,00      0,00      0,00      0,00      0,00      0,00    100,00
01:18:07         15      0,00      0,00      0,00      0,00      0,00      0,00      0,00      0,00      0,00    100,00

01:18:05        IFACE   rxpck/s   txpck/s    rxkB/s    txkB/s   rxcmp/s   txcmp/s  rxmcst/s   %ifutil
01:18:07           lo      0,00      0,00      0,00      0,00      0,00      0,00      0,00      0,00
01:18:07         eno1      7,00      1,50      0,49      0,41      0,00      0,00      1,00      0,00
01:18:07         eno2      0,00      0,00      0,00      0,00      0,00      0,00      0,00      0,00
01:18:07      docker0      0,00      0,00      0,00      0,00      0,00      0,00      0,00      0,00
01:18:07      ens2np0 675688,50 675712,50 335204,84 335216,75      0,00      0,00      0,00     27,46
01:18:07      ens2np1      0,00      0,00      0,00      0,00      0,00      0,00      0,00      0,00

01:18:07        CPU      %usr     %nice      %sys   %iowait    %steal      %irq     %soft    %guest    %gnice     %idle
01:18:09        all      0,06      0,00      0,03      0,00      0,00      0,00     50,05      0,00      0,00     49,86
01:18:09          0      0,00      0,00      0,00      0,00      0,00      0,00    100,00      0,00      0,00      0,00
01:18:09          1      0,00      0,00      0,00      0,00      0,00      0,00    100,00      0,00      0,00      0,00
01:18:09          2      0,00      0,00      0,00      0,00      0,00      0,00    100,00      0,00      0,00      0,00
01:18:09          3      0,00      0,00      0,00      0,00      0,00      0,00    100,00      0,00      0,00      0,00
01:18:09          4      0,00      0,00      0,00      0,00      0,00      0,00    100,00      0,00      0,00      0,00
01:18:09          5      0,00      0,00      0,00      0,00      0,00      0,00    100,00      0,00      0,00      0,00
01:18:09          6      0,00      0,00      0,00      0,00      0,00      0,00    100,00      0,00      0,00      0,00
01:18:09          7      0,00      0,00      0,00      0,00      0,00      0,00    100,00      0,00      0,00      0,00
01:18:09          8      0,00      0,00      0,00      0,00      0,00      0,00      0,00      0,00      0,00    100,00
01:18:09          9      0,00      0,00      0,00      0,00      0,00      0,00      0,00      0,00      0,00    100,00
01:18:09         10      0,00      0,00      0,00      0,00      0,00      0,00      0,00      0,00      0,00    100,00
01:18:09         11      0,00      0,00      0,00      0,00      0,00      0,00      0,00      0,00      0,00    100,00
01:18:09         12      0,50      0,00      0,50      0,00      0,00      0,00      0,00      0,00      0,00     99,00
01:18:09         13      0,00      0,00      0,00      0,00      0,00      0,00      0,00      0,00      0,00    100,00
01:18:09         14      0,50      0,00      0,00      0,00      0,00      0,00      0,00      0,00      0,00     99,50
01:18:09         15      0,00      0,00      0,00      0,00      0,00      0,00      0,00      0,00      0,00    100,00

01:18:07        IFACE   rxpck/s   txpck/s    rxkB/s    txkB/s   rxcmp/s   txcmp/s  rxmcst/s   %ifutil
01:18:09           lo      0,00      0,00      0,00      0,00      0,00      0,00      0,00      0,00
01:18:09         eno1      8,00      2,50      0,63      0,36      0,00      0,00      2,50      0,00
01:18:09         eno2      0,00      0,00      0,00      0,00      0,00      0,00      0,00      0,00
01:18:09      docker0      0,00      0,00      0,00      0,00      0,00      0,00      0,00      0,00
01:18:09      ens2np0 675439,50 675455,50 335081,31 335089,25      0,00      0,00      0,00     27,45
01:18:09      ens2np1      0,00      0,00      0,00      0,00      0,00      0,00      0,00      0,00

01:18:09        CPU      %usr     %nice      %sys   %iowait    %steal      %irq     %soft    %guest    %gnice     %idle
01:18:11        all      0,09      0,00      0,12      0,00      0,00      0,00     49,97      0,00      0,00     49,81
01:18:11          0      0,00      0,00      0,00      0,00      0,00      0,00    100,00      0,00      0,00      0,00
01:18:11          1      0,00      0,00      0,00      0,00      0,00      0,00    100,00      0,00      0,00      0,00
01:18:11          2      0,00      0,00      0,00      0,00      0,00      0,00    100,00      0,00      0,00      0,00
01:18:11          3      0,00      0,00      0,00      0,00      0,00      0,00    100,00      0,00      0,00      0,00
01:18:11          4      0,00      0,00      0,00      0,00      0,00      0,00    100,00      0,00      0,00      0,00
01:18:11          5      0,00      0,00      0,00      0,00      0,00      0,00    100,00      0,00      0,00      0,00
01:18:11          6      0,00      0,00      0,00      0,00      0,00      0,00    100,00      0,00      0,00      0,00
01:18:11          7      0,00      0,00      0,00      0,00      0,00      0,00    100,00      0,00      0,00      0,00
01:18:11          8      0,00      0,00      0,00      0,00      0,00      0,00      0,00      0,00      0,00    100,00
01:18:11          9      0,00      0,00      0,00      0,00      0,00      0,00      0,00      0,00      0,00    100,00
01:18:11         10      0,00      0,00      0,00      0,00      0,00      0,00      0,00      0,00      0,00    100,00
01:18:11         11      0,00      0,00      0,00      0,00      0,00      0,00      0,00      0,00      0,00    100,00
01:18:11         12      0,50      0,00      1,49      0,00      0,00      0,00      0,00      0,00      0,00     98,01
01:18:11         13      0,00      0,00      0,00      0,00      0,00      0,00      0,00      0,00      0,00    100,00
01:18:11         14      1,00      0,00      0,50      0,00      0,00      0,00      0,00      0,00      0,00     98,51
01:18:11         15      0,00      0,00      0,00      0,00      0,00      0,00      0,00      0,00      0,00    100,00

01:18:09        IFACE   rxpck/s   txpck/s    rxkB/s    txkB/s   rxcmp/s   txcmp/s  rxmcst/s   %ifutil
01:18:11           lo      0,00      0,00      0,00      0,00      0,00      0,00      0,00      0,00
01:18:11         eno1      7,00      0,50      0,44      0,55      0,00      0,00      1,00      0,00
01:18:11         eno2      0,00      0,00      0,00      0,00      0,00      0,00      0,00      0,00
01:18:11      docker0      0,00      0,00      0,00      0,00      0,00      0,00      0,00      0,00
01:18:11      ens2np0 674752,00 674752,50 334740,25 334740,50      0,00      0,00      0,00     27,42
01:18:11      ens2np1      0,00      0,00      0,00      0,00      0,00      0,00      0,00      0,00

01:18:11        CPU      %usr     %nice      %sys   %iowait    %steal      %irq     %soft    %guest    %gnice     %idle
01:18:13        all      0,03      0,00      0,06      0,00      0,00      0,00     50,03      0,00      0,00     49,87
01:18:13          0      0,00      0,00      0,00      0,00      0,00      0,00    100,00      0,00      0,00      0,00
01:18:13          1      0,00      0,00      0,00      0,00      0,00      0,00    100,00      0,00      0,00      0,00
01:18:13          2      0,00      0,00      0,00      0,00      0,00      0,00    100,00      0,00      0,00      0,00
01:18:13          3      0,00      0,00      0,00      0,00      0,00      0,00    100,00      0,00      0,00      0,00
01:18:13          4      0,00      0,00      0,00      0,00      0,00      0,00    100,00      0,00      0,00      0,00
01:18:13          5      0,00      0,00      0,00      0,00      0,00      0,00    100,00      0,00      0,00      0,00
01:18:13          6      0,00      0,00      0,00      0,00      0,00      0,00    100,00      0,00      0,00      0,00
01:18:13          7      0,00      0,00      0,00      0,00      0,00      0,00    100,00      0,00      0,00      0,00
01:18:13          8      0,00      0,00      0,00      0,00      0,00      0,00      0,00      0,00      0,00    100,00
01:18:13          9      0,00      0,00      0,50      0,00      0,00      0,00      0,00      0,00      0,00     99,50
01:18:13         10      0,00      0,00      0,00      0,00      0,00      0,00      0,00      0,00      0,00    100,00
01:18:13         11      0,00      0,00      0,00      0,00      0,00      0,00      0,00      0,00      0,00    100,00
01:18:13         12      0,50      0,00      0,50      0,00      0,00      0,00      0,00      0,00      0,00     99,00
01:18:13         13      0,00      0,00      0,00      0,00      0,00      0,00      0,00      0,00      0,00    100,00
01:18:13         14      0,00      0,00      0,00      0,00      0,00      0,00      0,00      0,00      0,00    100,00
01:18:13         15      0,00      0,00      0,00      0,00      0,00      0,00      0,00      0,00      0,00    100,00

01:18:11        IFACE   rxpck/s   txpck/s    rxkB/s    txkB/s   rxcmp/s   txcmp/s  rxmcst/s   %ifutil
01:18:13           lo      0,00      0,00      0,00      0,00      0,00      0,00      0,00      0,00
01:18:13         eno1      3,00      0,50      0,19      0,19      0,00      0,00      1,50      0,00
01:18:13         eno2      0,00      0,00      0,00      0,00      0,00      0,00      0,00      0,00
01:18:13      docker0      0,00      0,00      0,00      0,00      0,00      0,00      0,00      0,00
01:18:13      ens2np0 675308,00 675264,00 335016,08 334994,25      0,00      0,00      0,00     27,44
01:18:13      ens2np1      0,00      0,00      0,00      0,00      0,00      0,00      0,00      0,00

01:18:13        CPU      %usr     %nice      %sys   %iowait    %steal      %irq     %soft    %guest    %gnice     %idle
01:18:15        all      0,41      0,00      0,16      0,00      0,00      0,00     50,02      0,00      0,00     49,42
01:18:15          0      0,00      0,00      0,00      0,00      0,00      0,00    100,00      0,00      0,00      0,00
01:18:15          1      0,00      0,00      0,00      0,00      0,00      0,00    100,00      0,00      0,00      0,00
01:18:15          2      0,00      0,00      0,00      0,00      0,00      0,00    100,00      0,00      0,00      0,00
01:18:15          3      0,00      0,00      0,00      0,00      0,00      0,00    100,00      0,00      0,00      0,00
01:18:15          4      0,00      0,00      0,00      0,00      0,00      0,00    100,00      0,00      0,00      0,00
01:18:15          5      0,00      0,00      0,00      0,00      0,00      0,00    100,00      0,00      0,00      0,00
01:18:15          6      0,00      0,00      0,00      0,00      0,00      0,00    100,00      0,00      0,00      0,00
01:18:15          7      0,00      0,00      0,00      0,00      0,00      0,00    100,00      0,00      0,00      0,00
01:18:15          8      0,50      0,00      0,50      0,00      0,00      0,00      0,00      0,00      0,00     98,99
01:18:15          9      1,49      0,00      0,50      0,00      0,00      0,00      0,00      0,00      0,00     98,01
01:18:15         10      0,00      0,00      0,50      0,00      0,00      0,00      0,00      0,00      0,00     99,50
01:18:15         11      1,50      0,00      0,50      0,00      0,00      0,00      0,00      0,00      0,00     98,00
01:18:15         12      1,50      0,00      0,50      0,00      0,00      0,00      0,00      0,00      0,00     98,00
01:18:15         13      0,50      0,00      0,00      0,00      0,00      0,00      0,00      0,00      0,00     99,50
01:18:15         14      0,50      0,00      0,00      0,00      0,00      0,00      0,00      0,00      0,00     99,50
01:18:15         15      0,50      0,00      0,00      0,00      0,00      0,00      0,00      0,00      0,00     99,50

01:18:13        IFACE   rxpck/s   txpck/s    rxkB/s    txkB/s   rxcmp/s   txcmp/s  rxmcst/s   %ifutil
01:18:15           lo      0,00      0,00      0,00      0,00      0,00      0,00      0,00      0,00
01:18:15         eno1      5,50      2,00      0,37      0,68      0,00      0,00      1,00      0,00
01:18:15         eno2      0,00      0,00      0,00      0,00      0,00      0,00      0,00      0,00
01:18:15      docker0      0,00      0,00      0,00      0,00      0,00      0,00      0,00      0,00
01:18:15      ens2np0 672548,00 672576,00 333646,86 333660,75      0,00      0,00      0,00     27,33
01:18:15      ens2np1      0,00      0,00      0,00      0,00      0,00      0,00      0,00      0,00

01:18:15        CPU      %usr     %nice      %sys   %iowait    %steal      %irq     %soft    %guest    %gnice     %idle
01:18:17        all      0,03      0,00      0,12      0,00      0,00      0,00     50,00      0,00      0,00     49,84
01:18:17          0      0,00      0,00      0,00      0,00      0,00      0,00    100,00      0,00      0,00      0,00
01:18:17          1      0,00      0,00      0,00      0,00      0,00      0,00    100,00      0,00      0,00      0,00
01:18:17          2      0,00      0,00      0,00      0,00      0,00      0,00    100,00      0,00      0,00      0,00
01:18:17          3      0,00      0,00      0,00      0,00      0,00      0,00    100,00      0,00      0,00      0,00
01:18:17          4      0,00      0,00      0,00      0,00      0,00      0,00    100,00      0,00      0,00      0,00
01:18:17          5      0,00      0,00      0,00      0,00      0,00      0,00    100,00      0,00      0,00      0,00
01:18:17          6      0,00      0,00      0,00      0,00      0,00      0,00    100,00      0,00      0,00      0,00
01:18:17          7      0,00      0,00      0,00      0,00      0,00      0,00    100,00      0,00      0,00      0,00
01:18:17          8      0,00      0,00      0,00      0,00      0,00      0,00      0,00      0,00      0,00    100,00
01:18:17          9      0,50      0,00      0,00      0,00      0,00      0,00      0,00      0,00      0,00     99,50
01:18:17         10      0,00      0,00      0,00      0,00      0,00      0,00      0,00      0,00      0,00    100,00
01:18:17         11      0,00      0,00      0,00      0,00      0,00      0,00      0,00      0,00      0,00    100,00
01:18:17         12      0,00      0,00      2,00      0,00      0,00      0,00      0,00      0,00      0,00     98,00
01:18:17         13      0,00      0,00      0,00      0,00      0,00      0,00      0,00      0,00      0,00    100,00
01:18:17         14      0,00      0,00      0,00      0,00      0,00      0,00      0,00      0,00      0,00    100,00
01:18:17         15      0,00      0,00      0,00      0,00      0,00      0,00      0,00      0,00      0,00    100,00

01:18:15        IFACE   rxpck/s   txpck/s    rxkB/s    txkB/s   rxcmp/s   txcmp/s  rxmcst/s   %ifutil
01:18:17           lo      0,00      0,00      0,00      0,00      0,00      0,00      0,00      0,00
01:18:17         eno1     10,00      4,50      1,19      0,55      0,00      0,00      1,00      0,00
01:18:17         eno2      0,00      0,00      0,00      0,00      0,00      0,00      0,00      0,00
01:18:17      docker0      0,00      0,00      0,00      0,00      0,00      0,00      0,00      0,00
01:18:17      ens2np0 674964,00 674976,50 334845,42 334851,62      0,00      0,00      0,00     27,43
01:18:17      ens2np1      0,00      0,00      0,00      0,00      0,00      0,00      0,00      0,00

01:18:17        CPU      %usr     %nice      %sys   %iowait    %steal      %irq     %soft    %guest    %gnice     %idle
01:18:19        all      0,00      0,00      0,03      0,00      0,00      0,00     50,02      0,00      0,00     49,95
01:18:19          0      0,00      0,00      0,00      0,00      0,00      0,00    100,00      0,00      0,00      0,00
01:18:19          1      0,00      0,00      0,00      0,00      0,00      0,00    100,00      0,00      0,00      0,00
01:18:19          2      0,00      0,00      0,00      0,00      0,00      0,00    100,00      0,00      0,00      0,00
01:18:19          3      0,00      0,00      0,00      0,00      0,00      0,00    100,00      0,00      0,00      0,00
01:18:19          4      0,00      0,00      0,00      0,00      0,00      0,00    100,00      0,00      0,00      0,00
01:18:19          5      0,00      0,00      0,00      0,00      0,00      0,00    100,00      0,00      0,00      0,00
01:18:19          6      0,00      0,00      0,00      0,00      0,00      0,00    100,00      0,00      0,00      0,00
01:18:19          7      0,00      0,00      0,00      0,00      0,00      0,00    100,00      0,00      0,00      0,00
01:18:19          8      0,00      0,00      0,00      0,00      0,00      0,00      0,00      0,00      0,00    100,00
01:18:19          9      0,00      0,00      0,00      0,00      0,00      0,00      0,00      0,00      0,00    100,00
01:18:19         10      0,00      0,00      0,00      0,00      0,00      0,00      0,00      0,00      0,00    100,00
01:18:19         11      0,00      0,00      0,00      0,00      0,00      0,00      0,00      0,00      0,00    100,00
01:18:19         12      0,00      0,00      0,50      0,00      0,00      0,00      0,00      0,00      0,00     99,50
01:18:19         13      0,00      0,00      0,00      0,00      0,00      0,00      0,00      0,00      0,00    100,00
01:18:19         14      0,00      0,00      0,00      0,00      0,00      0,00      0,00      0,00      0,00    100,00
01:18:19         15      0,00      0,00      0,00      0,00      0,00      0,00      0,00      0,00      0,00    100,00

01:18:17        IFACE   rxpck/s   txpck/s    rxkB/s    txkB/s   rxcmp/s   txcmp/s  rxmcst/s   %ifutil
01:18:19           lo      0,00      0,00      0,00      0,00      0,00      0,00      0,00      0,00
01:18:19         eno1      4,00      0,50      0,30      0,03      0,00      0,00      1,00      0,00
01:18:19         eno2      0,00      0,00      0,00      0,00      0,00      0,00      0,00      0,00
01:18:19      docker0      0,00      0,00      0,00      0,00      0,00      0,00      0,00      0,00
01:18:19      ens2np0 675448,00 675425,00 335085,53 335073,70      0,00      0,00      0,00     27,45
01:18:19      ens2np1      0,00      0,00      0,00      0,00      0,00      0,00      0,00      0,00

01:18:19        CPU      %usr     %nice      %sys   %iowait    %steal      %irq     %soft    %guest    %gnice     %idle
01:18:21        all      0,03      0,00      0,03      0,00      0,00      0,00     50,03      0,00      0,00     49,91
01:18:21          0      0,00      0,00      0,00      0,00      0,00      0,00    100,00      0,00      0,00      0,00
01:18:21          1      0,00      0,00      0,00      0,00      0,00      0,00    100,00      0,00      0,00      0,00
01:18:21          2      0,00      0,00      0,00      0,00      0,00      0,00    100,00      0,00      0,00      0,00
01:18:21          3      0,00      0,00      0,00      0,00      0,00      0,00    100,00      0,00      0,00      0,00
01:18:21          4      0,00      0,00      0,00      0,00      0,00      0,00    100,00      0,00      0,00      0,00
01:18:21          5      0,00      0,00      0,00      0,00      0,00      0,00    100,00      0,00      0,00      0,00
01:18:21          6      0,00      0,00      0,00      0,00      0,00      0,00    100,00      0,00      0,00      0,00
01:18:21          7      0,00      0,00      0,00      0,00      0,00      0,00    100,00      0,00      0,00      0,00
01:18:21          8      0,00      0,00      0,00      0,00      0,00      0,00      0,00      0,00      0,00    100,00
01:18:21          9      0,00      0,00      0,00      0,00      0,00      0,00      0,00      0,00      0,00    100,00
01:18:21         10      0,00      0,00      0,00      0,00      0,00      0,00      0,00      0,00      0,00    100,00
01:18:21         11      0,00      0,00      0,00      0,00      0,00      0,00      0,00      0,00      0,00    100,00
01:18:21         12      0,50      0,00      0,50      0,00      0,00      0,00      0,00      0,00      0,00     99,00
01:18:21         13      0,00      0,00      0,00      0,00      0,00      0,00      0,00      0,00      0,00    100,00
01:18:21         14      0,00      0,00      0,00      0,00      0,00      0,00      0,00      0,00      0,00    100,00
01:18:21         15      0,00      0,00      0,00      0,00      0,00      0,00      0,00      0,00      0,00    100,00

01:18:19        IFACE   rxpck/s   txpck/s    rxkB/s    txkB/s   rxcmp/s   txcmp/s  rxmcst/s   %ifutil
01:18:21           lo      0,00      0,00      0,00      0,00      0,00      0,00      0,00      0,00
01:18:21         eno1      5,00      2,00      0,36      0,37      0,00      0,00      1,00      0,00
01:18:21         eno2      0,00      0,00      0,00      0,00      0,00      0,00      0,00      0,00
01:18:21      docker0      0,00      0,00      0,00      0,00      0,00      0,00      0,00      0,00
01:18:21      ens2np0 675317,50 675361,00 335020,79 335042,37      0,00      0,00      0,00     27,45
01:18:21      ens2np1      0,00      0,00      0,00      0,00      0,00      0,00      0,00      0,00

01:18:21        CPU      %usr     %nice      %sys   %iowait    %steal      %irq     %soft    %guest    %gnice     %idle
01:18:23        all      0,03      0,00      0,09      0,00      0,00      0,00     50,00      0,00      0,00     49,88
01:18:23          0      0,00      0,00      0,00      0,00      0,00      0,00    100,00      0,00      0,00      0,00
01:18:23          1      0,00      0,00      0,00      0,00      0,00      0,00    100,00      0,00      0,00      0,00
01:18:23          2      0,00      0,00      0,00      0,00      0,00      0,00    100,00      0,00      0,00      0,00
01:18:23          3      0,00      0,00      0,00      0,00      0,00      0,00    100,00      0,00      0,00      0,00
01:18:23          4      0,00      0,00      0,00      0,00      0,00      0,00    100,00      0,00      0,00      0,00
01:18:23          5      0,00      0,00      0,00      0,00      0,00      0,00    100,00      0,00      0,00      0,00
01:18:23          6      0,00      0,00      0,00      0,00      0,00      0,00    100,00      0,00      0,00      0,00
01:18:23          7      0,00      0,00      0,00      0,00      0,00      0,00    100,00      0,00      0,00      0,00
01:18:23          8      0,00      0,00      0,00      0,00      0,00      0,00      0,00      0,00      0,00    100,00
01:18:23          9      0,00      0,00      0,00      0,00      0,00      0,00      0,00      0,00      0,00    100,00
01:18:23         10      0,00      0,00      0,00      0,00      0,00      0,00      0,00      0,00      0,00    100,00
01:18:23         11      0,00      0,00      0,00      0,00      0,00      0,00      0,00      0,00      0,00    100,00
01:18:23         12      0,50      0,00      1,50      0,00      0,00      0,00      0,00      0,00      0,00     98,00
01:18:23         13      0,00      0,00      0,00      0,00      0,00      0,00      0,00      0,00      0,00    100,00
01:18:23         14      0,00      0,00      0,00      0,00      0,00      0,00      0,00      0,00      0,00    100,00
01:18:23         15      0,00      0,00      0,00      0,00      0,00      0,00      0,00      0,00      0,00    100,00

01:18:21        IFACE   rxpck/s   txpck/s    rxkB/s    txkB/s   rxcmp/s   txcmp/s  rxmcst/s   %ifutil
01:18:23           lo      0,00      0,00      0,00      0,00      0,00      0,00      0,00      0,00
01:18:23         eno1      6,00      0,50      0,38      0,07      0,00      0,00      1,00      0,00
01:18:23         eno2      0,00      0,00      0,00      0,00      0,00      0,00      0,00      0,00
01:18:23      docker0      0,00      0,00      0,00      0,00      0,00      0,00      0,00      0,00
01:18:23      ens2np0 675156,50 675167,00 334940,92 334946,13      0,00      0,00      0,00     27,44
01:18:23      ens2np1      0,00      0,00      0,00      0,00      0,00      0,00      0,00      0,00

01:18:23        CPU      %usr     %nice      %sys   %iowait    %steal      %irq     %soft    %guest    %gnice     %idle
01:18:25        all      0,38      0,00      0,09      0,00      0,00      0,00     50,06      0,00      0,00     49,47
01:18:25          0      0,00      0,00      0,00      0,00      0,00      0,00    100,00      0,00      0,00      0,00
01:18:25          1      0,00      0,00      0,00      0,00      0,00      0,00    100,00      0,00      0,00      0,00
01:18:25          2      0,00      0,00      0,00      0,00      0,00      0,00    100,00      0,00      0,00      0,00
01:18:25          3      0,00      0,00      0,00      0,00      0,00      0,00    100,00      0,00      0,00      0,00
01:18:25          4      0,00      0,00      0,00      0,00      0,00      0,00    100,00      0,00      0,00      0,00
01:18:25          5      0,00      0,00      0,00      0,00      0,00      0,00    100,00      0,00      0,00      0,00
01:18:25          6      0,00      0,00      0,00      0,00      0,00      0,00    100,00      0,00      0,00      0,00
01:18:25          7      0,00      0,00      0,00      0,00      0,00      0,00    100,00      0,00      0,00      0,00
01:18:25          8      1,51      0,00      0,00      0,00      0,00      0,00      0,00      0,00      0,00     98,49
01:18:25          9      0,00      0,00      0,00      0,00      0,00      0,00      0,00      0,00      0,00    100,00
01:18:25         10      0,50      0,00      0,00      0,00      0,00      0,00      0,00      0,00      0,00     99,50
01:18:25         11      1,99      0,00      0,00      0,00      0,00      0,00      0,00      0,00      0,00     98,01
01:18:25         12      0,50      0,00      1,00      0,00      0,00      0,00      0,00      0,00      0,00     98,50
01:18:25         13      1,00      0,00      0,00      0,00      0,00      0,00      0,00      0,00      0,00     99,00
01:18:25         14      0,50      0,00      0,00      0,00      0,00      0,00      0,00      0,00      0,00     99,50
01:18:25         15      0,00      0,00      0,50      0,00      0,00      0,00      0,00      0,00      0,00     99,50

01:18:23        IFACE   rxpck/s   txpck/s    rxkB/s    txkB/s   rxcmp/s   txcmp/s  rxmcst/s   %ifutil
01:18:25           lo      0,00      0,00      0,00      0,00      0,00      0,00      0,00      0,00
01:18:25         eno1      4,00      0,50      0,30      0,03      0,00      0,00      1,00      0,00
01:18:25         eno2      0,00      0,00      0,00      0,00      0,00      0,00      0,00      0,00
01:18:25      docker0      0,00      0,00      0,00      0,00      0,00      0,00      0,00      0,00
01:18:25      ens2np0 672318,00 672288,00 333532,76 333517,88      0,00      0,00      0,00     27,32
01:18:25      ens2np1      0,00      0,00      0,00      0,00      0,00      0,00      0,00      0,00

01:18:25        CPU      %usr     %nice      %sys   %iowait    %steal      %irq     %soft    %guest    %gnice     %idle
01:18:27        all      0,06      0,00      0,09      0,00      0,00      0,00     50,00      0,00      0,00     49,84
01:18:27          0      0,00      0,00      0,00      0,00      0,00      0,00    100,00      0,00      0,00      0,00
01:18:27          1      0,00      0,00      0,00      0,00      0,00      0,00    100,00      0,00      0,00      0,00
01:18:27          2      0,00      0,00      0,00      0,00      0,00      0,00    100,00      0,00      0,00      0,00
01:18:27          3      0,00      0,00      0,00      0,00      0,00      0,00    100,00      0,00      0,00      0,00
01:18:27          4      0,00      0,00      0,00      0,00      0,00      0,00    100,00      0,00      0,00      0,00
01:18:27          5      0,00      0,00      0,00      0,00      0,00      0,00    100,00      0,00      0,00      0,00
01:18:27          6      0,00      0,00      0,00      0,00      0,00      0,00    100,00      0,00      0,00      0,00
01:18:27          7      0,00      0,00      0,00      0,00      0,00      0,00    100,00      0,00      0,00      0,00
01:18:27          8      0,00      0,00      0,00      0,00      0,00      0,00      0,00      0,00      0,00    100,00
01:18:27          9      0,50      0,00      0,00      0,00      0,00      0,00      0,00      0,00      0,00     99,50
01:18:27         10      0,00      0,00      0,00      0,00      0,00      0,00      0,00      0,00      0,00    100,00
01:18:27         11      0,00      0,00      0,50      0,00      0,00      0,00      0,00      0,00      0,00     99,50
01:18:27         12      0,50      0,00      0,50      0,00      0,00      0,00      0,00      0,00      0,00     99,00
01:18:27         13      0,00      0,00      0,00      0,00      0,00      0,00      0,00      0,00      0,00    100,00
01:18:27         14      0,00      0,00      0,50      0,00      0,00      0,00      0,00      0,00      0,00     99,50
01:18:27         15      0,00      0,00      0,00      0,00      0,00      0,00      0,00      0,00      0,00    100,00

01:18:25        IFACE   rxpck/s   txpck/s    rxkB/s    txkB/s   rxcmp/s   txcmp/s  rxmcst/s   %ifutil
01:18:27           lo      0,00      0,00      0,00      0,00      0,00      0,00      0,00      0,00
01:18:27         eno1      9,00      3,00      0,62      0,27      0,00      0,00      1,00      0,00
01:18:27         eno2      0,00      0,00      0,00      0,00      0,00      0,00      0,00      0,00
01:18:27      docker0      0,00      0,00      0,00      0,00      0,00      0,00      0,00      0,00
01:18:27      ens2np0 675320,00 675327,50 335022,03 335025,75      0,00      0,00      0,00     27,45
01:18:27      ens2np1      0,00      0,00      0,00      0,00      0,00      0,00      0,00      0,00

01:18:27        CPU      %usr     %nice      %sys   %iowait    %steal      %irq     %soft    %guest    %gnice     %idle
01:18:29        all      0,00      0,00      0,03      0,00      0,00      0,00     50,02      0,00      0,00     49,95
01:18:29          0      0,00      0,00      0,00      0,00      0,00      0,00    100,00      0,00      0,00      0,00
01:18:29          1      0,00      0,00      0,00      0,00      0,00      0,00    100,00      0,00      0,00      0,00
01:18:29          2      0,00      0,00      0,00      0,00      0,00      0,00    100,00      0,00      0,00      0,00
01:18:29          3      0,00      0,00      0,00      0,00      0,00      0,00    100,00      0,00      0,00      0,00
01:18:29          4      0,00      0,00      0,00      0,00      0,00      0,00    100,00      0,00      0,00      0,00
01:18:29          5      0,00      0,00      0,00      0,00      0,00      0,00    100,00      0,00      0,00      0,00
01:18:29          6      0,00      0,00      0,00      0,00      0,00      0,00    100,00      0,00      0,00      0,00
01:18:29          7      0,00      0,00      0,00      0,00      0,00      0,00    100,00      0,00      0,00      0,00
01:18:29          8      0,00      0,00      0,00      0,00      0,00      0,00      0,00      0,00      0,00    100,00
01:18:29          9      0,00      0,00      0,00      0,00      0,00      0,00      0,00      0,00      0,00    100,00
01:18:29         10      0,00      0,00      0,00      0,00      0,00      0,00      0,00      0,00      0,00    100,00
01:18:29         11      0,00      0,00      0,00      0,00      0,00      0,00      0,00      0,00      0,00    100,00
01:18:29         12      0,00      0,00      0,50      0,00      0,00      0,00      0,00      0,00      0,00     99,50
01:18:29         13      0,00      0,00      0,00      0,00      0,00      0,00      0,00      0,00      0,00    100,00
01:18:29         14      0,00      0,00      0,00      0,00      0,00      0,00      0,00      0,00      0,00    100,00
01:18:29         15      0,00      0,00      0,00      0,00      0,00      0,00      0,00      0,00      0,00    100,00

01:18:27        IFACE   rxpck/s   txpck/s    rxkB/s    txkB/s   rxcmp/s   txcmp/s  rxmcst/s   %ifutil
01:18:29           lo      0,00      0,00      0,00      0,00      0,00      0,00      0,00      0,00
01:18:29         eno1      4,50      1,00      0,28      0,11      0,00      0,00      1,00      0,00
01:18:29         eno2      0,00      0,00      0,00      0,00      0,00      0,00      0,00      0,00
01:18:29      docker0      0,00      0,00      0,00      0,00      0,00      0,00      0,00      0,00
01:18:29      ens2np0 675636,00 675615,00 335178,80 335168,38      0,00      0,00      0,00     27,46
01:18:29      ens2np1      0,00      0,00      0,00      0,00      0,00      0,00      0,00      0,00

01:18:29        CPU      %usr     %nice      %sys   %iowait    %steal      %irq     %soft    %guest    %gnice     %idle
01:18:31        all      0,03      0,00      0,09      0,00      0,00      0,00     50,00      0,00      0,00     49,88
01:18:31          0      0,00      0,00      0,00      0,00      0,00      0,00    100,00      0,00      0,00      0,00
01:18:31          1      0,00      0,00      0,00      0,00      0,00      0,00    100,00      0,00      0,00      0,00
01:18:31          2      0,00      0,00      0,00      0,00      0,00      0,00    100,00      0,00      0,00      0,00
01:18:31          3      0,00      0,00      0,00      0,00      0,00      0,00    100,00      0,00      0,00      0,00
01:18:31          4      0,00      0,00      0,00      0,00      0,00      0,00    100,00      0,00      0,00      0,00
01:18:31          5      0,00      0,00      0,00      0,00      0,00      0,00    100,00      0,00      0,00      0,00
01:18:31          6      0,00      0,00      0,00      0,00      0,00      0,00    100,00      0,00      0,00      0,00
01:18:31          7      0,00      0,00      0,00      0,00      0,00      0,00    100,00      0,00      0,00      0,00
01:18:31          8      0,00      0,00      0,00      0,00      0,00      0,00      0,00      0,00      0,00    100,00
01:18:31          9      0,00      0,00      0,00      0,00      0,00      0,00      0,00      0,00      0,00    100,00
01:18:31         10      0,00      0,00      0,00      0,00      0,00      0,00      0,00      0,00      0,00    100,00
01:18:31         11      0,00      0,00      0,00      0,00      0,00      0,00      0,00      0,00      0,00    100,00
01:18:31         12      0,50      0,00      1,49      0,00      0,00      0,00      0,00      0,00      0,00     98,01
01:18:31         13      0,00      0,00      0,00      0,00      0,00      0,00      0,00      0,00      0,00    100,00
01:18:31         14      0,00      0,00      0,00      0,00      0,00      0,00      0,00      0,00      0,00    100,00
01:18:31         15      0,00      0,00      0,00      0,00      0,00      0,00      0,00      0,00      0,00    100,00

01:18:29        IFACE   rxpck/s   txpck/s    rxkB/s    txkB/s   rxcmp/s   txcmp/s  rxmcst/s   %ifutil
01:18:31           lo      0,00      0,00      0,00      0,00      0,00      0,00      0,00      0,00
01:18:31         eno1      9,00      2,00      1,00      0,65      0,00      0,00      1,00      0,00
01:18:31         eno2      0,00      0,00      0,00      0,00      0,00      0,00      0,00      0,00
01:18:31      docker0      0,00      0,00      0,00      0,00      0,00      0,00      0,00      0,00
01:18:31      ens2np0 675180,00 675170,00 334952,58 334947,62      0,00      0,00      0,00     27,44
01:18:31      ens2np1      0,00      0,00      0,00      0,00      0,00      0,00      0,00      0,00

01:18:31        CPU      %usr     %nice      %sys   %iowait    %steal      %irq     %soft    %guest    %gnice     %idle
01:18:33        all      0,06      0,00      0,03      0,00      0,00      0,00     50,00      0,00      0,00     49,91
01:18:33          0      0,00      0,00      0,00      0,00      0,00      0,00    100,00      0,00      0,00      0,00
01:18:33          1      0,00      0,00      0,00      0,00      0,00      0,00    100,00      0,00      0,00      0,00
01:18:33          2      0,00      0,00      0,00      0,00      0,00      0,00    100,00      0,00      0,00      0,00
01:18:33          3      0,00      0,00      0,00      0,00      0,00      0,00    100,00      0,00      0,00      0,00
01:18:33          4      0,00      0,00      0,00      0,00      0,00      0,00    100,00      0,00      0,00      0,00
01:18:33          5      0,00      0,00      0,00      0,00      0,00      0,00    100,00      0,00      0,00      0,00
01:18:33          6      0,00      0,00      0,00      0,00      0,00      0,00    100,00      0,00      0,00      0,00
01:18:33          7      0,00      0,00      0,00      0,00      0,00      0,00    100,00      0,00      0,00      0,00
01:18:33          8      0,00      0,00      0,00      0,00      0,00      0,00      0,00      0,00      0,00    100,00
01:18:33          9      0,00      0,00      0,00      0,00      0,00      0,00      0,00      0,00      0,00    100,00
01:18:33         10      0,50      0,00      0,00      0,00      0,00      0,00      0,00      0,00      0,00     99,50
01:18:33         11      0,00      0,00      0,00      0,00      0,00      0,00      0,00      0,00      0,00    100,00
01:18:33         12      0,50      0,00      0,50      0,00      0,00      0,00      0,00      0,00      0,00     99,00
01:18:33         13      0,00      0,00      0,00      0,00      0,00      0,00      0,00      0,00      0,00    100,00
01:18:33         14      0,00      0,00      0,00      0,00      0,00      0,00      0,00      0,00      0,00    100,00
01:18:33         15      0,00      0,00      0,00      0,00      0,00      0,00      0,00      0,00      0,00    100,00

01:18:31        IFACE   rxpck/s   txpck/s    rxkB/s    txkB/s   rxcmp/s   txcmp/s  rxmcst/s   %ifutil
01:18:33           lo      0,00      0,00      0,00      0,00      0,00      0,00      0,00      0,00
01:18:33         eno1      6,00      0,00      0,38      0,00      0,00      0,00      1,00      0,00
01:18:33         eno2      0,00      0,00      0,00      0,00      0,00      0,00      0,00      0,00
01:18:33      docker0      0,00      0,00      0,00      0,00      0,00      0,00      0,00      0,00
01:18:33      ens2np0 675560,00 675550,50 335141,09 335136,38      0,00      0,00      0,00     27,45
01:18:33      ens2np1      0,00      0,00      0,00      0,00      0,00      0,00      0,00      0,00

01:18:33        CPU      %usr     %nice      %sys   %iowait    %steal      %irq     %soft    %guest    %gnice     %idle
01:18:35        all      0,53      0,00      0,09      0,00      0,00      0,00     50,00      0,00      0,00     49,38
01:18:35          0      0,00      0,00      0,00      0,00      0,00      0,00    100,00      0,00      0,00      0,00
01:18:35          1      0,00      0,00      0,00      0,00      0,00      0,00    100,00      0,00      0,00      0,00
01:18:35          2      0,00      0,00      0,00      0,00      0,00      0,00    100,00      0,00      0,00      0,00
01:18:35          3      0,00      0,00      0,00      0,00      0,00      0,00    100,00      0,00      0,00      0,00
01:18:35          4      0,00      0,00      0,00      0,00      0,00      0,00    100,00      0,00      0,00      0,00
01:18:35          5      0,00      0,00      0,00      0,00      0,00      0,00    100,00      0,00      0,00      0,00
01:18:35          6      0,00      0,00      0,00      0,00      0,00      0,00    100,00      0,00      0,00      0,00
01:18:35          7      0,00      0,00      0,00      0,00      0,00      0,00    100,00      0,00      0,00      0,00
01:18:35          8      0,50      0,00      1,00      0,00      0,00      0,00      0,00      0,00      0,00     98,50
01:18:35          9      2,00      0,00      0,00      0,00      0,00      0,00      0,00      0,00      0,00     98,00
01:18:35         10      1,01      0,00      0,00      0,00      0,00      0,00      0,00      0,00      0,00     98,99
01:18:35         11      0,50      0,00      0,00      0,00      0,00      0,00      0,00      0,00      0,00     99,50
01:18:35         12      1,00      0,00      0,50      0,00      0,00      0,00      0,00      0,00      0,00     98,50
01:18:35         13      1,50      0,00      0,00      0,00      0,00      0,00      0,00      0,00      0,00     98,50
01:18:35         14      1,00      0,00      0,00      0,00      0,00      0,00      0,00      0,00      0,00     99,00
01:18:35         15      1,00      0,00      0,00      0,00      0,00      0,00      0,00      0,00      0,00     99,00

01:18:33        IFACE   rxpck/s   txpck/s    rxkB/s    txkB/s   rxcmp/s   txcmp/s  rxmcst/s   %ifutil
01:18:35           lo      0,00      0,00      0,00      0,00      0,00      0,00      0,00      0,00
01:18:35         eno1      7,00      3,50      0,62      0,46      0,00      0,00      1,00      0,00
01:18:35         eno2      0,00      0,00      0,00      0,00      0,00      0,00      0,00      0,00
01:18:35      docker0      0,00      0,00      0,00      0,00      0,00      0,00      0,00      0,00
01:18:35      ens2np0 672172,00 672225,00 333460,33 333486,62      0,00      0,00      0,00     27,32
01:18:35      ens2np1      0,00      0,00      0,00      0,00      0,00      0,00      0,00      0,00

01:18:35        CPU      %usr     %nice      %sys   %iowait    %steal      %irq     %soft    %guest    %gnice     %idle
01:18:37        all      0,06      0,00      0,09      0,00      0,00      0,00     50,02      0,00      0,00     49,83
01:18:37          0      0,00      0,00      0,00      0,00      0,00      0,00    100,00      0,00      0,00      0,00
01:18:37          1      0,00      0,00      0,00      0,00      0,00      0,00    100,00      0,00      0,00      0,00
01:18:37          2      0,00      0,00      0,00      0,00      0,00      0,00    100,00      0,00      0,00      0,00
01:18:37          3      0,00      0,00      0,00      0,00      0,00      0,00    100,00      0,00      0,00      0,00
01:18:37          4      0,00      0,00      0,00      0,00      0,00      0,00    100,00      0,00      0,00      0,00
01:18:37          5      0,00      0,00      0,00      0,00      0,00      0,00    100,00      0,00      0,00      0,00
01:18:37          6      0,00      0,00      0,00      0,00      0,00      0,00    100,00      0,00      0,00      0,00
01:18:37          7      0,00      0,00      0,00      0,00      0,00      0,00    100,00      0,00      0,00      0,00
01:18:37          8      0,00      0,00      0,00      0,00      0,00      0,00      0,00      0,00      0,00    100,00
01:18:37          9      0,50      0,00      0,00      0,00      0,00      0,00      0,00      0,00      0,00     99,50
01:18:37         10      0,00      0,00      0,00      0,00      0,00      0,00      0,00      0,00      0,00    100,00
01:18:37         11      0,00      0,00      0,00      0,00      0,00      0,00      0,00      0,00      0,00    100,00
01:18:37         12      0,50      0,00      1,01      0,00      0,00      0,00      0,00      0,00      0,00     98,49
01:18:37         13      0,00      0,00      0,00      0,00      0,00      0,00      0,00      0,00      0,00    100,00
01:18:37         14      0,00      0,00      0,50      0,00      0,00      0,00      0,00      0,00      0,00     99,50
01:18:37         15      0,00      0,00      0,00      0,00      0,00      0,00      0,00      0,00      0,00    100,00

01:18:35        IFACE   rxpck/s   txpck/s    rxkB/s    txkB/s   rxcmp/s   txcmp/s  rxmcst/s   %ifutil
01:18:37           lo      0,00      0,00      0,00      0,00      0,00      0,00      0,00      0,00
01:18:37         eno1      6,00      0,50      0,38      0,03      0,00      0,00      1,00      0,00
01:18:37         eno2      0,00      0,00      0,00      0,00      0,00      0,00      0,00      0,00
01:18:37      docker0      0,00      0,00      0,00      0,00      0,00      0,00      0,00      0,00
01:18:37      ens2np0 675083,50 675039,00 334904,71 334882,63      0,00      0,00      0,00     27,44
01:18:37      ens2np1      0,00      0,00      0,00      0,00      0,00      0,00      0,00      0,00

01:18:37        CPU      %usr     %nice      %sys   %iowait    %steal      %irq     %soft    %guest    %gnice     %idle
01:18:39        all      0,00      0,00      0,06      0,00      0,00      0,00     50,00      0,00      0,00     49,94
01:18:39          0      0,00      0,00      0,00      0,00      0,00      0,00    100,00      0,00      0,00      0,00
01:18:39          1      0,00      0,00      0,00      0,00      0,00      0,00    100,00      0,00      0,00      0,00
01:18:39          2      0,00      0,00      0,00      0,00      0,00      0,00    100,00      0,00      0,00      0,00
01:18:39          3      0,00      0,00      0,00      0,00      0,00      0,00    100,00      0,00      0,00      0,00
01:18:39          4      0,00      0,00      0,00      0,00      0,00      0,00    100,00      0,00      0,00      0,00
01:18:39          5      0,00      0,00      0,00      0,00      0,00      0,00    100,00      0,00      0,00      0,00
01:18:39          6      0,00      0,00      0,00      0,00      0,00      0,00    100,00      0,00      0,00      0,00
01:18:39          7      0,00      0,00      0,00      0,00      0,00      0,00    100,00      0,00      0,00      0,00
01:18:39          8      0,00      0,00      0,00      0,00      0,00      0,00      0,00      0,00      0,00    100,00
01:18:39          9      0,00      0,00      0,00      0,00      0,00      0,00      0,00      0,00      0,00    100,00
01:18:39         10      0,00      0,00      0,00      0,00      0,00      0,00      0,00      0,00      0,00    100,00
01:18:39         11      0,00      0,00      0,00      0,00      0,00      0,00      0,00      0,00      0,00    100,00
01:18:39         12      0,00      0,00      1,00      0,00      0,00      0,00      0,00      0,00      0,00     99,00
01:18:39         13      0,00      0,00      0,00      0,00      0,00      0,00      0,00      0,00      0,00    100,00
01:18:39         14      0,00      0,00      0,00      0,00      0,00      0,00      0,00      0,00      0,00    100,00
01:18:39         15      0,00      0,00      0,00      0,00      0,00      0,00      0,00      0,00      0,00    100,00

01:18:37        IFACE   rxpck/s   txpck/s    rxkB/s    txkB/s   rxcmp/s   txcmp/s  rxmcst/s   %ifutil
01:18:39           lo      0,00      0,00      0,00      0,00      0,00      0,00      0,00      0,00
01:18:39         eno1      4,00      1,00      0,30      0,11      0,00      0,00      1,00      0,00
01:18:39         eno2      0,00      0,00      0,00      0,00      0,00      0,00      0,00      0,00
01:18:39      docker0      0,00      0,00      0,00      0,00      0,00      0,00      0,00      0,00
01:18:39      ens2np0 675632,50 675616,00 335177,06 335168,88      0,00      0,00      0,00     27,46
01:18:39      ens2np1      0,00      0,00      0,00      0,00      0,00      0,00      0,00      0,00

Average:        CPU      %usr     %nice      %sys   %iowait    %steal      %irq     %soft    %guest    %gnice     %idle
Average:        all      0,13      0,00      0,09      0,00      0,00      0,00     39,16      0,00      0,00     60,62
Average:          0      0,02      0,00      0,00      0,00      0,00      0,00     78,31      0,00      0,00     21,67
Average:          1      0,02      0,00      0,02      0,00      0,00      0,00     78,28      0,00      0,00     21,68
Average:          2      0,02      0,00      0,00      0,00      0,00      0,00     78,32      0,00      0,00     21,66
Average:          3      0,02      0,00      0,00      0,00      0,00      0,00     78,30      0,00      0,00     21,68
Average:          4      0,02      0,00      0,02      0,00      0,00      0,00     78,30      0,00      0,00     21,66
Average:          5      0,06      0,00      0,02      0,00      0,00      0,00     78,30      0,00      0,00     21,62
Average:          6      0,02      0,00      0,00      0,00      0,00      0,00     78,30      0,00      0,00     21,68
Average:          7      0,04      0,00      0,00      0,00      0,00      0,00     78,28      0,00      0,00     21,68
Average:          8      0,12      0,00      0,06      0,00      0,00      0,00      0,00      0,00      0,00     99,82
Average:          9      0,34      0,00      0,10      0,00      0,00      0,00      0,00      0,00      0,00     99,56
Average:         10      0,18      0,00      0,04      0,00      0,00      0,00      0,00      0,00      0,00     99,78
Average:         11      0,26      0,00      0,24      0,00      0,00      0,00      0,00      0,00      0,00     99,50
Average:         12      0,46      0,00      0,76      0,00      0,00      0,00      0,00      0,00      0,00     98,78
Average:         13      0,16      0,00      0,02      0,00      0,00      0,00      0,00      0,00      0,00     99,82
Average:         14      0,24      0,00      0,12      0,00      0,00      0,00      0,00      0,00      0,00     99,64
Average:         15      0,12      0,00      0,04      0,00      0,00      0,00      0,00      0,00      0,00     99,84

Average:        IFACE   rxpck/s   txpck/s    rxkB/s    txkB/s   rxcmp/s   txcmp/s  rxmcst/s   %ifutil
Average:           lo      0,00      0,00      0,00      0,00      0,00      0,00      0,00      0,00
Average:         eno1      7,74      2,98      0,74      0,52      0,00      0,00      1,08      0,00
Average:         eno2      0,00      0,00      0,00      0,00      0,00      0,00      0,00      0,00
Average:      docker0      0,00      0,00      0,00      0,00      0,00      0,00      0,00      0,00
Average:      ens2np0 528136,32 528128,62 262005,13 262001,29      0,00      0,00      0,00     21,46
Average:      ens2np1      0,00      0,00      0,00      0,00      0,00      0,00      0,00      0,00
