Linux 5.13.0-52-generic (w1) 	15/07/2022 	_x86_64_	(16 CPU)

01:04:29        CPU      %usr     %nice      %sys   %iowait    %steal      %irq     %soft    %guest    %gnice     %idle
01:04:31        all      0,16      0,00      0,06      0,00      0,00      0,00      0,00      0,00      0,00     99,78
01:04:31          0      0,50      0,00      0,00      0,00      0,00      0,00      0,00      0,00      0,00     99,50
01:04:31          1      0,00      0,00      0,00      0,00      0,00      0,00      0,00      0,00      0,00    100,00
01:04:31          2      0,00      0,00      0,00      0,00      0,00      0,00      0,00      0,00      0,00    100,00
01:04:31          3      1,00      0,00      0,00      0,00      0,00      0,00      0,00      0,00      0,00     99,00
01:04:31          4      0,00      0,00      0,00      0,00      0,00      0,00      0,00      0,00      0,00    100,00
01:04:31          5      1,00      0,00      0,00      0,00      0,00      0,00      0,00      0,00      0,00     99,00
01:04:31          6      0,00      0,00      0,00      0,00      0,00      0,00      0,00      0,00      0,00    100,00
01:04:31          7      0,00      0,00      0,00      0,00      0,00      0,00      0,00      0,00      0,00    100,00
01:04:31          8      0,00      0,00      0,00      0,00      0,00      0,00      0,00      0,00      0,00    100,00
01:04:31          9      0,00      0,00      0,00      0,00      0,00      0,00      0,00      0,00      0,00    100,00
01:04:31         10      0,00      0,00      0,00      0,00      0,00      0,00      0,00      0,00      0,00    100,00
01:04:31         11      0,00      0,00      1,00      0,00      0,00      0,00      0,00      0,00      0,00     99,00
01:04:31         12      0,00      0,00      0,00      0,00      0,00      0,00      0,00      0,00      0,00    100,00
01:04:31         13      0,00      0,00      0,00      0,00      0,00      0,00      0,00      0,00      0,00    100,00
01:04:31         14      0,00      0,00      0,00      0,00      0,00      0,00      0,00      0,00      0,00    100,00
01:04:31         15      0,00      0,00      0,00      0,00      0,00      0,00      0,00      0,00      0,00    100,00

01:04:29        IFACE   rxpck/s   txpck/s    rxkB/s    txkB/s   rxcmp/s   txcmp/s  rxmcst/s   %ifutil
01:04:31           lo      2,00      2,00      0,16      0,16      0,00      0,00      0,00      0,00
01:04:31         eno1     19,50     17,50      3,65      3,30      0,00      0,00      1,00      0,00
01:04:31         eno2      0,00      0,00      0,00      0,00      0,00      0,00      0,00      0,00
01:04:31      docker0      0,00      0,00      0,00      0,00      0,00      0,00      0,00      0,00
01:04:31      ens2np0      0,00      3,50      0,00      0,37      0,00      0,00      0,00      0,00
01:04:31      ens2np1      0,00      0,00      0,00      0,00      0,00      0,00      0,00      0,00

01:04:31        CPU      %usr     %nice      %sys   %iowait    %steal      %irq     %soft    %guest    %gnice     %idle
01:04:33        all      0,13      0,00      0,19      0,00      0,00      0,00      0,00      0,00      0,00     99,69
01:04:33          0      0,00      0,00      0,00      0,00      0,00      0,00      0,00      0,00      0,00    100,00
01:04:33          1      0,50      0,00      0,00      0,00      0,00      0,00      0,00      0,00      0,00     99,50
01:04:33          2      0,00      0,00      0,50      0,00      0,00      0,00      0,00      0,00      0,00     99,50
01:04:33          3      0,00      0,00      0,00      0,00      0,00      0,00      0,00      0,00      0,00    100,00
01:04:33          4      0,00      0,00      0,00      0,00      0,00      0,00      0,00      0,00      0,00    100,00
01:04:33          5      0,00      0,00      0,50      0,00      0,00      0,00      0,00      0,00      0,00     99,50
01:04:33          6      1,50      0,00      0,50      0,00      0,00      0,00      0,00      0,00      0,00     98,00
01:04:33          7      0,00      0,00      0,00      0,00      0,00      0,00      0,00      0,00      0,00    100,00
01:04:33          8      0,00      0,00      0,00      0,00      0,00      0,00      0,00      0,00      0,00    100,00
01:04:33          9      0,00      0,00      0,00      0,00      0,00      0,00      0,00      0,00      0,00    100,00
01:04:33         10      0,00      0,00      0,50      0,00      0,00      0,00      0,00      0,00      0,00     99,50
01:04:33         11      0,00      0,00      1,01      0,00      0,00      0,00      0,00      0,00      0,00     98,99
01:04:33         12      0,00      0,00      0,00      0,00      0,00      0,00      0,00      0,00      0,00    100,00
01:04:33         13      0,00      0,00      0,00      0,00      0,00      0,00      0,00      0,00      0,00    100,00
01:04:33         14      0,00      0,00      0,00      0,00      0,00      0,00      0,00      0,00      0,00    100,00
01:04:33         15      0,00      0,00      0,00      0,00      0,00      0,00      0,00      0,00      0,00    100,00

01:04:31        IFACE   rxpck/s   txpck/s    rxkB/s    txkB/s   rxcmp/s   txcmp/s  rxmcst/s   %ifutil
01:04:33           lo      2,00      2,00      0,16      0,16      0,00      0,00      0,00      0,00
01:04:33         eno1      6,50      0,50      0,45      0,04      0,00      0,00      1,50      0,00
01:04:33         eno2      0,00      0,00      0,00      0,00      0,00      0,00      0,00      0,00
01:04:33      docker0      0,00      0,00      0,00      0,00      0,00      0,00      0,00      0,00
01:04:33      ens2np0      0,00      0,50      0,00      0,04      0,00      0,00      0,00      0,00
01:04:33      ens2np1      0,00      0,00      0,00      0,00      0,00      0,00      0,00      0,00

01:04:33        CPU      %usr     %nice      %sys   %iowait    %steal      %irq     %soft    %guest    %gnice     %idle
01:04:35        all      0,03      0,00      0,09      0,00      0,00      0,00      0,00      0,00      0,00     99,87
01:04:35          0      0,00      0,00      0,00      0,00      0,00      0,00      0,00      0,00      0,00    100,00
01:04:35          1      0,00      0,00      0,00      0,00      0,00      0,00      0,00      0,00      0,00    100,00
01:04:35          2      0,00      0,00      0,00      0,00      0,00      0,00      0,00      0,00      0,00    100,00
01:04:35          3      0,00      0,00      0,00      0,00      0,00      0,00      0,00      0,00      0,00    100,00
01:04:35          4      0,00      0,00      0,00      0,00      0,00      0,00      0,00      0,00      0,00    100,00
01:04:35          5      0,00      0,00      0,00      0,00      0,00      0,00      0,00      0,00      0,00    100,00
01:04:35          6      0,00      0,00      0,00      0,00      0,00      0,00      0,00      0,00      0,00    100,00
01:04:35          7      0,00      0,00      0,00      0,00      0,00      0,00      0,00      0,00      0,00    100,00
01:04:35          8      0,00      0,00      0,00      0,00      0,00      0,00      0,00      0,00      0,00    100,00
01:04:35          9      0,00      0,00      0,00      0,00      0,00      0,00      0,00      0,00      0,00    100,00
01:04:35         10      0,00      0,00      0,00      0,00      0,00      0,00      0,00      0,00      0,00    100,00
01:04:35         11      0,50      0,00      1,50      0,00      0,00      0,00      0,00      0,00      0,00     98,00
01:04:35         12      0,00      0,00      0,00      0,00      0,00      0,00      0,00      0,00      0,00    100,00
01:04:35         13      0,00      0,00      0,00      0,00      0,00      0,00      0,00      0,00      0,00    100,00
01:04:35         14      0,00      0,00      0,00      0,00      0,00      0,00      0,00      0,00      0,00    100,00
01:04:35         15      0,00      0,00      0,00      0,00      0,00      0,00      0,00      0,00      0,00    100,00

01:04:33        IFACE   rxpck/s   txpck/s    rxkB/s    txkB/s   rxcmp/s   txcmp/s  rxmcst/s   %ifutil
01:04:35           lo      0,00      0,00      0,00      0,00      0,00      0,00      0,00      0,00
01:04:35         eno1      3,00      0,00      0,19      0,00      0,00      0,00      1,00      0,00
01:04:35         eno2      0,00      0,00      0,00      0,00      0,00      0,00      0,00      0,00
01:04:35      docker0      0,00      0,00      0,00      0,00      0,00      0,00      0,00      0,00
01:04:35      ens2np0      0,00      0,50      0,00      0,06      0,00      0,00      0,00      0,00
01:04:35      ens2np1      0,00      0,00      0,00      0,00      0,00      0,00      0,00      0,00

01:04:35        CPU      %usr     %nice      %sys   %iowait    %steal      %irq     %soft    %guest    %gnice     %idle
01:04:37        all      0,03      0,00      0,09      0,00      0,00      0,00      0,00      0,00      0,00     99,88
01:04:37          0      0,00      0,00      0,00      0,00      0,00      0,00      0,00      0,00      0,00    100,00
01:04:37          1      0,00      0,00      0,00      0,00      0,00      0,00      0,00      0,00      0,00    100,00
01:04:37          2      0,00      0,00      0,00      0,00      0,00      0,00      0,00      0,00      0,00    100,00
01:04:37          3      0,00      0,00      0,00      0,00      0,00      0,00      0,00      0,00      0,00    100,00
01:04:37          4      0,00      0,00      0,00      0,00      0,00      0,00      0,00      0,00      0,00    100,00
01:04:37          5      0,00      0,00      0,00      0,00      0,00      0,00      0,00      0,00      0,00    100,00
01:04:37          6      0,00      0,00      0,00      0,00      0,00      0,00      0,00      0,00      0,00    100,00
01:04:37          7      0,00      0,00      0,00      0,00      0,00      0,00      0,00      0,00      0,00    100,00
01:04:37          8      0,00      0,00      0,00      0,00      0,00      0,00      0,00      0,00      0,00    100,00
01:04:37          9      0,00      0,00      0,00      0,00      0,00      0,00      0,00      0,00      0,00    100,00
01:04:37         10      0,00      0,00      0,00      0,00      0,00      0,00      0,00      0,00      0,00    100,00
01:04:37         11      0,00      0,00      0,50      0,00      0,00      0,00      0,00      0,00      0,00     99,50
01:04:37         12      0,00      0,00      0,00      0,00      0,00      0,00      0,00      0,00      0,00    100,00
01:04:37         13      0,00      0,00      0,00      0,00      0,00      0,00      0,00      0,00      0,00    100,00
01:04:37         14      0,50      0,00      0,50      0,00      0,00      0,00      0,00      0,00      0,00     99,00
01:04:37         15      0,00      0,00      0,50      0,00      0,00      0,00      0,00      0,00      0,00     99,50

01:04:35        IFACE   rxpck/s   txpck/s    rxkB/s    txkB/s   rxcmp/s   txcmp/s  rxmcst/s   %ifutil
01:04:37           lo      0,00      0,00      0,00      0,00      0,00      0,00      0,00      0,00
01:04:37         eno1      7,00      2,50      0,46      0,19      0,00      0,00      1,00      0,00
01:04:37         eno2      0,00      0,00      0,00      0,00      0,00      0,00      0,00      0,00
01:04:37      docker0      0,00      0,00      0,00      0,00      0,00      0,00      0,00      0,00
01:04:37      ens2np0      0,00      0,50      0,00      0,04      0,00      0,00      0,00      0,00
01:04:37      ens2np1      0,00      0,00      0,00      0,00      0,00      0,00      0,00      0,00

01:04:37        CPU      %usr     %nice      %sys   %iowait    %steal      %irq     %soft    %guest    %gnice     %idle
01:04:39        all      0,12      0,00      0,03      0,03      0,00      0,00      0,00      0,00      0,00     99,81
01:04:39          0      0,00      0,00      0,00      0,00      0,00      0,00      0,00      0,00      0,00    100,00
01:04:39          1      0,00      0,00      0,00      0,00      0,00      0,00      0,00      0,00      0,00    100,00
01:04:39          2      0,00      0,00      0,00      0,00      0,00      0,00      0,00      0,00      0,00    100,00
01:04:39          3      0,00      0,00      0,00      0,00      0,00      0,00      0,00      0,00      0,00    100,00
01:04:39          4      0,00      0,00      0,00      0,00      0,00      0,00      0,00      0,00      0,00    100,00
01:04:39          5      0,00      0,00      0,00      0,00      0,00      0,00      0,00      0,00      0,00    100,00
01:04:39          6      0,00      0,00      0,00      0,00      0,00      0,00      0,00      0,00      0,00    100,00
01:04:39          7      0,00      0,00      0,00      0,50      0,00      0,00      0,00      0,00      0,00     99,50
01:04:39          8      0,00      0,00      0,50      0,00      0,00      0,00      0,00      0,00      0,00     99,50
01:04:39          9      0,50      0,00      0,00      0,00      0,00      0,00      0,00      0,00      0,00     99,50
01:04:39         10      0,00      0,00      0,00      0,00      0,00      0,00      0,00      0,00      0,00    100,00
01:04:39         11      1,00      0,00      0,00      0,00      0,00      0,00      0,00      0,00      0,00     99,00
01:04:39         12      0,00      0,00      0,00      0,00      0,00      0,00      0,00      0,00      0,00    100,00
01:04:39         13      0,00      0,00      0,00      0,00      0,00      0,00      0,00      0,00      0,00    100,00
01:04:39         14      0,00      0,00      0,00      0,00      0,00      0,00      0,00      0,00      0,00    100,00
01:04:39         15      0,50      0,00      0,00      0,00      0,00      0,00      0,00      0,00      0,00     99,50

01:04:37        IFACE   rxpck/s   txpck/s    rxkB/s    txkB/s   rxcmp/s   txcmp/s  rxmcst/s   %ifutil
01:04:39           lo      0,00      0,00      0,00      0,00      0,00      0,00      0,00      0,00
01:04:39         eno1      6,00      1,00      0,50      0,07      0,00      0,00      1,00      0,00
01:04:39         eno2      0,00      0,00      0,00      0,00      0,00      0,00      0,00      0,00
01:04:39      docker0      0,00      0,00      0,00      0,00      0,00      0,00      0,00      0,00
01:04:39      ens2np0      0,00      0,00      0,00      0,00      0,00      0,00      0,00      0,00
01:04:39      ens2np1      0,00      0,00      0,00      0,00      0,00      0,00      0,00      0,00

01:04:39        CPU      %usr     %nice      %sys   %iowait    %steal      %irq     %soft    %guest    %gnice     %idle
01:04:41        all      0,06      0,00      0,09      0,00      0,00      0,00     28,66      0,00      0,00     71,18
01:04:41          0      0,00      0,00      0,00      0,00      0,00      0,00     57,50      0,00      0,00     42,50
01:04:41          1      0,00      0,00      0,00      0,00      0,00      0,00     57,29      0,00      0,00     42,71
01:04:41          2      0,00      0,00      0,00      0,00      0,00      0,00     57,29      0,00      0,00     42,71
01:04:41          3      0,00      0,00      0,00      0,00      0,00      0,00     57,50      0,00      0,00     42,50
01:04:41          4      0,00      0,00      0,00      0,00      0,00      0,00     57,29      0,00      0,00     42,71
01:04:41          5      0,50      0,00      0,00      0,00      0,00      0,00     57,21      0,00      0,00     42,29
01:04:41          6      0,00      0,00      0,00      0,00      0,00      0,00     57,79      0,00      0,00     42,21
01:04:41          7      0,00      0,00      0,00      0,00      0,00      0,00     57,29      0,00      0,00     42,71
01:04:41          8      0,00      0,00      0,00      0,00      0,00      0,00      0,00      0,00      0,00    100,00
01:04:41          9      0,00      0,00      0,00      0,00      0,00      0,00      0,00      0,00      0,00    100,00
01:04:41         10      0,00      0,00      0,00      0,00      0,00      0,00      0,00      0,00      0,00    100,00
01:04:41         11      0,00      0,00      1,51      0,00      0,00      0,00      0,00      0,00      0,00     98,49
01:04:41         12      0,00      0,00      0,00      0,00      0,00      0,00      0,00      0,00      0,00    100,00
01:04:41         13      0,50      0,00      0,00      0,00      0,00      0,00      0,00      0,00      0,00     99,50
01:04:41         14      0,00      0,00      0,00      0,00      0,00      0,00      0,00      0,00      0,00    100,00
01:04:41         15      0,00      0,00      0,00      0,00      0,00      0,00      0,00      0,00      0,00    100,00

01:04:39        IFACE   rxpck/s   txpck/s    rxkB/s    txkB/s   rxcmp/s   txcmp/s  rxmcst/s   %ifutil
01:04:41           lo      4,00      4,00      0,44      0,44      0,00      0,00      0,00      0,00
01:04:41         eno1      7,00      2,00      0,58      0,20      0,00      0,00      1,00      0,00
01:04:41         eno2      0,00      0,00      0,00      0,00      0,00      0,00      0,00      0,00
01:04:41      docker0      0,00      0,00      0,00      0,00      0,00      0,00      0,00      0,00
01:04:41      ens2np0 853616,50 842752,00  50016,59  49380,00      0,00      0,00      0,00      4,10
01:04:41      ens2np1      0,00      0,00      0,00      0,00      0,00      0,00      0,00      0,00

01:04:41        CPU      %usr     %nice      %sys   %iowait    %steal      %irq     %soft    %guest    %gnice     %idle
01:04:43        all      0,00      0,00      0,03      0,00      0,00      0,00     50,06      0,00      0,00     49,91
01:04:43          0      0,00      0,00      0,00      0,00      0,00      0,00    100,00      0,00      0,00      0,00
01:04:43          1      0,00      0,00      0,00      0,00      0,00      0,00    100,00      0,00      0,00      0,00
01:04:43          2      0,00      0,00      0,00      0,00      0,00      0,00    100,00      0,00      0,00      0,00
01:04:43          3      0,00      0,00      0,00      0,00      0,00      0,00    100,00      0,00      0,00      0,00
01:04:43          4      0,00      0,00      0,00      0,00      0,00      0,00    100,00      0,00      0,00      0,00
01:04:43          5      0,00      0,00      0,00      0,00      0,00      0,00    100,00      0,00      0,00      0,00
01:04:43          6      0,00      0,00      0,00      0,00      0,00      0,00    100,00      0,00      0,00      0,00
01:04:43          7      0,00      0,00      0,00      0,00      0,00      0,00    100,00      0,00      0,00      0,00
01:04:43          8      0,00      0,00      0,00      0,00      0,00      0,00      0,00      0,00      0,00    100,00
01:04:43          9      0,00      0,00      0,00      0,00      0,00      0,00      0,00      0,00      0,00    100,00
01:04:43         10      0,00      0,00      0,00      0,00      0,00      0,00      0,00      0,00      0,00    100,00
01:04:43         11      0,00      0,00      0,50      0,00      0,00      0,00      0,00      0,00      0,00     99,50
01:04:43         12      0,00      0,00      0,00      0,00      0,00      0,00      0,00      0,00      0,00    100,00
01:04:43         13      0,00      0,00      0,00      0,00      0,00      0,00      0,00      0,00      0,00    100,00
01:04:43         14      0,00      0,00      0,00      0,00      0,00      0,00      0,00      0,00      0,00    100,00
01:04:43         15      0,00      0,00      0,00      0,00      0,00      0,00      0,00      0,00      0,00    100,00

01:04:41        IFACE   rxpck/s   txpck/s    rxkB/s    txkB/s   rxcmp/s   txcmp/s  rxmcst/s   %ifutil
01:04:43           lo      0,00      0,00      0,00      0,00      0,00      0,00      0,00      0,00
01:04:43         eno1      5,00      0,00      0,31      0,00      0,00      0,00      1,50      0,00
01:04:43         eno2      0,00      0,00      0,00      0,00      0,00      0,00      0,00      0,00
01:04:43      docker0      0,00      0,00      0,00      0,00      0,00      0,00      0,00      0,00
01:04:43      ens2np0 1506003,00 1505280,00  88242,36  88200,00      0,00      0,00      0,00      7,23
01:04:43      ens2np1      0,00      0,00      0,00      0,00      0,00      0,00      0,00      0,00

01:04:43        CPU      %usr     %nice      %sys   %iowait    %steal      %irq     %soft    %guest    %gnice     %idle
01:04:45        all      0,38      0,00      0,09      0,00      0,00      0,00     50,03      0,00      0,00     49,50
01:04:45          0      0,00      0,00      0,00      0,00      0,00      0,00    100,00      0,00      0,00      0,00
01:04:45          1      0,00      0,00      0,00      0,00      0,00      0,00    100,00      0,00      0,00      0,00
01:04:45          2      0,00      0,00      0,00      0,00      0,00      0,00    100,00      0,00      0,00      0,00
01:04:45          3      0,00      0,00      0,00      0,00      0,00      0,00    100,00      0,00      0,00      0,00
01:04:45          4      0,00      0,00      0,00      0,00      0,00      0,00    100,00      0,00      0,00      0,00
01:04:45          5      0,00      0,00      0,00      0,00      0,00      0,00    100,00      0,00      0,00      0,00
01:04:45          6      0,00      0,00      0,00      0,00      0,00      0,00    100,00      0,00      0,00      0,00
01:04:45          7      0,00      0,00      0,00      0,00      0,00      0,00    100,00      0,00      0,00      0,00
01:04:45          8      1,01      0,00      0,00      0,00      0,00      0,00      0,00      0,00      0,00     98,99
01:04:45          9      1,50      0,00      0,00      0,00      0,00      0,00      0,00      0,00      0,00     98,50
01:04:45         10      0,00      0,00      0,50      0,00      0,00      0,00      0,00      0,00      0,00     99,50
01:04:45         11      0,50      0,00      1,00      0,00      0,00      0,00      0,00      0,00      0,00     98,50
01:04:45         12      0,50      0,00      0,00      0,00      0,00      0,00      0,00      0,00      0,00     99,50
01:04:45         13      0,50      0,00      0,00      0,00      0,00      0,00      0,00      0,00      0,00     99,50
01:04:45         14      1,00      0,00      0,00      0,00      0,00      0,00      0,00      0,00      0,00     99,00
01:04:45         15      1,00      0,00      0,00      0,00      0,00      0,00      0,00      0,00      0,00     99,00

01:04:43        IFACE   rxpck/s   txpck/s    rxkB/s    txkB/s   rxcmp/s   txcmp/s  rxmcst/s   %ifutil
01:04:45           lo      0,00      0,00      0,00      0,00      0,00      0,00      0,00      0,00
01:04:45         eno1      4,50      0,00      0,28      0,00      0,00      0,00      1,50      0,00
01:04:45         eno2      0,00      0,00      0,00      0,00      0,00      0,00      0,00      0,00
01:04:45      docker0      0,00      0,00      0,00      0,00      0,00      0,00      0,00      0,00
01:04:45      ens2np0 1499613,50 1500160,50  87867,98  87900,04      0,00      0,00      0,00      7,20
01:04:45      ens2np1      0,00      0,00      0,00      0,00      0,00      0,00      0,00      0,00

01:04:45        CPU      %usr     %nice      %sys   %iowait    %steal      %irq     %soft    %guest    %gnice     %idle
01:04:47        all      0,03      0,00      0,12      0,00      0,00      0,00     49,97      0,00      0,00     49,88
01:04:47          0      0,00      0,00      0,00      0,00      0,00      0,00    100,00      0,00      0,00      0,00
01:04:47          1      0,00      0,00      0,00      0,00      0,00      0,00    100,00      0,00      0,00      0,00
01:04:47          2      0,00      0,00      0,00      0,00      0,00      0,00    100,00      0,00      0,00      0,00
01:04:47          3      0,00      0,00      0,00      0,00      0,00      0,00    100,00      0,00      0,00      0,00
01:04:47          4      0,00      0,00      0,00      0,00      0,00      0,00    100,00      0,00      0,00      0,00
01:04:47          5      0,00      0,00      0,00      0,00      0,00      0,00    100,00      0,00      0,00      0,00
01:04:47          6      0,00      0,00      0,00      0,00      0,00      0,00    100,00      0,00      0,00      0,00
01:04:47          7      0,00      0,00      0,00      0,00      0,00      0,00    100,00      0,00      0,00      0,00
01:04:47          8      0,00      0,00      0,00      0,00      0,00      0,00      0,00      0,00      0,00    100,00
01:04:47          9      0,00      0,00      0,00      0,00      0,00      0,00      0,00      0,00      0,00    100,00
01:04:47         10      0,00      0,00      0,00      0,00      0,00      0,00      0,00      0,00      0,00    100,00
01:04:47         11      0,50      0,00      1,98      0,00      0,00      0,00      0,00      0,00      0,00     97,52
01:04:47         12      0,00      0,00      0,00      0,00      0,00      0,00      0,00      0,00      0,00    100,00
01:04:47         13      0,00      0,00      0,00      0,00      0,00      0,00      0,00      0,00      0,00    100,00
01:04:47         14      0,00      0,00      0,00      0,00      0,00      0,00      0,00      0,00      0,00    100,00
01:04:47         15      0,00      0,00      0,00      0,00      0,00      0,00      0,00      0,00      0,00    100,00

01:04:45        IFACE   rxpck/s   txpck/s    rxkB/s    txkB/s   rxcmp/s   txcmp/s  rxmcst/s   %ifutil
01:04:47           lo      0,00      0,00      0,00      0,00      0,00      0,00      0,00      0,00
01:04:47         eno1      5,50      0,00      0,35      0,00      0,00      0,00      1,00      0,00
01:04:47         eno2      0,00      0,00      0,00      0,00      0,00      0,00      0,00      0,00
01:04:47      docker0      0,00      0,00      0,00      0,00      0,00      0,00      0,00      0,00
01:04:47      ens2np0 1505198,50 1506304,00  88195,22  88260,00      0,00      0,00      0,00      7,23
01:04:47      ens2np1      0,00      0,00      0,00      0,00      0,00      0,00      0,00      0,00

01:04:47        CPU      %usr     %nice      %sys   %iowait    %steal      %irq     %soft    %guest    %gnice     %idle
01:04:49        all      0,00      0,00      0,03      0,03      0,00      0,00     50,02      0,00      0,00     49,92
01:04:49          0      0,00      0,00      0,00      0,00      0,00      0,00    100,00      0,00      0,00      0,00
01:04:49          1      0,00      0,00      0,00      0,00      0,00      0,00    100,00      0,00      0,00      0,00
01:04:49          2      0,00      0,00      0,00      0,00      0,00      0,00    100,00      0,00      0,00      0,00
01:04:49          3      0,00      0,00      0,00      0,00      0,00      0,00    100,00      0,00      0,00      0,00
01:04:49          4      0,00      0,00      0,00      0,00      0,00      0,00    100,00      0,00      0,00      0,00
01:04:49          5      0,00      0,00      0,00      0,00      0,00      0,00    100,00      0,00      0,00      0,00
01:04:49          6      0,00      0,00      0,00      0,00      0,00      0,00    100,00      0,00      0,00      0,00
01:04:49          7      0,00      0,00      0,00      0,00      0,00      0,00    100,00      0,00      0,00      0,00
01:04:49          8      0,00      0,00      0,00      0,50      0,00      0,00      0,00      0,00      0,00     99,50
01:04:49          9      0,00      0,00      0,00      0,00      0,00      0,00      0,00      0,00      0,00    100,00
01:04:49         10      0,00      0,00      0,00      0,00      0,00      0,00      0,00      0,00      0,00    100,00
01:04:49         11      0,00      0,00      0,50      0,00      0,00      0,00      0,00      0,00      0,00     99,50
01:04:49         12      0,00      0,00      0,00      0,00      0,00      0,00      0,00      0,00      0,00    100,00
01:04:49         13      0,00      0,00      0,00      0,00      0,00      0,00      0,00      0,00      0,00    100,00
01:04:49         14      0,00      0,00      0,00      0,00      0,00      0,00      0,00      0,00      0,00    100,00
01:04:49         15      0,00      0,00      0,00      0,00      0,00      0,00      0,00      0,00      0,00    100,00

01:04:47        IFACE   rxpck/s   txpck/s    rxkB/s    txkB/s   rxcmp/s   txcmp/s  rxmcst/s   %ifutil
01:04:49           lo      0,00      0,00      0,00      0,00      0,00      0,00      0,00      0,00
01:04:49         eno1      3,00      0,00      0,19      0,00      0,00      0,00      1,00      0,00
01:04:49         eno2      0,00      0,00      0,00      0,00      0,00      0,00      0,00      0,00
01:04:49      docker0      0,00      0,00      0,00      0,00      0,00      0,00      0,00      0,00
01:04:49      ens2np0 1505792,00 1503232,00  88230,00  88080,00      0,00      0,00      0,00      7,23
01:04:49      ens2np1      0,00      0,00      0,00      0,00      0,00      0,00      0,00      0,00

01:04:49        CPU      %usr     %nice      %sys   %iowait    %steal      %irq     %soft    %guest    %gnice     %idle
01:04:51        all      0,03      0,00      0,03      0,00      0,00      0,00     50,02      0,00      0,00     49,92
01:04:51          0      0,00      0,00      0,00      0,00      0,00      0,00    100,00      0,00      0,00      0,00
01:04:51          1      0,00      0,00      0,00      0,00      0,00      0,00    100,00      0,00      0,00      0,00
01:04:51          2      0,00      0,00      0,00      0,00      0,00      0,00    100,00      0,00      0,00      0,00
01:04:51          3      0,00      0,00      0,00      0,00      0,00      0,00    100,00      0,00      0,00      0,00
01:04:51          4      0,00      0,00      0,00      0,00      0,00      0,00    100,00      0,00      0,00      0,00
01:04:51          5      0,00      0,00      0,00      0,00      0,00      0,00    100,00      0,00      0,00      0,00
01:04:51          6      0,00      0,00      0,00      0,00      0,00      0,00    100,00      0,00      0,00      0,00
01:04:51          7      0,00      0,00      0,00      0,00      0,00      0,00    100,00      0,00      0,00      0,00
01:04:51          8      0,00      0,00      0,00      0,00      0,00      0,00      0,00      0,00      0,00    100,00
01:04:51          9      0,00      0,00      0,00      0,00      0,00      0,00      0,00      0,00      0,00    100,00
01:04:51         10      0,00      0,00      0,00      0,00      0,00      0,00      0,00      0,00      0,00    100,00
01:04:51         11      0,00      0,00      0,50      0,00      0,00      0,00      0,00      0,00      0,00     99,50
01:04:51         12      0,00      0,00      0,00      0,00      0,00      0,00      0,00      0,00      0,00    100,00
01:04:51         13      0,00      0,00      0,00      0,00      0,00      0,00      0,00      0,00      0,00    100,00
01:04:51         14      0,50      0,00      0,00      0,00      0,00      0,00      0,00      0,00      0,00     99,50
01:04:51         15      0,00      0,00      0,00      0,00      0,00      0,00      0,00      0,00      0,00    100,00

01:04:49        IFACE   rxpck/s   txpck/s    rxkB/s    txkB/s   rxcmp/s   txcmp/s  rxmcst/s   %ifutil
01:04:51           lo      0,00      0,00      0,00      0,00      0,00      0,00      0,00      0,00
01:04:51         eno1      5,00      0,50      0,32      0,04      0,00      0,00      1,00      0,00
01:04:51         eno2      0,00      0,00      0,00      0,00      0,00      0,00      0,00      0,00
01:04:51      docker0      0,00      0,00      0,00      0,00      0,00      0,00      0,00      0,00
01:04:51      ens2np0 1505732,00 1506304,00  88226,48  88260,00      0,00      0,00      0,00      7,23
01:04:51      ens2np1      0,00      0,00      0,00      0,00      0,00      0,00      0,00      0,00

01:04:51        CPU      %usr     %nice      %sys   %iowait    %steal      %irq     %soft    %guest    %gnice     %idle
01:04:53        all      0,03      0,00      0,09      0,00      0,00      0,00     50,02      0,00      0,00     49,86
01:04:53          0      0,00      0,00      0,00      0,00      0,00      0,00    100,00      0,00      0,00      0,00
01:04:53          1      0,00      0,00      0,00      0,00      0,00      0,00    100,00      0,00      0,00      0,00
01:04:53          2      0,00      0,00      0,00      0,00      0,00      0,00    100,00      0,00      0,00      0,00
01:04:53          3      0,00      0,00      0,00      0,00      0,00      0,00    100,00      0,00      0,00      0,00
01:04:53          4      0,00      0,00      0,00      0,00      0,00      0,00    100,00      0,00      0,00      0,00
01:04:53          5      0,00      0,00      0,00      0,00      0,00      0,00    100,00      0,00      0,00      0,00
01:04:53          6      0,00      0,00      0,00      0,00      0,00      0,00    100,00      0,00      0,00      0,00
01:04:53          7      0,00      0,00      0,00      0,00      0,00      0,00    100,00      0,00      0,00      0,00
01:04:53          8      0,00      0,00      0,00      0,00      0,00      0,00      0,00      0,00      0,00    100,00
01:04:53          9      0,00      0,00      0,00      0,00      0,00      0,00      0,00      0,00      0,00    100,00
01:04:53         10      0,00      0,00      0,00      0,00      0,00      0,00      0,00      0,00      0,00    100,00
01:04:53         11      0,50      0,00      1,50      0,00      0,00      0,00      0,00      0,00      0,00     98,00
01:04:53         12      0,00      0,00      0,00      0,00      0,00      0,00      0,00      0,00      0,00    100,00
01:04:53         13      0,00      0,00      0,00      0,00      0,00      0,00      0,00      0,00      0,00    100,00
01:04:53         14      0,00      0,00      0,00      0,00      0,00      0,00      0,00      0,00      0,00    100,00
01:04:53         15      0,00      0,00      0,00      0,00      0,00      0,00      0,00      0,00      0,00    100,00

01:04:51        IFACE   rxpck/s   txpck/s    rxkB/s    txkB/s   rxcmp/s   txcmp/s  rxmcst/s   %ifutil
01:04:53           lo      0,00      0,00      0,00      0,00      0,00      0,00      0,00      0,00
01:04:53         eno1      6,00      3,00      0,72      0,74      0,00      0,00      1,00      0,00
01:04:53         eno2      0,00      0,00      0,00      0,00      0,00      0,00      0,00      0,00
01:04:53      docker0      0,00      0,00      0,00      0,00      0,00      0,00      0,00      0,00
01:04:53      ens2np0 1505607,50 1506304,00  88219,19  88260,00      0,00      0,00      0,00      7,23
01:04:53      ens2np1      0,00      0,00      0,00      0,00      0,00      0,00      0,00      0,00

01:04:53        CPU      %usr     %nice      %sys   %iowait    %steal      %irq     %soft    %guest    %gnice     %idle
01:04:55        all      0,44      0,00      0,19      0,00      0,00      0,00     49,95      0,00      0,00     49,42
01:04:55          0      0,00      0,00      0,00      0,00      0,00      0,00    100,00      0,00      0,00      0,00
01:04:55          1      0,00      0,00      0,00      0,00      0,00      0,00    100,00      0,00      0,00      0,00
01:04:55          2      0,00      0,00      0,00      0,00      0,00      0,00    100,00      0,00      0,00      0,00
01:04:55          3      0,00      0,00      0,00      0,00      0,00      0,00    100,00      0,00      0,00      0,00
01:04:55          4      0,00      0,00      0,00      0,00      0,00      0,00    100,00      0,00      0,00      0,00
01:04:55          5      0,00      0,00      0,00      0,00      0,00      0,00    100,00      0,00      0,00      0,00
01:04:55          6      0,00      0,00      0,00      0,00      0,00      0,00    100,00      0,00      0,00      0,00
01:04:55          7      0,00      0,00      0,00      0,00      0,00      0,00    100,00      0,00      0,00      0,00
01:04:55          8      2,00      0,00      0,50      0,00      0,00      0,00      0,00      0,00      0,00     97,50
01:04:55          9      1,00      0,00      0,50      0,00      0,00      0,00      0,00      0,00      0,00     98,50
01:04:55         10      0,50      0,00      0,50      0,00      0,00      0,00      0,00      0,00      0,00     99,00
01:04:55         11      1,00      0,00      0,50      0,00      0,00      0,00      0,00      0,00      0,00     98,50
01:04:55         12      0,50      0,00      0,50      0,00      0,00      0,00      0,00      0,00      0,00     99,00
01:04:55         13      1,00      0,00      0,50      0,00      0,00      0,00      0,00      0,00      0,00     98,51
01:04:55         14      0,00      0,00      0,00      0,00      0,00      0,00      0,00      0,00      0,00    100,00
01:04:55         15      0,99      0,00      0,00      0,00      0,00      0,00      0,00      0,00      0,00     99,01

01:04:53        IFACE   rxpck/s   txpck/s    rxkB/s    txkB/s   rxcmp/s   txcmp/s  rxmcst/s   %ifutil
01:04:55           lo      0,00      0,00      0,00      0,00      0,00      0,00      0,00      0,00
01:04:55         eno1      6,50      0,00      0,41      0,00      0,00      0,00      1,00      0,00
01:04:55         eno2      0,00      0,00      0,00      0,00      0,00      0,00      0,00      0,00
01:04:55      docker0      0,00      0,00      0,00      0,00      0,00      0,00      0,00      0,00
01:04:55      ens2np0 1499629,50 1498112,00  87868,92  87780,00      0,00      0,00      0,00      7,20
01:04:55      ens2np1      0,00      0,00      0,00      0,00      0,00      0,00      0,00      0,00

01:04:55        CPU      %usr     %nice      %sys   %iowait    %steal      %irq     %soft    %guest    %gnice     %idle
01:04:57        all      0,03      0,00      0,03      0,00      0,00      0,00     50,02      0,00      0,00     49,92
01:04:57          0      0,00      0,00      0,00      0,00      0,00      0,00    100,00      0,00      0,00      0,00
01:04:57          1      0,00      0,00      0,00      0,00      0,00      0,00    100,00      0,00      0,00      0,00
01:04:57          2      0,00      0,00      0,00      0,00      0,00      0,00    100,00      0,00      0,00      0,00
01:04:57          3      0,00      0,00      0,00      0,00      0,00      0,00    100,00      0,00      0,00      0,00
01:04:57          4      0,00      0,00      0,00      0,00      0,00      0,00    100,00      0,00      0,00      0,00
01:04:57          5      0,00      0,00      0,00      0,00      0,00      0,00    100,00      0,00      0,00      0,00
01:04:57          6      0,00      0,00      0,00      0,00      0,00      0,00    100,00      0,00      0,00      0,00
01:04:57          7      0,00      0,00      0,00      0,00      0,00      0,00    100,00      0,00      0,00      0,00
01:04:57          8      0,00      0,00      0,00      0,00      0,00      0,00      0,00      0,00      0,00    100,00
01:04:57          9      0,00      0,00      0,00      0,00      0,00      0,00      0,00      0,00      0,00    100,00
01:04:57         10      0,00      0,00      0,00      0,00      0,00      0,00      0,00      0,00      0,00    100,00
01:04:57         11      0,50      0,00      0,50      0,00      0,00      0,00      0,00      0,00      0,00     99,00
01:04:57         12      0,00      0,00      0,00      0,00      0,00      0,00      0,00      0,00      0,00    100,00
01:04:57         13      0,00      0,00      0,00      0,00      0,00      0,00      0,00      0,00      0,00    100,00
01:04:57         14      0,00      0,00      0,00      0,00      0,00      0,00      0,00      0,00      0,00    100,00
01:04:57         15      0,00      0,00      0,00      0,00      0,00      0,00      0,00      0,00      0,00    100,00

01:04:55        IFACE   rxpck/s   txpck/s    rxkB/s    txkB/s   rxcmp/s   txcmp/s  rxmcst/s   %ifutil
01:04:57           lo      0,00      0,00      0,00      0,00      0,00      0,00      0,00      0,00
01:04:57         eno1      7,00      0,00      0,44      0,00      0,00      0,00      1,00      0,00
01:04:57         eno2      0,00      0,00      0,00      0,00      0,00      0,00      0,00      0,00
01:04:57      docker0      0,00      0,00      0,00      0,00      0,00      0,00      0,00      0,00
01:04:57      ens2np0 1505159,50 1506304,00  88192,94  88260,00      0,00      0,00      0,00      7,23
01:04:57      ens2np1      0,00      0,00      0,00      0,00      0,00      0,00      0,00      0,00

01:04:57        CPU      %usr     %nice      %sys   %iowait    %steal      %irq     %soft    %guest    %gnice     %idle
01:04:59        all      0,03      0,00      0,09      0,00      0,00      0,00     50,02      0,00      0,00     49,86
01:04:59          0      0,00      0,00      0,00      0,00      0,00      0,00    100,00      0,00      0,00      0,00
01:04:59          1      0,00      0,00      0,00      0,00      0,00      0,00    100,00      0,00      0,00      0,00
01:04:59          2      0,00      0,00      0,00      0,00      0,00      0,00    100,00      0,00      0,00      0,00
01:04:59          3      0,00      0,00      0,00      0,00      0,00      0,00    100,00      0,00      0,00      0,00
01:04:59          4      0,00      0,00      0,00      0,00      0,00      0,00    100,00      0,00      0,00      0,00
01:04:59          5      0,00      0,00      0,00      0,00      0,00      0,00    100,00      0,00      0,00      0,00
01:04:59          6      0,00      0,00      0,00      0,00      0,00      0,00    100,00      0,00      0,00      0,00
01:04:59          7      0,00      0,00      0,00      0,00      0,00      0,00    100,00      0,00      0,00      0,00
01:04:59          8      0,00      0,00      0,00      0,00      0,00      0,00      0,00      0,00      0,00    100,00
01:04:59          9      0,00      0,00      0,00      0,00      0,00      0,00      0,00      0,00      0,00    100,00
01:04:59         10      0,50      0,00      0,00      0,00      0,00      0,00      0,00      0,00      0,00     99,50
01:04:59         11      0,00      0,00      1,50      0,00      0,00      0,00      0,00      0,00      0,00     98,50
01:04:59         12      0,00      0,00      0,00      0,00      0,00      0,00      0,00      0,00      0,00    100,00
01:04:59         13      0,00      0,00      0,00      0,00      0,00      0,00      0,00      0,00      0,00    100,00
01:04:59         14      0,00      0,00      0,00      0,00      0,00      0,00      0,00      0,00      0,00    100,00
01:04:59         15      0,00      0,00      0,00      0,00      0,00      0,00      0,00      0,00      0,00    100,00

01:04:57        IFACE   rxpck/s   txpck/s    rxkB/s    txkB/s   rxcmp/s   txcmp/s  rxmcst/s   %ifutil
01:04:59           lo      0,00      0,00      0,00      0,00      0,00      0,00      0,00      0,00
01:04:59         eno1      4,50      0,00      0,28      0,00      0,00      0,00      1,00      0,00
01:04:59         eno2      0,00      0,00      0,00      0,00      0,00      0,00      0,00      0,00
01:04:59      docker0      0,00      0,00      0,00      0,00      0,00      0,00      0,00      0,00
01:04:59      ens2np0 1504463,50 1504256,00  88152,16  88140,00      0,00      0,00      0,00      7,22
01:04:59      ens2np1      0,00      0,00      0,00      0,00      0,00      0,00      0,00      0,00

01:04:59        CPU      %usr     %nice      %sys   %iowait    %steal      %irq     %soft    %guest    %gnice     %idle
01:05:01        all      0,06      0,00      0,09      0,00      0,00      0,00     49,97      0,00      0,00     49,88
01:05:01          0      0,00      0,00      0,00      0,00      0,00      0,00    100,00      0,00      0,00      0,00
01:05:01          1      0,00      0,00      0,00      0,00      0,00      0,00    100,00      0,00      0,00      0,00
01:05:01          2      0,00      0,00      0,00      0,00      0,00      0,00    100,00      0,00      0,00      0,00
01:05:01          3      0,00      0,00      0,00      0,00      0,00      0,00    100,00      0,00      0,00      0,00
01:05:01          4      0,00      0,00      0,00      0,00      0,00      0,00    100,00      0,00      0,00      0,00
01:05:01          5      0,00      0,00      0,00      0,00      0,00      0,00    100,00      0,00      0,00      0,00
01:05:01          6      0,00      0,00      0,00      0,00      0,00      0,00    100,00      0,00      0,00      0,00
01:05:01          7      0,00      0,00      0,00      0,00      0,00      0,00    100,00      0,00      0,00      0,00
01:05:01          8      0,00      0,00      0,00      0,00      0,00      0,00      0,00      0,00      0,00    100,00
01:05:01          9      0,00      0,00      0,00      0,00      0,00      0,00      0,00      0,00      0,00    100,00
01:05:01         10      0,00      0,00      0,00      0,00      0,00      0,00      0,00      0,00      0,00    100,00
01:05:01         11      0,00      0,00      1,00      0,00      0,00      0,00      0,00      0,00      0,00     99,00
01:05:01         12      0,00      0,00      0,00      0,00      0,00      0,00      0,00      0,00      0,00    100,00
01:05:01         13      0,50      0,00      0,00      0,00      0,00      0,00      0,00      0,00      0,00     99,50
01:05:01         14      0,50      0,00      0,50      0,00      0,00      0,00      0,00      0,00      0,00     99,01
01:05:01         15      0,00      0,00      0,00      0,00      0,00      0,00      0,00      0,00      0,00    100,00

01:04:59        IFACE   rxpck/s   txpck/s    rxkB/s    txkB/s   rxcmp/s   txcmp/s  rxmcst/s   %ifutil
01:05:01           lo      0,00      0,00      0,00      0,00      0,00      0,00      0,00      0,00
01:05:01         eno1      5,00      0,00      0,31      0,00      0,00      0,00      1,00      0,00
01:05:01         eno2      0,00      0,00      0,00      0,00      0,00      0,00      0,00      0,00
01:05:01      docker0      0,00      0,00      0,00      0,00      0,00      0,00      0,00      0,00
01:05:01      ens2np0 1504647,50 1505280,50  88162,94  88200,04      0,00      0,00      0,00      7,23
01:05:01      ens2np1      0,00      0,00      0,00      0,00      0,00      0,00      0,00      0,00

01:05:01        CPU      %usr     %nice      %sys   %iowait    %steal      %irq     %soft    %guest    %gnice     %idle
01:05:03        all      0,00      0,00      0,03      0,00      0,00      0,00     50,03      0,00      0,00     49,94
01:05:03          0      0,00      0,00      0,00      0,00      0,00      0,00    100,00      0,00      0,00      0,00
01:05:03          1      0,00      0,00      0,00      0,00      0,00      0,00    100,00      0,00      0,00      0,00
01:05:03          2      0,00      0,00      0,00      0,00      0,00      0,00    100,00      0,00      0,00      0,00
01:05:03          3      0,00      0,00      0,00      0,00      0,00      0,00    100,00      0,00      0,00      0,00
01:05:03          4      0,00      0,00      0,00      0,00      0,00      0,00    100,00      0,00      0,00      0,00
01:05:03          5      0,00      0,00      0,00      0,00      0,00      0,00    100,00      0,00      0,00      0,00
01:05:03          6      0,00      0,00      0,00      0,00      0,00      0,00    100,00      0,00      0,00      0,00
01:05:03          7      0,00      0,00      0,00      0,00      0,00      0,00    100,00      0,00      0,00      0,00
01:05:03          8      0,00      0,00      0,00      0,00      0,00      0,00      0,00      0,00      0,00    100,00
01:05:03          9      0,00      0,00      0,00      0,00      0,00      0,00      0,00      0,00      0,00    100,00
01:05:03         10      0,00      0,00      0,00      0,00      0,00      0,00      0,00      0,00      0,00    100,00
01:05:03         11      0,00      0,00      0,50      0,00      0,00      0,00      0,00      0,00      0,00     99,50
01:05:03         12      0,00      0,00      0,00      0,00      0,00      0,00      0,00      0,00      0,00    100,00
01:05:03         13      0,00      0,00      0,00      0,00      0,00      0,00      0,00      0,00      0,00    100,00
01:05:03         14      0,00      0,00      0,00      0,00      0,00      0,00      0,00      0,00      0,00    100,00
01:05:03         15      0,00      0,00      0,00      0,00      0,00      0,00      0,00      0,00      0,00    100,00

01:05:01        IFACE   rxpck/s   txpck/s    rxkB/s    txkB/s   rxcmp/s   txcmp/s  rxmcst/s   %ifutil
01:05:03           lo      0,00      0,00      0,00      0,00      0,00      0,00      0,00      0,00
01:05:03         eno1      6,00      1,00      0,38      0,06      0,00      0,00      1,00      0,00
01:05:03         eno2      0,00      0,00      0,00      0,00      0,00      0,00      0,00      0,00
01:05:03      docker0      0,00      0,00      0,00      0,00      0,00      0,00      0,00      0,00
01:05:03      ens2np0 1505644,00 1505280,00  88221,33  88200,00      0,00      0,00      0,00      7,23
01:05:03      ens2np1      0,00      0,00      0,00      0,00      0,00      0,00      0,00      0,00

01:05:03        CPU      %usr     %nice      %sys   %iowait    %steal      %irq     %soft    %guest    %gnice     %idle
01:05:05        all      0,34      0,00      0,16      0,03      0,00      0,00     50,05      0,00      0,00     49,42
01:05:05          0      0,00      0,00      0,00      0,00      0,00      0,00    100,00      0,00      0,00      0,00
01:05:05          1      0,00      0,00      0,00      0,00      0,00      0,00    100,00      0,00      0,00      0,00
01:05:05          2      0,00      0,00      0,00      0,00      0,00      0,00    100,00      0,00      0,00      0,00
01:05:05          3      0,00      0,00      0,00      0,00      0,00      0,00    100,00      0,00      0,00      0,00
01:05:05          4      0,00      0,00      0,00      0,00      0,00      0,00    100,00      0,00      0,00      0,00
01:05:05          5      0,00      0,00      0,00      0,00      0,00      0,00    100,00      0,00      0,00      0,00
01:05:05          6      0,00      0,00      0,00      0,00      0,00      0,00    100,00      0,00      0,00      0,00
01:05:05          7      0,00      0,00      0,00      0,00      0,00      0,00    100,00      0,00      0,00      0,00
01:05:05          8      0,50      0,00      0,00      0,00      0,00      0,00      0,00      0,00      0,00     99,50
01:05:05          9      1,00      0,00      0,50      0,00      0,00      0,00      0,00      0,00      0,00     98,50
01:05:05         10      1,50      0,00      0,00      0,00      0,00      0,00      0,00      0,00      0,00     98,50
01:05:05         11      1,00      0,00      1,49      0,00      0,00      0,00      0,00      0,00      0,00     97,51
01:05:05         12      0,50      0,00      0,00      0,00      0,00      0,00      0,00      0,00      0,00     99,50
01:05:05         13      1,00      0,00      0,50      0,00      0,00      0,00      0,00      0,00      0,00     98,50
01:05:05         14      0,00      0,00      0,00      0,50      0,00      0,00      0,00      0,00      0,00     99,50
01:05:05         15      0,00      0,00      0,00      0,00      0,00      0,00      0,00      0,00      0,00    100,00

01:05:03        IFACE   rxpck/s   txpck/s    rxkB/s    txkB/s   rxcmp/s   txcmp/s  rxmcst/s   %ifutil
01:05:05           lo      0,00      0,00      0,00      0,00      0,00      0,00      0,00      0,00
01:05:05         eno1      2,00      0,00      0,13      0,00      0,00      0,00      0,50      0,00
01:05:05         eno2      0,00      0,00      0,00      0,00      0,00      0,00      0,00      0,00
01:05:05      docker0      0,00      0,00      0,00      0,00      0,00      0,00      0,00      0,00
01:05:05      ens2np0 1499134,00 1498112,00  87839,88  87780,00      0,00      0,00      0,00      7,20
01:05:05      ens2np1      0,00      0,00      0,00      0,00      0,00      0,00      0,00      0,00

01:05:05        CPU      %usr     %nice      %sys   %iowait    %steal      %irq     %soft    %guest    %gnice     %idle
01:05:07        all      0,00      0,00      0,06      0,00      0,00      0,00     50,00      0,00      0,00     49,94
01:05:07          0      0,00      0,00      0,00      0,00      0,00      0,00    100,00      0,00      0,00      0,00
01:05:07          1      0,00      0,00      0,00      0,00      0,00      0,00    100,00      0,00      0,00      0,00
01:05:07          2      0,00      0,00      0,00      0,00      0,00      0,00    100,00      0,00      0,00      0,00
01:05:07          3      0,00      0,00      0,00      0,00      0,00      0,00    100,00      0,00      0,00      0,00
01:05:07          4      0,00      0,00      0,00      0,00      0,00      0,00    100,00      0,00      0,00      0,00
01:05:07          5      0,00      0,00      0,00      0,00      0,00      0,00    100,00      0,00      0,00      0,00
01:05:07          6      0,00      0,00      0,00      0,00      0,00      0,00    100,00      0,00      0,00      0,00
01:05:07          7      0,00      0,00      0,00      0,00      0,00      0,00    100,00      0,00      0,00      0,00
01:05:07          8      0,00      0,00      0,00      0,00      0,00      0,00      0,00      0,00      0,00    100,00
01:05:07          9      0,00      0,00      0,00      0,00      0,00      0,00      0,00      0,00      0,00    100,00
01:05:07         10      0,00      0,00      0,00      0,00      0,00      0,00      0,00      0,00      0,00    100,00
01:05:07         11      0,00      0,00      1,00      0,00      0,00      0,00      0,00      0,00      0,00     99,00
01:05:07         12      0,00      0,00      0,00      0,00      0,00      0,00      0,00      0,00      0,00    100,00
01:05:07         13      0,00      0,00      0,00      0,00      0,00      0,00      0,00      0,00      0,00    100,00
01:05:07         14      0,00      0,00      0,00      0,00      0,00      0,00      0,00      0,00      0,00    100,00
01:05:07         15      0,00      0,00      0,00      0,00      0,00      0,00      0,00      0,00      0,00    100,00

01:05:05        IFACE   rxpck/s   txpck/s    rxkB/s    txkB/s   rxcmp/s   txcmp/s  rxmcst/s   %ifutil
01:05:07           lo      0,00      0,00      0,00      0,00      0,00      0,00      0,00      0,00
01:05:07         eno1      5,50      0,00      0,35      0,00      0,00      0,00      1,00      0,00
01:05:07         eno2      0,00      0,00      0,00      0,00      0,00      0,00      0,00      0,00
01:05:07      docker0      0,00      0,00      0,00      0,00      0,00      0,00      0,00      0,00
01:05:07      ens2np0 1505843,50 1506304,00  88233,02  88260,00      0,00      0,00      0,00      7,23
01:05:07      ens2np1      0,00      0,00      0,00      0,00      0,00      0,00      0,00      0,00

01:05:07        CPU      %usr     %nice      %sys   %iowait    %steal      %irq     %soft    %guest    %gnice     %idle
01:05:09        all      0,00      0,00      0,03      0,00      0,00      0,00     50,03      0,00      0,00     49,94
01:05:09          0      0,00      0,00      0,00      0,00      0,00      0,00    100,00      0,00      0,00      0,00
01:05:09          1      0,00      0,00      0,00      0,00      0,00      0,00    100,00      0,00      0,00      0,00
01:05:09          2      0,00      0,00      0,00      0,00      0,00      0,00    100,00      0,00      0,00      0,00
01:05:09          3      0,00      0,00      0,00      0,00      0,00      0,00    100,00      0,00      0,00      0,00
01:05:09          4      0,00      0,00      0,00      0,00      0,00      0,00    100,00      0,00      0,00      0,00
01:05:09          5      0,00      0,00      0,00      0,00      0,00      0,00    100,00      0,00      0,00      0,00
01:05:09          6      0,00      0,00      0,00      0,00      0,00      0,00    100,00      0,00      0,00      0,00
01:05:09          7      0,00      0,00      0,00      0,00      0,00      0,00    100,00      0,00      0,00      0,00
01:05:09          8      0,00      0,00      0,00      0,00      0,00      0,00      0,00      0,00      0,00    100,00
01:05:09          9      0,00      0,00      0,00      0,00      0,00      0,00      0,00      0,00      0,00    100,00
01:05:09         10      0,00      0,00      0,00      0,00      0,00      0,00      0,00      0,00      0,00    100,00
01:05:09         11      0,00      0,00      0,50      0,00      0,00      0,00      0,00      0,00      0,00     99,50
01:05:09         12      0,00      0,00      0,00      0,00      0,00      0,00      0,00      0,00      0,00    100,00
01:05:09         13      0,00      0,00      0,00      0,00      0,00      0,00      0,00      0,00      0,00    100,00
01:05:09         14      0,00      0,00      0,00      0,00      0,00      0,00      0,00      0,00      0,00    100,00
01:05:09         15      0,00      0,00      0,00      0,00      0,00      0,00      0,00      0,00      0,00    100,00

01:05:07        IFACE   rxpck/s   txpck/s    rxkB/s    txkB/s   rxcmp/s   txcmp/s  rxmcst/s   %ifutil
01:05:09           lo      0,00      0,00      0,00      0,00      0,00      0,00      0,00      0,00
01:05:09         eno1      4,50      0,00      0,34      0,00      0,00      0,00      1,50      0,00
01:05:09         eno2      0,00      0,00      0,00      0,00      0,00      0,00      0,00      0,00
01:05:09      docker0      0,00      0,00      0,00      0,00      0,00      0,00      0,00      0,00
01:05:09      ens2np0 1505983,50 1505280,00  88241,22  88200,00      0,00      0,00      0,00      7,23
01:05:09      ens2np1      0,00      0,00      0,00      0,00      0,00      0,00      0,00      0,00

01:05:09        CPU      %usr     %nice      %sys   %iowait    %steal      %irq     %soft    %guest    %gnice     %idle
01:05:11        all      0,09      0,00      0,09      0,00      0,00      0,00     49,98      0,00      0,00     49,83
01:05:11          0      0,00      0,00      0,00      0,00      0,00      0,00    100,00      0,00      0,00      0,00
01:05:11          1      0,00      0,00      0,00      0,00      0,00      0,00    100,00      0,00      0,00      0,00
01:05:11          2      0,00      0,00      0,00      0,00      0,00      0,00    100,00      0,00      0,00      0,00
01:05:11          3      0,00      0,00      0,00      0,00      0,00      0,00    100,00      0,00      0,00      0,00
01:05:11          4      0,00      0,00      0,00      0,00      0,00      0,00    100,00      0,00      0,00      0,00
01:05:11          5      0,00      0,00      0,00      0,00      0,00      0,00    100,00      0,00      0,00      0,00
01:05:11          6      0,00      0,00      0,00      0,00      0,00      0,00    100,00      0,00      0,00      0,00
01:05:11          7      0,00      0,00      0,00      0,00      0,00      0,00    100,00      0,00      0,00      0,00
01:05:11          8      0,00      0,00      0,00      0,00      0,00      0,00      0,00      0,00      0,00    100,00
01:05:11          9      1,00      0,00      0,00      0,00      0,00      0,00      0,00      0,00      0,00     99,00
01:05:11         10      0,00      0,00      0,00      0,00      0,00      0,00      0,00      0,00      0,00    100,00
01:05:11         11      0,50      0,00      1,00      0,00      0,00      0,00      0,00      0,00      0,00     98,51
01:05:11         12      0,00      0,00      0,50      0,00      0,00      0,00      0,00      0,00      0,00     99,50
01:05:11         13      0,00      0,00      0,00      0,00      0,00      0,00      0,00      0,00      0,00    100,00
01:05:11         14      0,00      0,00      0,00      0,00      0,00      0,00      0,00      0,00      0,00    100,00
01:05:11         15      0,00      0,00      0,00      0,00      0,00      0,00      0,00      0,00      0,00    100,00

01:05:09        IFACE   rxpck/s   txpck/s    rxkB/s    txkB/s   rxcmp/s   txcmp/s  rxmcst/s   %ifutil
01:05:11           lo      0,00      0,00      0,00      0,00      0,00      0,00      0,00      0,00
01:05:11         eno1      3,50      0,00      0,22      0,00      0,00      0,00      1,00      0,00
01:05:11         eno2      0,00      0,00      0,00      0,00      0,00      0,00      0,00      0,00
01:05:11      docker0      0,00      0,00      0,00      0,00      0,00      0,00      0,00      0,00
01:05:11      ens2np0 1504701,00 1505280,00  88166,07  88200,00      0,00      0,00      0,00      7,23
01:05:11      ens2np1      0,00      0,00      0,00      0,00      0,00      0,00      0,00      0,00

01:05:11        CPU      %usr     %nice      %sys   %iowait    %steal      %irq     %soft    %guest    %gnice     %idle
01:05:13        all      0,03      0,00      0,06      0,00      0,00      0,00     50,02      0,00      0,00     49,89
01:05:13          0      0,00      0,00      0,00      0,00      0,00      0,00    100,00      0,00      0,00      0,00
01:05:13          1      0,00      0,00      0,00      0,00      0,00      0,00    100,00      0,00      0,00      0,00
01:05:13          2      0,00      0,00      0,00      0,00      0,00      0,00    100,00      0,00      0,00      0,00
01:05:13          3      0,00      0,00      0,00      0,00      0,00      0,00    100,00      0,00      0,00      0,00
01:05:13          4      0,00      0,00      0,00      0,00      0,00      0,00    100,00      0,00      0,00      0,00
01:05:13          5      0,00      0,00      0,00      0,00      0,00      0,00    100,00      0,00      0,00      0,00
01:05:13          6      0,00      0,00      0,00      0,00      0,00      0,00    100,00      0,00      0,00      0,00
01:05:13          7      0,00      0,00      0,00      0,00      0,00      0,00    100,00      0,00      0,00      0,00
01:05:13          8      0,00      0,00      0,00      0,00      0,00      0,00      0,00      0,00      0,00    100,00
01:05:13          9      0,00      0,00      0,00      0,00      0,00      0,00      0,00      0,00      0,00    100,00
01:05:13         10      0,00      0,00      0,00      0,00      0,00      0,00      0,00      0,00      0,00    100,00
01:05:13         11      0,50      0,00      1,00      0,00      0,00      0,00      0,00      0,00      0,00     98,50
01:05:13         12      0,00      0,00      0,00      0,00      0,00      0,00      0,00      0,00      0,00    100,00
01:05:13         13      0,00      0,00      0,00      0,00      0,00      0,00      0,00      0,00      0,00    100,00
01:05:13         14      0,00      0,00      0,00      0,00      0,00      0,00      0,00      0,00      0,00    100,00
01:05:13         15      0,00      0,00      0,00      0,00      0,00      0,00      0,00      0,00      0,00    100,00

01:05:11        IFACE   rxpck/s   txpck/s    rxkB/s    txkB/s   rxcmp/s   txcmp/s  rxmcst/s   %ifutil
01:05:13           lo      0,00      0,00      0,00      0,00      0,00      0,00      0,00      0,00
01:05:13         eno1      6,50      0,00      0,41      0,00      0,00      0,00      1,50      0,00
01:05:13         eno2      0,00      0,00      0,00      0,00      0,00      0,00      0,00      0,00
01:05:13      docker0      0,00      0,00      0,00      0,00      0,00      0,00      0,00      0,00
01:05:13      ens2np0 1505632,50 1507328,00  88220,65  88320,00      0,00      0,00      0,00      7,24
01:05:13      ens2np1      0,00      0,00      0,00      0,00      0,00      0,00      0,00      0,00

01:05:13        CPU      %usr     %nice      %sys   %iowait    %steal      %irq     %soft    %guest    %gnice     %idle
01:05:15        all      0,28      0,00      0,28      0,06      0,00      0,00     49,95      0,00      0,00     49,42
01:05:15          0      0,00      0,00      0,00      0,00      0,00      0,00    100,00      0,00      0,00      0,00
01:05:15          1      0,00      0,00      0,00      0,00      0,00      0,00    100,00      0,00      0,00      0,00
01:05:15          2      0,00      0,00      0,00      0,00      0,00      0,00    100,00      0,00      0,00      0,00
01:05:15          3      0,00      0,00      0,00      0,00      0,00      0,00    100,00      0,00      0,00      0,00
01:05:15          4      0,00      0,00      0,00      0,00      0,00      0,00    100,00      0,00      0,00      0,00
01:05:15          5      0,00      0,00      0,00      0,00      0,00      0,00    100,00      0,00      0,00      0,00
01:05:15          6      0,00      0,00      0,00      0,00      0,00      0,00    100,00      0,00      0,00      0,00
01:05:15          7      0,00      0,00      0,00      0,00      0,00      0,00    100,00      0,00      0,00      0,00
01:05:15          8      0,00      0,00      0,50      0,00      0,00      0,00      0,00      0,00      0,00     99,50
01:05:15          9      1,51      0,00      0,00      0,00      0,00      0,00      0,00      0,00      0,00     98,49
01:05:15         10      0,50      0,00      1,00      0,00      0,00      0,00      0,00      0,00      0,00     98,51
01:05:15         11      0,00      0,00      1,50      0,00      0,00      0,00      0,00      0,00      0,00     98,50
01:05:15         12      0,50      0,00      0,50      0,50      0,00      0,00      0,00      0,00      0,00     98,51
01:05:15         13      0,99      0,00      0,50      0,00      0,00      0,00      0,00      0,00      0,00     98,51
01:05:15         14      0,00      0,00      0,50      0,50      0,00      0,00      0,00      0,00      0,00     99,00
01:05:15         15      1,00      0,00      0,00      0,00      0,00      0,00      0,00      0,00      0,00     99,00

01:05:13        IFACE   rxpck/s   txpck/s    rxkB/s    txkB/s   rxcmp/s   txcmp/s  rxmcst/s   %ifutil
01:05:15           lo      0,00      0,00      0,00      0,00      0,00      0,00      0,00      0,00
01:05:15         eno1      3,50      0,00      0,22      0,00      0,00      0,00      1,00      0,00
01:05:15         eno2      0,00      0,00      0,00      0,00      0,00      0,00      0,00      0,00
01:05:15      docker0      0,00      0,00      0,00      0,00      0,00      0,00      0,00      0,00
01:05:15      ens2np0 1499655,50 1499136,00  87870,44  87840,00      0,00      0,00      0,00      7,20
01:05:15      ens2np1      0,00      0,00      0,00      0,00      0,00      0,00      0,00      0,00

01:05:15        CPU      %usr     %nice      %sys   %iowait    %steal      %irq     %soft    %guest    %gnice     %idle
01:05:17        all      0,00      0,00      0,03      0,00      0,00      0,00     50,03      0,00      0,00     49,94
01:05:17          0      0,00      0,00      0,00      0,00      0,00      0,00    100,00      0,00      0,00      0,00
01:05:17          1      0,00      0,00      0,00      0,00      0,00      0,00    100,00      0,00      0,00      0,00
01:05:17          2      0,00      0,00      0,00      0,00      0,00      0,00    100,00      0,00      0,00      0,00
01:05:17          3      0,00      0,00      0,00      0,00      0,00      0,00    100,00      0,00      0,00      0,00
01:05:17          4      0,00      0,00      0,00      0,00      0,00      0,00    100,00      0,00      0,00      0,00
01:05:17          5      0,00      0,00      0,00      0,00      0,00      0,00    100,00      0,00      0,00      0,00
01:05:17          6      0,00      0,00      0,00      0,00      0,00      0,00    100,00      0,00      0,00      0,00
01:05:17          7      0,00      0,00      0,00      0,00      0,00      0,00    100,00      0,00      0,00      0,00
01:05:17          8      0,00      0,00      0,00      0,00      0,00      0,00      0,00      0,00      0,00    100,00
01:05:17          9      0,00      0,00      0,00      0,00      0,00      0,00      0,00      0,00      0,00    100,00
01:05:17         10      0,00      0,00      0,00      0,00      0,00      0,00      0,00      0,00      0,00    100,00
01:05:17         11      0,00      0,00      0,00      0,00      0,00      0,00      0,00      0,00      0,00    100,00
01:05:17         12      0,00      0,00      0,50      0,00      0,00      0,00      0,00      0,00      0,00     99,50
01:05:17         13      0,00      0,00      0,00      0,00      0,00      0,00      0,00      0,00      0,00    100,00
01:05:17         14      0,00      0,00      0,00      0,00      0,00      0,00      0,00      0,00      0,00    100,00
01:05:17         15      0,00      0,00      0,00      0,00      0,00      0,00      0,00      0,00      0,00    100,00

01:05:15        IFACE   rxpck/s   txpck/s    rxkB/s    txkB/s   rxcmp/s   txcmp/s  rxmcst/s   %ifutil
01:05:17           lo      0,00      0,00      0,00      0,00      0,00      0,00      0,00      0,00
01:05:17         eno1      5,00      0,00      0,32      0,00      0,00      0,00      1,50      0,00
01:05:17         eno2      0,00      0,00      0,00      0,00      0,00      0,00      0,00      0,00
01:05:17      docker0      0,00      0,00      0,00      0,00      0,00      0,00      0,00      0,00
01:05:17      ens2np0 1506051,00 1504256,00  88245,18  88140,00      0,00      0,00      0,00      7,23
01:05:17      ens2np1      0,00      0,00      0,00      0,00      0,00      0,00      0,00      0,00

01:05:17        CPU      %usr     %nice      %sys   %iowait    %steal      %irq     %soft    %guest    %gnice     %idle
01:05:19        all      0,03      0,00      0,09      0,00      0,00      0,00     50,03      0,00      0,00     49,84
01:05:19          0      0,00      0,00      0,00      0,00      0,00      0,00    100,00      0,00      0,00      0,00
01:05:19          1      0,00      0,00      0,00      0,00      0,00      0,00    100,00      0,00      0,00      0,00
01:05:19          2      0,00      0,00      0,00      0,00      0,00      0,00    100,00      0,00      0,00      0,00
01:05:19          3      0,00      0,00      0,00      0,00      0,00      0,00    100,00      0,00      0,00      0,00
01:05:19          4      0,00      0,00      0,00      0,00      0,00      0,00    100,00      0,00      0,00      0,00
01:05:19          5      0,00      0,00      0,00      0,00      0,00      0,00    100,00      0,00      0,00      0,00
01:05:19          6      0,00      0,00      0,00      0,00      0,00      0,00    100,00      0,00      0,00      0,00
01:05:19          7      0,00      0,00      0,00      0,00      0,00      0,00    100,00      0,00      0,00      0,00
01:05:19          8      0,00      0,00      0,00      0,00      0,00      0,00      0,00      0,00      0,00    100,00
01:05:19          9      0,00      0,00      0,00      0,00      0,00      0,00      0,00      0,00      0,00    100,00
01:05:19         10      0,00      0,00      0,00      0,00      0,00      0,00      0,00      0,00      0,00    100,00
01:05:19         11      0,00      0,00      0,00      0,00      0,00      0,00      0,00      0,00      0,00    100,00
01:05:19         12      0,50      0,00      1,49      0,00      0,00      0,00      0,00      0,00      0,00     98,01
01:05:19         13      0,00      0,00      0,00      0,00      0,00      0,00      0,00      0,00      0,00    100,00
01:05:19         14      0,00      0,00      0,00      0,00      0,00      0,00      0,00      0,00      0,00    100,00
01:05:19         15      0,00      0,00      0,00      0,00      0,00      0,00      0,00      0,00      0,00    100,00

01:05:17        IFACE   rxpck/s   txpck/s    rxkB/s    txkB/s   rxcmp/s   txcmp/s  rxmcst/s   %ifutil
01:05:19           lo      0,00      0,00      0,00      0,00      0,00      0,00      0,00      0,00
01:05:19         eno1      4,50      0,00      0,28      0,00      0,00      0,00      1,00      0,00
01:05:19         eno2      0,00      0,00      0,00      0,00      0,00      0,00      0,00      0,00
01:05:19      docker0      0,00      0,00      0,00      0,00      0,00      0,00      0,00      0,00
01:05:19      ens2np0 1504638,50 1506304,00  88162,41  88260,00      0,00      0,00      0,00      7,23
01:05:19      ens2np1      0,00      0,00      0,00      0,00      0,00      0,00      0,00      0,00

Average:        CPU      %usr     %nice      %sys   %iowait    %steal      %irq     %soft    %guest    %gnice     %idle
Average:        all      0,09      0,00      0,09      0,01      0,00      0,00     39,16      0,00      0,00     60,65
Average:          0      0,02      0,00      0,00      0,00      0,00      0,00     78,32      0,00      0,00     21,66
Average:          1      0,02      0,00      0,00      0,00      0,00      0,00     78,31      0,00      0,00     21,67
Average:          2      0,00      0,00      0,02      0,00      0,00      0,00     78,31      0,00      0,00     21,67
Average:          3      0,04      0,00      0,00      0,00      0,00      0,00     78,30      0,00      0,00     21,66
Average:          4      0,00      0,00      0,00      0,00      0,00      0,00     78,31      0,00      0,00     21,69
Average:          5      0,06      0,00      0,02      0,00      0,00      0,00     78,30      0,00      0,00     21,62
Average:          6      0,06      0,00      0,02      0,00      0,00      0,00     78,31      0,00      0,00     21,61
Average:          7      0,00      0,00      0,00      0,02      0,00      0,00     78,30      0,00      0,00     21,68
Average:          8      0,14      0,00      0,06      0,02      0,00      0,00      0,00      0,00      0,00     99,78
Average:          9      0,26      0,00      0,04      0,00      0,00      0,00      0,00      0,00      0,00     99,70
Average:         10      0,12      0,00      0,10      0,00      0,00      0,00      0,00      0,00      0,00     99,78
Average:         11      0,26      0,00      0,88      0,00      0,00      0,00      0,00      0,00      0,00     98,86
Average:         12      0,10      0,00      0,14      0,02      0,00      0,00      0,00      0,00      0,00     99,74
Average:         13      0,18      0,00      0,06      0,00      0,00      0,00      0,00      0,00      0,00     99,76
Average:         14      0,10      0,00      0,06      0,04      0,00      0,00      0,00      0,00      0,00     99,80
Average:         15      0,14      0,00      0,02      0,00      0,00      0,00      0,00      0,00      0,00     99,84

Average:        IFACE   rxpck/s   txpck/s    rxkB/s    txkB/s   rxcmp/s   txcmp/s  rxmcst/s   %ifutil
Average:           lo      0,32      0,32      0,03      0,03      0,00      0,00      0,00      0,00
Average:         eno1      5,68      1,12      0,48      0,19      0,00      0,00      1,10      0,00
Average:         eno2      0,00      0,00      0,00      0,00      0,00      0,00      0,00      0,00
Average:      docker0      0,00      0,00      0,00      0,00      0,00      0,00      0,00      0,00
Average:      ens2np0 1177309,86 1176862,96  68983,00  68956,82      0,00      0,00      0,00      5,65
Average:      ens2np1      0,00      0,00      0,00      0,00      0,00      0,00      0,00      0,00
