Linux 5.13.0-52-generic (w1) 	14/07/2022 	_x86_64_	(16 CPU)

17:35:19        CPU      %usr     %nice      %sys   %iowait    %steal      %irq     %soft    %guest    %gnice     %idle
17:35:21        all      0,44      0,00      0,25      0,03      0,00      0,00      0,00      0,00      0,00     99,28
17:35:21          0      0,50      0,00      0,00      0,00      0,00      0,00      0,00      0,00      0,00     99,50
17:35:21          1      0,00      0,00      0,00      0,00      0,00      0,00      0,00      0,00      0,00    100,00
17:35:21          2      0,50      0,00      0,00      0,00      0,00      0,00      0,00      0,00      0,00     99,50
17:35:21          3      0,50      0,00      1,00      0,00      0,00      0,00      0,00      0,00      0,00     98,50
17:35:21          4      0,50      0,00      0,50      0,00      0,00      0,00      0,00      0,00      0,00     98,99
17:35:21          5      0,00      0,00      0,00      0,00      0,00      0,00      0,00      0,00      0,00    100,00
17:35:21          6      0,50      0,00      0,00      0,00      0,00      0,00      0,00      0,00      0,00     99,50
17:35:21          7      0,50      0,00      1,00      0,00      0,00      0,00      0,00      0,00      0,00     98,50
17:35:21          8      0,00      0,00      0,00      0,00      0,00      0,00      0,00      0,00      0,00    100,00
17:35:21          9      0,00      0,00      0,50      0,00      0,00      0,00      0,00      0,00      0,00     99,50
17:35:21         10      0,50      0,00      0,50      0,00      0,00      0,00      0,00      0,00      0,00     99,00
17:35:21         11      2,00      0,00      0,50      0,00      0,00      0,00      0,00      0,00      0,00     97,50
17:35:21         12      0,00      0,00      0,00      0,00      0,00      0,00      0,00      0,00      0,00    100,00
17:35:21         13      0,50      0,00      0,00      0,00      0,00      0,00      0,00      0,00      0,00     99,50
17:35:21         14      0,00      0,00      0,00      0,50      0,00      0,00      0,00      0,00      0,00     99,50
17:35:21         15      1,00      0,00      0,00      0,00      0,00      0,00      0,00      0,00      0,00     99,00

17:35:19        IFACE   rxpck/s   txpck/s    rxkB/s    txkB/s   rxcmp/s   txcmp/s  rxmcst/s   %ifutil
17:35:21           lo      0,00      0,00      0,00      0,00      0,00      0,00      0,00      0,00
17:35:21         eno1     21,00     20,00      3,70      3,50      0,00      0,00      1,00      0,00
17:35:21         eno2      0,00      0,00      0,00      0,00      0,00      0,00      0,00      0,00
17:35:21      docker0      0,00      0,00      0,00      0,00      0,00      0,00      0,00      0,00
17:35:21      ens2np0      0,00      0,00      0,00      0,00      0,00      0,00      0,00      0,00
17:35:21      ens2np1      0,00      0,00      0,00      0,00      0,00      0,00      0,00      0,00

17:35:21        CPU      %usr     %nice      %sys   %iowait    %steal      %irq     %soft    %guest    %gnice     %idle
17:35:23        all      0,09      0,00      0,06      0,00      0,00      0,00      0,00      0,00      0,00     99,84
17:35:23          0      0,00      0,00      0,00      0,00      0,00      0,00      0,00      0,00      0,00    100,00
17:35:23          1      0,00      0,00      0,00      0,00      0,00      0,00      0,00      0,00      0,00    100,00
17:35:23          2      0,00      0,00      0,00      0,00      0,00      0,00      0,00      0,00      0,00    100,00
17:35:23          3      0,50      0,00      1,00      0,00      0,00      0,00      0,00      0,00      0,00     98,50
17:35:23          4      0,00      0,00      0,00      0,00      0,00      0,00      0,00      0,00      0,00    100,00
17:35:23          5      1,00      0,00      0,00      0,00      0,00      0,00      0,00      0,00      0,00     99,00
17:35:23          6      0,00      0,00      0,00      0,00      0,00      0,00      0,00      0,00      0,00    100,00
17:35:23          7      0,00      0,00      0,00      0,00      0,00      0,00      0,00      0,00      0,00    100,00
17:35:23          8      0,00      0,00      0,00      0,00      0,00      0,00      0,00      0,00      0,00    100,00
17:35:23          9      0,00      0,00      0,00      0,00      0,00      0,00      0,00      0,00      0,00    100,00
17:35:23         10      0,00      0,00      0,00      0,00      0,00      0,00      0,00      0,00      0,00    100,00
17:35:23         11      0,00      0,00      0,00      0,00      0,00      0,00      0,00      0,00      0,00    100,00
17:35:23         12      0,00      0,00      0,00      0,00      0,00      0,00      0,00      0,00      0,00    100,00
17:35:23         13      0,00      0,00      0,00      0,00      0,00      0,00      0,00      0,00      0,00    100,00
17:35:23         14      0,00      0,00      0,00      0,00      0,00      0,00      0,00      0,00      0,00    100,00
17:35:23         15      0,00      0,00      0,00      0,00      0,00      0,00      0,00      0,00      0,00    100,00

17:35:21        IFACE   rxpck/s   txpck/s    rxkB/s    txkB/s   rxcmp/s   txcmp/s  rxmcst/s   %ifutil
17:35:23           lo      0,00      0,00      0,00      0,00      0,00      0,00      0,00      0,00
17:35:23         eno1      9,00      3,00      1,10      0,96      0,00      0,00      1,00      0,00
17:35:23         eno2      0,00      0,00      0,00      0,00      0,00      0,00      0,00      0,00
17:35:23      docker0      0,00      0,00      0,00      0,00      0,00      0,00      0,00      0,00
17:35:23      ens2np0      0,00      0,00      0,00      0,00      0,00      0,00      0,00      0,00
17:35:23      ens2np1      0,00      0,00      0,00      0,00      0,00      0,00      0,00      0,00

17:35:23        CPU      %usr     %nice      %sys   %iowait    %steal      %irq     %soft    %guest    %gnice     %idle
17:35:25        all      0,00      0,00      0,06      0,00      0,00      0,00      0,00      0,00      0,00     99,94
17:35:25          0      0,00      0,00      0,00      0,00      0,00      0,00      0,00      0,00      0,00    100,00
17:35:25          1      0,00      0,00      0,00      0,00      0,00      0,00      0,00      0,00      0,00    100,00
17:35:25          2      0,00      0,00      0,00      0,00      0,00      0,00      0,00      0,00      0,00    100,00
17:35:25          3      0,00      0,00      0,50      0,00      0,00      0,00      0,00      0,00      0,00     99,50
17:35:25          4      0,00      0,00      0,50      0,00      0,00      0,00      0,00      0,00      0,00     99,50
17:35:25          5      0,00      0,00      0,00      0,00      0,00      0,00      0,00      0,00      0,00    100,00
17:35:25          6      0,00      0,00      0,00      0,00      0,00      0,00      0,00      0,00      0,00    100,00
17:35:25          7      0,00      0,00      0,00      0,00      0,00      0,00      0,00      0,00      0,00    100,00
17:35:25          8      0,00      0,00      0,00      0,00      0,00      0,00      0,00      0,00      0,00    100,00
17:35:25          9      0,00      0,00      0,00      0,00      0,00      0,00      0,00      0,00      0,00    100,00
17:35:25         10      0,00      0,00      0,00      0,00      0,00      0,00      0,00      0,00      0,00    100,00
17:35:25         11      0,00      0,00      0,00      0,00      0,00      0,00      0,00      0,00      0,00    100,00
17:35:25         12      0,00      0,00      0,00      0,00      0,00      0,00      0,00      0,00      0,00    100,00
17:35:25         13      0,00      0,00      0,00      0,00      0,00      0,00      0,00      0,00      0,00    100,00
17:35:25         14      0,00      0,00      0,00      0,00      0,00      0,00      0,00      0,00      0,00    100,00
17:35:25         15      0,00      0,00      0,00      0,00      0,00      0,00      0,00      0,00      0,00    100,00

17:35:23        IFACE   rxpck/s   txpck/s    rxkB/s    txkB/s   rxcmp/s   txcmp/s  rxmcst/s   %ifutil
17:35:25           lo      0,00      0,00      0,00      0,00      0,00      0,00      0,00      0,00
17:35:25         eno1      7,00      2,50      0,53      0,41      0,00      0,00      1,00      0,00
17:35:25         eno2      0,00      0,00      0,00      0,00      0,00      0,00      0,00      0,00
17:35:25      docker0      0,00      0,00      0,00      0,00      0,00      0,00      0,00      0,00
17:35:25      ens2np0      0,00      0,00      0,00      0,00      0,00      0,00      0,00      0,00
17:35:25      ens2np1      0,00      0,00      0,00      0,00      0,00      0,00      0,00      0,00

17:35:25        CPU      %usr     %nice      %sys   %iowait    %steal      %irq     %soft    %guest    %gnice     %idle
17:35:27        all      0,00      0,00      0,06      0,00      0,00      0,00      0,00      0,00      0,00     99,94
17:35:27          0      0,00      0,00      0,00      0,00      0,00      0,00      0,00      0,00      0,00    100,00
17:35:27          1      0,00      0,00      0,00      0,00      0,00      0,00      0,00      0,00      0,00    100,00
17:35:27          2      0,00      0,00      0,00      0,00      0,00      0,00      0,00      0,00      0,00    100,00
17:35:27          3      0,00      0,00      0,50      0,00      0,00      0,00      0,00      0,00      0,00     99,50
17:35:27          4      0,00      0,00      0,00      0,00      0,00      0,00      0,00      0,00      0,00    100,00
17:35:27          5      0,00      0,00      0,00      0,00      0,00      0,00      0,00      0,00      0,00    100,00
17:35:27          6      0,00      0,00      0,00      0,00      0,00      0,00      0,00      0,00      0,00    100,00
17:35:27          7      0,00      0,00      0,00      0,00      0,00      0,00      0,00      0,00      0,00    100,00
17:35:27          8      0,00      0,00      0,00      0,00      0,00      0,00      0,00      0,00      0,00    100,00
17:35:27          9      0,00      0,00      0,00      0,00      0,00      0,00      0,00      0,00      0,00    100,00
17:35:27         10      0,00      0,00      0,00      0,00      0,00      0,00      0,00      0,00      0,00    100,00
17:35:27         11      0,00      0,00      0,00      0,00      0,00      0,00      0,00      0,00      0,00    100,00
17:35:27         12      0,00      0,00      0,00      0,00      0,00      0,00      0,00      0,00      0,00    100,00
17:35:27         13      0,00      0,00      0,00      0,00      0,00      0,00      0,00      0,00      0,00    100,00
17:35:27         14      0,00      0,00      0,00      0,00      0,00      0,00      0,00      0,00      0,00    100,00
17:35:27         15      0,00      0,00      0,50      0,00      0,00      0,00      0,00      0,00      0,00     99,50

17:35:25        IFACE   rxpck/s   txpck/s    rxkB/s    txkB/s   rxcmp/s   txcmp/s  rxmcst/s   %ifutil
17:35:27           lo      0,00      0,00      0,00      0,00      0,00      0,00      0,00      0,00
17:35:27         eno1      6,00      0,00      0,38      0,00      0,00      0,00      1,00      0,00
17:35:27         eno2      0,00      0,00      0,00      0,00      0,00      0,00      0,00      0,00
17:35:27      docker0      0,00      0,00      0,00      0,00      0,00      0,00      0,00      0,00
17:35:27      ens2np0      0,00      0,00      0,00      0,00      0,00      0,00      0,00      0,00
17:35:27      ens2np1      0,00      0,00      0,00      0,00      0,00      0,00      0,00      0,00

17:35:27        CPU      %usr     %nice      %sys   %iowait    %steal      %irq     %soft    %guest    %gnice     %idle
17:35:29        all      0,06      0,00      0,13      0,00      0,00      0,00      0,00      0,00      0,00     99,81
17:35:29          0      0,00      0,00      0,00      0,00      0,00      0,00      0,00      0,00      0,00    100,00
17:35:29          1      0,00      0,00      0,00      0,00      0,00      0,00      0,00      0,00      0,00    100,00
17:35:29          2      0,00      0,00      0,00      0,00      0,00      0,00      0,00      0,00      0,00    100,00
17:35:29          3      0,50      0,00      1,49      0,00      0,00      0,00      0,00      0,00      0,00     98,01
17:35:29          4      0,50      0,00      0,00      0,00      0,00      0,00      0,00      0,00      0,00     99,50
17:35:29          5      0,00      0,00      0,50      0,00      0,00      0,00      0,00      0,00      0,00     99,50
17:35:29          6      0,00      0,00      0,00      0,00      0,00      0,00      0,00      0,00      0,00    100,00
17:35:29          7      0,00      0,00      0,00      0,00      0,00      0,00      0,00      0,00      0,00    100,00
17:35:29          8      0,00      0,00      0,00      0,00      0,00      0,00      0,00      0,00      0,00    100,00
17:35:29          9      0,00      0,00      0,00      0,00      0,00      0,00      0,00      0,00      0,00    100,00
17:35:29         10      0,00      0,00      0,00      0,00      0,00      0,00      0,00      0,00      0,00    100,00
17:35:29         11      0,00      0,00      0,00      0,00      0,00      0,00      0,00      0,00      0,00    100,00
17:35:29         12      0,00      0,00      0,00      0,00      0,00      0,00      0,00      0,00      0,00    100,00
17:35:29         13      0,00      0,00      0,00      0,00      0,00      0,00      0,00      0,00      0,00    100,00
17:35:29         14      0,00      0,00      0,00      0,00      0,00      0,00      0,00      0,00      0,00    100,00
17:35:29         15      0,00      0,00      0,00      0,00      0,00      0,00      0,00      0,00      0,00    100,00

17:35:27        IFACE   rxpck/s   txpck/s    rxkB/s    txkB/s   rxcmp/s   txcmp/s  rxmcst/s   %ifutil
17:35:29           lo      0,00      0,00      0,00      0,00      0,00      0,00      0,00      0,00
17:35:29         eno1     10,00      5,00      1,29      0,91      0,00      0,00      1,50      0,00
17:35:29         eno2      0,00      0,00      0,00      0,00      0,00      0,00      0,00      0,00
17:35:29      docker0      0,00      0,00      0,00      0,00      0,00      0,00      0,00      0,00
17:35:29      ens2np0      0,00      0,00      0,00      0,00      0,00      0,00      0,00      0,00
17:35:29      ens2np1      0,00      0,00      0,00      0,00      0,00      0,00      0,00      0,00

17:35:29        CPU      %usr     %nice      %sys   %iowait    %steal      %irq     %soft    %guest    %gnice     %idle
17:35:31        all      0,56      0,00      0,09      0,03      0,00      0,00      3,44      0,00      0,00     95,87
17:35:31          0      0,00      0,00      0,00      0,00      0,00      0,00     55,00      0,00      0,00     45,00
17:35:31          1      0,50      0,00      0,00      0,00      0,00      0,00      0,00      0,00      0,00     99,50
17:35:31          2      0,50      0,00      0,00      0,00      0,00      0,00      0,00      0,00      0,00     99,50
17:35:31          3      1,51      0,00      0,50      0,00      0,00      0,00      0,00      0,00      0,00     97,99
17:35:31          4      1,00      0,00      0,50      0,00      0,00      0,00      0,00      0,00      0,00     98,51
17:35:31          5      1,01      0,00      0,00      0,00      0,00      0,00      0,00      0,00      0,00     98,99
17:35:31          6      0,50      0,00      0,00      0,00      0,00      0,00      0,00      0,00      0,00     99,50
17:35:31          7      0,50      0,00      0,00      0,00      0,00      0,00      0,00      0,00      0,00     99,50
17:35:31          8      0,50      0,00      0,00      0,00      0,00      0,00      0,00      0,00      0,00     99,50
17:35:31          9      0,50      0,00      0,00      0,00      0,00      0,00      0,00      0,00      0,00     99,50
17:35:31         10      0,50      0,00      0,00      0,00      0,00      0,00      0,00      0,00      0,00     99,50
17:35:31         11      1,00      0,00      0,50      0,00      0,00      0,00      0,00      0,00      0,00     98,50
17:35:31         12      0,50      0,00      0,00      0,00      0,00      0,00      0,00      0,00      0,00     99,50
17:35:31         13      0,50      0,00      0,00      0,00      0,00      0,00      0,00      0,00      0,00     99,50
17:35:31         14      0,00      0,00      0,00      0,50      0,00      0,00      0,00      0,00      0,00     99,50
17:35:31         15      0,00      0,00      0,00      0,00      0,00      0,00      0,00      0,00      0,00    100,00

17:35:29        IFACE   rxpck/s   txpck/s    rxkB/s    txkB/s   rxcmp/s   txcmp/s  rxmcst/s   %ifutil
17:35:31           lo      0,00      0,00      0,00      0,00      0,00      0,00      0,00      0,00
17:35:31         eno1      6,50      3,00      0,48      0,96      0,00      0,00      1,00      0,00
17:35:31         eno2      0,00      0,00      0,00      0,00      0,00      0,00      0,00      0,00
17:35:31      docker0      0,00      0,00      0,00      0,00      0,00      0,00      0,00      0,00
17:35:31      ens2np0 380410,50 378880,00 555755,96 553520,00      0,00      0,00      0,00     45,53
17:35:31      ens2np1      0,00      0,00      0,00      0,00      0,00      0,00      0,00      0,00

17:35:31        CPU      %usr     %nice      %sys   %iowait    %steal      %irq     %soft    %guest    %gnice     %idle
17:35:33        all      0,03      0,00      0,06      0,00      0,00      0,00      6,25      0,00      0,00     93,66
17:35:33          0      0,00      0,00      0,00      0,00      0,00      0,00    100,00      0,00      0,00      0,00
17:35:33          1      0,00      0,00      0,00      0,00      0,00      0,00      0,00      0,00      0,00    100,00
17:35:33          2      0,00      0,00      0,00      0,00      0,00      0,00      0,00      0,00      0,00    100,00
17:35:33          3      0,00      0,00      1,00      0,00      0,00      0,00      0,00      0,00      0,00     99,00
17:35:33          4      0,00      0,00      0,00      0,00      0,00      0,00      0,00      0,00      0,00    100,00
17:35:33          5      0,00      0,00      0,00      0,00      0,00      0,00      0,00      0,00      0,00    100,00
17:35:33          6      0,00      0,00      0,00      0,00      0,00      0,00      0,00      0,00      0,00    100,00
17:35:33          7      0,50      0,00      0,00      0,00      0,00      0,00      0,00      0,00      0,00     99,50
17:35:33          8      0,00      0,00      0,00      0,00      0,00      0,00      0,00      0,00      0,00    100,00
17:35:33          9      0,00      0,00      0,00      0,00      0,00      0,00      0,00      0,00      0,00    100,00
17:35:33         10      0,00      0,00      0,00      0,00      0,00      0,00      0,00      0,00      0,00    100,00
17:35:33         11      0,00      0,00      0,00      0,00      0,00      0,00      0,00      0,00      0,00    100,00
17:35:33         12      0,00      0,00      0,00      0,00      0,00      0,00      0,00      0,00      0,00    100,00
17:35:33         13      0,00      0,00      0,00      0,00      0,00      0,00      0,00      0,00      0,00    100,00
17:35:33         14      0,00      0,00      0,00      0,00      0,00      0,00      0,00      0,00      0,00    100,00
17:35:33         15      0,00      0,00      0,00      0,00      0,00      0,00      0,00      0,00      0,00    100,00

17:35:31        IFACE   rxpck/s   txpck/s    rxkB/s    txkB/s   rxcmp/s   txcmp/s  rxmcst/s   %ifutil
17:35:33           lo      0,00      0,00      0,00      0,00      0,00      0,00      0,00      0,00
17:35:33         eno1      6,50      0,50      0,45      0,03      0,00      0,00      1,00      0,00
17:35:33         eno2      0,00      0,00      0,00      0,00      0,00      0,00      0,00      0,00
17:35:33      docker0      0,00      0,00      0,00      0,00      0,00      0,00      0,00      0,00
17:35:33      ens2np0 699538,50 699392,00 1021982,03 1021768,00      0,00      0,00      0,00     83,72
17:35:33      ens2np1      0,00      0,00      0,00      0,00      0,00      0,00      0,00      0,00

17:35:33        CPU      %usr     %nice      %sys   %iowait    %steal      %irq     %soft    %guest    %gnice     %idle
17:35:35        all      0,13      0,00      0,09      0,00      0,00      0,00      6,26      0,00      0,00     93,52
17:35:35          0      0,00      0,00      0,00      0,00      0,00      0,00    100,00      0,00      0,00      0,00
17:35:35          1      0,00      0,00      0,00      0,00      0,00      0,00      0,00      0,00      0,00    100,00
17:35:35          2      0,00      0,00      0,00      0,00      0,00      0,00      0,00      0,00      0,00    100,00
17:35:35          3      0,50      0,00      1,50      0,00      0,00      0,00      0,00      0,00      0,00     98,00
17:35:35          4      0,50      0,00      0,00      0,00      0,00      0,00      0,00      0,00      0,00     99,50
17:35:35          5      0,00      0,00      0,00      0,00      0,00      0,00      0,00      0,00      0,00    100,00
17:35:35          6      0,00      0,00      0,00      0,00      0,00      0,00      0,00      0,00      0,00    100,00
17:35:35          7      0,00      0,00      0,00      0,00      0,00      0,00      0,00      0,00      0,00    100,00
17:35:35          8      0,00      0,00      0,00      0,00      0,00      0,00      0,00      0,00      0,00    100,00
17:35:35          9      0,00      0,00      0,00      0,00      0,00      0,00      0,00      0,00      0,00    100,00
17:35:35         10      0,00      0,00      0,00      0,00      0,00      0,00      0,00      0,00      0,00    100,00
17:35:35         11      0,00      0,00      0,00      0,00      0,00      0,00      0,00      0,00      0,00    100,00
17:35:35         12      0,00      0,00      0,00      0,00      0,00      0,00      0,00      0,00      0,00    100,00
17:35:35         13      1,00      0,00      0,00      0,00      0,00      0,00      0,00      0,00      0,00     99,00
17:35:35         14      0,00      0,00      0,00      0,00      0,00      0,00      0,00      0,00      0,00    100,00
17:35:35         15      0,00      0,00      0,00      0,00      0,00      0,00      0,00      0,00      0,00    100,00

17:35:33        IFACE   rxpck/s   txpck/s    rxkB/s    txkB/s   rxcmp/s   txcmp/s  rxmcst/s   %ifutil
17:35:35           lo      0,00      0,00      0,00      0,00      0,00      0,00      0,00      0,00
17:35:35         eno1      8,50      5,00      1,10      1,12      0,00      0,00      1,00      0,00
17:35:35         eno2      0,00      0,00      0,00      0,00      0,00      0,00      0,00      0,00
17:35:35      docker0      0,00      0,00      0,00      0,00      0,00      0,00      0,00      0,00
17:35:35      ens2np0 699540,50 699392,00 1021984,95 1021768,00      0,00      0,00      0,00     83,72
17:35:35      ens2np1      0,00      0,00      0,00      0,00      0,00      0,00      0,00      0,00

17:35:35        CPU      %usr     %nice      %sys   %iowait    %steal      %irq     %soft    %guest    %gnice     %idle
17:35:37        all      0,00      0,00      0,03      0,00      0,00      0,00      6,25      0,00      0,00     93,72
17:35:37          0      0,00      0,00      0,00      0,00      0,00      0,00    100,00      0,00      0,00      0,00
17:35:37          1      0,00      0,00      0,00      0,00      0,00      0,00      0,00      0,00      0,00    100,00
17:35:37          2      0,00      0,00      0,00      0,00      0,00      0,00      0,00      0,00      0,00    100,00
17:35:37          3      0,00      0,00      0,50      0,00      0,00      0,00      0,00      0,00      0,00     99,50
17:35:37          4      0,00      0,00      0,00      0,00      0,00      0,00      0,00      0,00      0,00    100,00
17:35:37          5      0,00      0,00      0,00      0,00      0,00      0,00      0,00      0,00      0,00    100,00
17:35:37          6      0,00      0,00      0,00      0,00      0,00      0,00      0,00      0,00      0,00    100,00
17:35:37          7      0,00      0,00      0,00      0,00      0,00      0,00      0,00      0,00      0,00    100,00
17:35:37          8      0,00      0,00      0,00      0,00      0,00      0,00      0,00      0,00      0,00    100,00
17:35:37          9      0,00      0,00      0,00      0,00      0,00      0,00      0,00      0,00      0,00    100,00
17:35:37         10      0,00      0,00      0,00      0,00      0,00      0,00      0,00      0,00      0,00    100,00
17:35:37         11      0,00      0,00      0,00      0,00      0,00      0,00      0,00      0,00      0,00    100,00
17:35:37         12      0,00      0,00      0,00      0,00      0,00      0,00      0,00      0,00      0,00    100,00
17:35:37         13      0,00      0,00      0,00      0,00      0,00      0,00      0,00      0,00      0,00    100,00
17:35:37         14      0,00      0,00      0,00      0,00      0,00      0,00      0,00      0,00      0,00    100,00
17:35:37         15      0,00      0,00      0,00      0,00      0,00      0,00      0,00      0,00      0,00    100,00

17:35:35        IFACE   rxpck/s   txpck/s    rxkB/s    txkB/s   rxcmp/s   txcmp/s  rxmcst/s   %ifutil
17:35:37           lo      0,00      0,00      0,00      0,00      0,00      0,00      0,00      0,00
17:35:37         eno1      6,50      1,00      0,42      0,28      0,00      0,00      1,00      0,00
17:35:37         eno2      0,00      0,00      0,00      0,00      0,00      0,00      0,00      0,00
17:35:37      docker0      0,00      0,00      0,00      0,00      0,00      0,00      0,00      0,00
17:35:37      ens2np0 699524,50 699392,00 1021961,57 1021768,00      0,00      0,00      0,00     83,72
17:35:37      ens2np1      0,00      0,00      0,00      0,00      0,00      0,00      0,00      0,00

17:35:37        CPU      %usr     %nice      %sys   %iowait    %steal      %irq     %soft    %guest    %gnice     %idle
17:35:39        all      0,06      0,00      0,06      0,00      0,00      0,00      6,25      0,00      0,00     93,62
17:35:39          0      0,00      0,00      0,00      0,00      0,00      0,00    100,00      0,00      0,00      0,00
17:35:39          1      0,00      0,00      0,00      0,00      0,00      0,00      0,00      0,00      0,00    100,00
17:35:39          2      0,00      0,00      0,00      0,00      0,00      0,00      0,00      0,00      0,00    100,00
17:35:39          3      0,50      0,00      0,50      0,00      0,00      0,00      0,00      0,00      0,00     99,00
17:35:39          4      0,50      0,00      0,00      0,00      0,00      0,00      0,00      0,00      0,00     99,50
17:35:39          5      0,00      0,00      0,00      0,00      0,00      0,00      0,00      0,00      0,00    100,00
17:35:39          6      0,00      0,00      0,00      0,00      0,00      0,00      0,00      0,00      0,00    100,00
17:35:39          7      0,00      0,00      0,50      0,00      0,00      0,00      0,00      0,00      0,00     99,50
17:35:39          8      0,00      0,00      0,00      0,00      0,00      0,00      0,00      0,00      0,00    100,00
17:35:39          9      0,00      0,00      0,00      0,00      0,00      0,00      0,00      0,00      0,00    100,00
17:35:39         10      0,00      0,00      0,00      0,00      0,00      0,00      0,00      0,00      0,00    100,00
17:35:39         11      0,00      0,00      0,00      0,00      0,00      0,00      0,00      0,00      0,00    100,00
17:35:39         12      0,00      0,00      0,00      0,00      0,00      0,00      0,00      0,00      0,00    100,00
17:35:39         13      0,00      0,00      0,00      0,00      0,00      0,00      0,00      0,00      0,00    100,00
17:35:39         14      0,00      0,00      0,00      0,00      0,00      0,00      0,00      0,00      0,00    100,00
17:35:39         15      0,00      0,00      0,00      0,00      0,00      0,00      0,00      0,00      0,00    100,00

17:35:37        IFACE   rxpck/s   txpck/s    rxkB/s    txkB/s   rxcmp/s   txcmp/s  rxmcst/s   %ifutil
17:35:39           lo      0,00      0,00      0,00      0,00      0,00      0,00      0,00      0,00
17:35:39         eno1      6,50      2,50      0,52      0,23      0,00      0,00      1,00      0,00
17:35:39         eno2      0,00      0,00      0,00      0,00      0,00      0,00      0,00      0,00
17:35:39      docker0      0,00      0,00      0,00      0,00      0,00      0,00      0,00      0,00
17:35:39      ens2np0 699544,50 700416,00 1021990,79 1023264,00      0,00      0,00      0,00     83,83
17:35:39      ens2np1      0,00      0,00      0,00      0,00      0,00      0,00      0,00      0,00

17:35:39        CPU      %usr     %nice      %sys   %iowait    %steal      %irq     %soft    %guest    %gnice     %idle
17:35:41        all      0,03      0,00      0,03      0,00      0,00      0,00      6,25      0,00      0,00     93,69
17:35:41          0      0,00      0,00      0,00      0,00      0,00      0,00    100,00      0,00      0,00      0,00
17:35:41          1      0,00      0,00      0,00      0,00      0,00      0,00      0,00      0,00      0,00    100,00
17:35:41          2      0,00      0,00      0,00      0,00      0,00      0,00      0,00      0,00      0,00    100,00
17:35:41          3      0,50      0,00      0,50      0,00      0,00      0,00      0,00      0,00      0,00     99,00
17:35:41          4      0,00      0,00      0,00      0,00      0,00      0,00      0,00      0,00      0,00    100,00
17:35:41          5      0,00      0,00      0,00      0,00      0,00      0,00      0,00      0,00      0,00    100,00
17:35:41          6      0,00      0,00      0,00      0,00      0,00      0,00      0,00      0,00      0,00    100,00
17:35:41          7      0,00      0,00      0,00      0,00      0,00      0,00      0,00      0,00      0,00    100,00
17:35:41          8      0,00      0,00      0,00      0,00      0,00      0,00      0,00      0,00      0,00    100,00
17:35:41          9      0,00      0,00      0,00      0,00      0,00      0,00      0,00      0,00      0,00    100,00
17:35:41         10      0,00      0,00      0,00      0,00      0,00      0,00      0,00      0,00      0,00    100,00
17:35:41         11      0,00      0,00      0,00      0,00      0,00      0,00      0,00      0,00      0,00    100,00
17:35:41         12      0,00      0,00      0,00      0,00      0,00      0,00      0,00      0,00      0,00    100,00
17:35:41         13      0,00      0,00      0,00      0,00      0,00      0,00      0,00      0,00      0,00    100,00
17:35:41         14      0,00      0,00      0,00      0,00      0,00      0,00      0,00      0,00      0,00    100,00
17:35:41         15      0,00      0,00      0,00      0,00      0,00      0,00      0,00      0,00      0,00    100,00

17:35:39        IFACE   rxpck/s   txpck/s    rxkB/s    txkB/s   rxcmp/s   txcmp/s  rxmcst/s   %ifutil
17:35:41           lo      0,00      0,00      0,00      0,00      0,00      0,00      0,00      0,00
17:35:41         eno1      4,50      0,00      0,28      0,00      0,00      0,00      1,00      0,00
17:35:41         eno2      0,00      0,00      0,00      0,00      0,00      0,00      0,00      0,00
17:35:41      docker0      0,00      0,00      0,00      0,00      0,00      0,00      0,00      0,00
17:35:41      ens2np0 699480,00 699392,00 1021896,56 1021768,00      0,00      0,00      0,00     83,71
17:35:41      ens2np1      0,00      0,00      0,00      0,00      0,00      0,00      0,00      0,00

17:35:41        CPU      %usr     %nice      %sys   %iowait    %steal      %irq     %soft    %guest    %gnice     %idle
17:35:43        all      0,44      0,00      0,47      0,00      0,00      0,00      6,25      0,00      0,00     92,85
17:35:43          0      0,00      0,00      0,00      0,00      0,00      0,00    100,00      0,00      0,00      0,00
17:35:43          1      0,50      0,00      0,00      0,00      0,00      0,00      0,00      0,00      0,00     99,50
17:35:43          2      0,00      0,00      0,00      0,00      0,00      0,00      0,00      0,00      0,00    100,00
17:35:43          3      1,00      0,00      1,99      0,00      0,00      0,00      0,00      0,00      0,00     97,01
17:35:43          4      1,00      0,00      1,50      0,00      0,00      0,00      0,00      0,00      0,00     97,50
17:35:43          5      0,00      0,00      0,50      0,00      0,00      0,00      0,00      0,00      0,00     99,50
17:35:43          6      0,50      0,00      0,50      0,00      0,00      0,00      0,00      0,00      0,00     99,00
17:35:43          7      0,50      0,00      0,50      0,00      0,00      0,00      0,00      0,00      0,00     99,00
17:35:43          8      0,00      0,00      0,00      0,00      0,00      0,00      0,00      0,00      0,00    100,00
17:35:43          9      1,49      0,00      0,50      0,00      0,00      0,00      0,00      0,00      0,00     98,01
17:35:43         10      0,00      0,00      0,50      0,00      0,00      0,00      0,00      0,00      0,00     99,50
17:35:43         11      0,50      0,00      0,50      0,00      0,00      0,00      0,00      0,00      0,00     99,00
17:35:43         12      0,50      0,00      0,50      0,00      0,00      0,00      0,00      0,00      0,00     99,00
17:35:43         13      0,00      0,00      0,50      0,00      0,00      0,00      0,00      0,00      0,00     99,50
17:35:43         14      1,00      0,00      0,00      0,00      0,00      0,00      0,00      0,00      0,00     99,00
17:35:43         15      0,00      0,00      0,00      0,00      0,00      0,00      0,00      0,00      0,00    100,00

17:35:41        IFACE   rxpck/s   txpck/s    rxkB/s    txkB/s   rxcmp/s   txcmp/s  rxmcst/s   %ifutil
17:35:43           lo      0,00      0,00      0,00      0,00      0,00      0,00      0,00      0,00
17:35:43         eno1      5,00      2,00      0,35      0,17      0,00      0,00      1,50      0,00
17:35:43         eno2      0,00      0,00      0,00      0,00      0,00      0,00      0,00      0,00
17:35:43      docker0      0,00      0,00      0,00      0,00      0,00      0,00      0,00      0,00
17:35:43      ens2np0 698759,00 698368,00 1020843,23 1020272,00      0,00      0,00      0,00     83,63
17:35:43      ens2np1      0,00      0,00      0,00      0,00      0,00      0,00      0,00      0,00

17:35:43        CPU      %usr     %nice      %sys   %iowait    %steal      %irq     %soft    %guest    %gnice     %idle
17:35:45        all      0,28      0,00      0,06      0,00      0,00      0,00      6,25      0,00      0,00     93,40
17:35:45          0      0,00      0,00      0,00      0,00      0,00      0,00    100,00      0,00      0,00      0,00
17:35:45          1      0,00      0,00      0,00      0,00      0,00      0,00      0,00      0,00      0,00    100,00
17:35:45          2      0,00      0,00      0,00      0,00      0,00      0,00      0,00      0,00      0,00    100,00
17:35:45          3      0,50      0,00      1,00      0,00      0,00      0,00      0,00      0,00      0,00     98,50
17:35:45          4      0,50      0,00      0,00      0,00      0,00      0,00      0,00      0,00      0,00     99,50
17:35:45          5      0,50      0,00      0,00      0,00      0,00      0,00      0,00      0,00      0,00     99,50
17:35:45          6      0,50      0,00      0,00      0,00      0,00      0,00      0,00      0,00      0,00     99,50
17:35:45          7      0,50      0,00      0,00      0,00      0,00      0,00      0,00      0,00      0,00     99,50
17:35:45          8      0,00      0,00      0,00      0,00      0,00      0,00      0,00      0,00      0,00    100,00
17:35:45          9      0,00      0,00      0,00      0,00      0,00      0,00      0,00      0,00      0,00    100,00
17:35:45         10      0,50      0,00      0,00      0,00      0,00      0,00      0,00      0,00      0,00     99,50
17:35:45         11      0,00      0,00      0,00      0,00      0,00      0,00      0,00      0,00      0,00    100,00
17:35:45         12      0,00      0,00      0,00      0,00      0,00      0,00      0,00      0,00      0,00    100,00
17:35:45         13      1,00      0,00      0,00      0,00      0,00      0,00      0,00      0,00      0,00     99,00
17:35:45         14      0,00      0,00      0,00      0,00      0,00      0,00      0,00      0,00      0,00    100,00
17:35:45         15      0,50      0,00      0,00      0,00      0,00      0,00      0,00      0,00      0,00     99,50

17:35:43        IFACE   rxpck/s   txpck/s    rxkB/s    txkB/s   rxcmp/s   txcmp/s  rxmcst/s   %ifutil
17:35:45           lo      0,00      0,00      0,00      0,00      0,00      0,00      0,00      0,00
17:35:45         eno1      8,00      4,50      1,04      1,58      0,00      0,00      1,00      0,00
17:35:45         eno2      0,00      0,00      0,00      0,00      0,00      0,00      0,00      0,00
17:35:45      docker0      0,00      0,00      0,00      0,00      0,00      0,00      0,00      0,00
17:35:45      ens2np0 698850,50 698368,00 1020976,90 1020272,00      0,00      0,00      0,00     83,64
17:35:45      ens2np1      0,00      0,00      0,00      0,00      0,00      0,00      0,00      0,00

17:35:45        CPU      %usr     %nice      %sys   %iowait    %steal      %irq     %soft    %guest    %gnice     %idle
17:35:47        all      0,03      0,00      0,03      0,00      0,00      0,00      6,26      0,00      0,00     93,68
17:35:47          0      0,00      0,00      0,00      0,00      0,00      0,00    100,00      0,00      0,00      0,00
17:35:47          1      0,00      0,00      0,00      0,00      0,00      0,00      0,00      0,00      0,00    100,00
17:35:47          2      0,00      0,00      0,00      0,00      0,00      0,00      0,00      0,00      0,00    100,00
17:35:47          3      0,00      0,00      0,50      0,00      0,00      0,00      0,00      0,00      0,00     99,50
17:35:47          4      0,50      0,00      0,00      0,00      0,00      0,00      0,00      0,00      0,00     99,50
17:35:47          5      0,00      0,00      0,00      0,00      0,00      0,00      0,00      0,00      0,00    100,00
17:35:47          6      0,00      0,00      0,00      0,00      0,00      0,00      0,00      0,00      0,00    100,00
17:35:47          7      0,00      0,00      0,00      0,00      0,00      0,00      0,00      0,00      0,00    100,00
17:35:47          8      0,00      0,00      0,00      0,00      0,00      0,00      0,00      0,00      0,00    100,00
17:35:47          9      0,00      0,00      0,00      0,00      0,00      0,00      0,00      0,00      0,00    100,00
17:35:47         10      0,00      0,00      0,00      0,00      0,00      0,00      0,00      0,00      0,00    100,00
17:35:47         11      0,00      0,00      0,00      0,00      0,00      0,00      0,00      0,00      0,00    100,00
17:35:47         12      0,00      0,00      0,00      0,00      0,00      0,00      0,00      0,00      0,00    100,00
17:35:47         13      0,00      0,00      0,00      0,00      0,00      0,00      0,00      0,00      0,00    100,00
17:35:47         14      0,00      0,00      0,00      0,00      0,00      0,00      0,00      0,00      0,00    100,00
17:35:47         15      0,00      0,00      0,00      0,00      0,00      0,00      0,00      0,00      0,00    100,00

17:35:45        IFACE   rxpck/s   txpck/s    rxkB/s    txkB/s   rxcmp/s   txcmp/s  rxmcst/s   %ifutil
17:35:47           lo      0,00      0,00      0,00      0,00      0,00      0,00      0,00      0,00
17:35:47         eno1      5,50      2,00      0,43      0,16      0,00      0,00      1,00      0,00
17:35:47         eno2      0,00      0,00      0,00      0,00      0,00      0,00      0,00      0,00
17:35:47      docker0      0,00      0,00      0,00      0,00      0,00      0,00      0,00      0,00
17:35:47      ens2np0 699472,00 700416,00 1021884,87 1023264,00      0,00      0,00      0,00     83,83
17:35:47      ens2np1      0,00      0,00      0,00      0,00      0,00      0,00      0,00      0,00

17:35:47        CPU      %usr     %nice      %sys   %iowait    %steal      %irq     %soft    %guest    %gnice     %idle
17:35:49        all      0,00      0,00      0,09      0,00      0,00      0,00      6,28      0,00      0,00     93,63
17:35:49          0      0,00      0,00      0,00      0,00      0,00      0,00    100,00      0,00      0,00      0,00
17:35:49          1      0,00      0,00      0,00      0,00      0,00      0,00      0,50      0,00      0,00     99,50
17:35:49          2      0,00      0,00      0,00      0,00      0,00      0,00      0,00      0,00      0,00    100,00
17:35:49          3      0,00      0,00      1,50      0,00      0,00      0,00      0,00      0,00      0,00     98,50
17:35:49          4      0,00      0,00      0,00      0,00      0,00      0,00      0,00      0,00      0,00    100,00
17:35:49          5      0,00      0,00      0,00      0,00      0,00      0,00      0,00      0,00      0,00    100,00
17:35:49          6      0,00      0,00      0,00      0,00      0,00      0,00      0,00      0,00      0,00    100,00
17:35:49          7      0,00      0,00      0,00      0,00      0,00      0,00      0,00      0,00      0,00    100,00
17:35:49          8      0,00      0,00      0,00      0,00      0,00      0,00      0,00      0,00      0,00    100,00
17:35:49          9      0,00      0,00      0,00      0,00      0,00      0,00      0,00      0,00      0,00    100,00
17:35:49         10      0,00      0,00      0,00      0,00      0,00      0,00      0,00      0,00      0,00    100,00
17:35:49         11      0,00      0,00      0,00      0,00      0,00      0,00      0,00      0,00      0,00    100,00
17:35:49         12      0,00      0,00      0,00      0,00      0,00      0,00      0,00      0,00      0,00    100,00
17:35:49         13      0,00      0,00      0,00      0,00      0,00      0,00      0,00      0,00      0,00    100,00
17:35:49         14      0,00      0,00      0,00      0,00      0,00      0,00      0,00      0,00      0,00    100,00
17:35:49         15      0,00      0,00      0,00      0,00      0,00      0,00      0,00      0,00      0,00    100,00

17:35:47        IFACE   rxpck/s   txpck/s    rxkB/s    txkB/s   rxcmp/s   txcmp/s  rxmcst/s   %ifutil
17:35:49           lo      0,00      0,00      0,00      0,00      0,00      0,00      0,00      0,00
17:35:49         eno1      4,00      0,00      0,25      0,00      0,00      0,00      1,00      0,00
17:35:49         eno2      0,00      0,00      0,00      0,00      0,00      0,00      0,00      0,00
17:35:49      docker0      0,00      0,00      0,00      0,00      0,00      0,00      0,00      0,00
17:35:49      ens2np0 699463,50 699392,00 1021872,46 1021768,00      0,00      0,00      0,00     83,71
17:35:49      ens2np1      0,00      0,00      0,00      0,00      0,00      0,00      0,00      0,00

17:35:49        CPU      %usr     %nice      %sys   %iowait    %steal      %irq     %soft    %guest    %gnice     %idle
17:35:51        all      0,03      0,00      0,06      0,00      0,00      0,00      6,26      0,00      0,00     93,65
17:35:51          0      0,00      0,00      0,00      0,00      0,00      0,00    100,00      0,00      0,00      0,00
17:35:51          1      0,00      0,00      0,00      0,00      0,00      0,00      0,00      0,00      0,00    100,00
17:35:51          2      0,00      0,00      0,00      0,00      0,00      0,00      0,00      0,00      0,00    100,00
17:35:51          3      0,50      0,00      0,50      0,00      0,00      0,00      0,00      0,00      0,00     99,00
17:35:51          4      0,00      0,00      0,50      0,00      0,00      0,00      0,00      0,00      0,00     99,50
17:35:51          5      0,00      0,00      0,00      0,00      0,00      0,00      0,00      0,00      0,00    100,00
17:35:51          6      0,00      0,00      0,00      0,00      0,00      0,00      0,00      0,00      0,00    100,00
17:35:51          7      0,00      0,00      0,00      0,00      0,00      0,00      0,00      0,00      0,00    100,00
17:35:51          8      0,00      0,00      0,00      0,00      0,00      0,00      0,00      0,00      0,00    100,00
17:35:51          9      0,00      0,00      0,00      0,00      0,00      0,00      0,00      0,00      0,00    100,00
17:35:51         10      0,00      0,00      0,00      0,00      0,00      0,00      0,00      0,00      0,00    100,00
17:35:51         11      0,00      0,00      0,00      0,00      0,00      0,00      0,00      0,00      0,00    100,00
17:35:51         12      0,00      0,00      0,00      0,00      0,00      0,00      0,00      0,00      0,00    100,00
17:35:51         13      0,00      0,00      0,00      0,00      0,00      0,00      0,00      0,00      0,00    100,00
17:35:51         14      0,00      0,00      0,00      0,00      0,00      0,00      0,00      0,00      0,00    100,00
17:35:51         15      0,00      0,00      0,00      0,00      0,00      0,00      0,00      0,00      0,00    100,00

17:35:49        IFACE   rxpck/s   txpck/s    rxkB/s    txkB/s   rxcmp/s   txcmp/s  rxmcst/s   %ifutil
17:35:51           lo      0,00      0,00      0,00      0,00      0,00      0,00      0,00      0,00
17:35:51         eno1      4,00      0,50      0,25      0,06      0,00      0,00      1,00      0,00
17:35:51         eno2      0,00      0,00      0,00      0,00      0,00      0,00      0,00      0,00
17:35:51      docker0      0,00      0,00      0,00      0,00      0,00      0,00      0,00      0,00
17:35:51      ens2np0 699432,00 699392,00 1021826,44 1021768,00      0,00      0,00      0,00     83,71
17:35:51      ens2np1      0,00      0,00      0,00      0,00      0,00      0,00      0,00      0,00

17:35:51        CPU      %usr     %nice      %sys   %iowait    %steal      %irq     %soft    %guest    %gnice     %idle
17:35:53        all      0,38      0,00      0,22      0,00      0,00      0,00      6,30      0,00      0,00     93,11
17:35:53          0      0,00      0,00      0,00      0,00      0,00      0,00    100,00      0,00      0,00      0,00
17:35:53          1      0,50      0,00      0,50      0,00      0,00      0,00      0,00      0,00      0,00     98,99
17:35:53          2      0,00      0,00      0,50      0,00      0,00      0,00      0,50      0,00      0,00     99,00
17:35:53          3      0,50      0,00      1,00      0,00      0,00      0,00      0,00      0,00      0,00     98,50
17:35:53          4      0,50      0,00      0,00      0,00      0,00      0,00      0,00      0,00      0,00     99,50
17:35:53          5      0,50      0,00      0,00      0,00      0,00      0,00      0,00      0,00      0,00     99,50
17:35:53          6      0,50      0,00      0,00      0,00      0,00      0,00      0,00      0,00      0,00     99,50
17:35:53          7      0,00      0,00      0,00      0,00      0,00      0,00      0,00      0,00      0,00    100,00
17:35:53          8      0,00      0,00      0,00      0,00      0,00      0,00      0,00      0,00      0,00    100,00
17:35:53          9      0,50      0,00      0,50      0,00      0,00      0,00      0,00      0,00      0,00     99,00
17:35:53         10      0,50      0,00      0,00      0,00      0,00      0,00      0,00      0,00      0,00     99,50
17:35:53         11      0,50      0,00      0,50      0,00      0,00      0,00      0,00      0,00      0,00     98,99
17:35:53         12      0,50      0,00      0,00      0,00      0,00      0,00      0,00      0,00      0,00     99,50
17:35:53         13      1,00      0,00      0,50      0,00      0,00      0,00      0,00      0,00      0,00     98,50
17:35:53         14      0,50      0,00      0,00      0,00      0,00      0,00      0,00      0,00      0,00     99,50
17:35:53         15      0,00      0,00      0,00      0,00      0,00      0,00      0,00      0,00      0,00    100,00

17:35:51        IFACE   rxpck/s   txpck/s    rxkB/s    txkB/s   rxcmp/s   txcmp/s  rxmcst/s   %ifutil
17:35:53           lo      0,00      0,00      0,00      0,00      0,00      0,00      0,00      0,00
17:35:53         eno1     11,00      5,00      1,29      1,09      0,00      0,00      1,50      0,00
17:35:53         eno2      0,00      0,00      0,00      0,00      0,00      0,00      0,00      0,00
17:35:53      docker0      0,00      0,00      0,00      0,00      0,00      0,00      0,00      0,00
17:35:53      ens2np0 698757,50 698368,00 1020841,04 1020272,00      0,00      0,00      0,00     83,63
17:35:53      ens2np1      0,00      0,00      0,00      0,00      0,00      0,00      0,00      0,00

17:35:53        CPU      %usr     %nice      %sys   %iowait    %steal      %irq     %soft    %guest    %gnice     %idle
17:35:55        all      0,06      0,00      0,09      0,03      0,00      0,00      6,25      0,00      0,00     93,56
17:35:55          0      0,00      0,00      0,00      0,00      0,00      0,00    100,00      0,00      0,00      0,00
17:35:55          1      0,00      0,00      0,00      0,00      0,00      0,00      0,00      0,00      0,00    100,00
17:35:55          2      0,00      0,00      0,00      0,00      0,00      0,00      0,00      0,00      0,00    100,00
17:35:55          3      1,00      0,00      1,00      0,00      0,00      0,00      0,00      0,00      0,00     98,00
17:35:55          4      0,00      0,00      0,00      0,00      0,00      0,00      0,00      0,00      0,00    100,00
17:35:55          5      0,00      0,00      0,00      0,00      0,00      0,00      0,00      0,00      0,00    100,00
17:35:55          6      0,00      0,00      0,50      0,00      0,00      0,00      0,00      0,00      0,00     99,50
17:35:55          7      0,00      0,00      0,00      0,00      0,00      0,00      0,00      0,00      0,00    100,00
17:35:55          8      0,00      0,00      0,00      0,00      0,00      0,00      0,00      0,00      0,00    100,00
17:35:55          9      0,00      0,00      0,00      0,00      0,00      0,00      0,00      0,00      0,00    100,00
17:35:55         10      0,00      0,00      0,00      0,00      0,00      0,00      0,00      0,00      0,00    100,00
17:35:55         11      0,00      0,00      0,00      0,00      0,00      0,00      0,00      0,00      0,00    100,00
17:35:55         12      0,00      0,00      0,00      0,00      0,00      0,00      0,00      0,00      0,00    100,00
17:35:55         13      0,00      0,00      0,00      0,00      0,00      0,00      0,00      0,00      0,00    100,00
17:35:55         14      0,00      0,00      0,00      0,50      0,00      0,00      0,00      0,00      0,00     99,50
17:35:55         15      0,00      0,00      0,00      0,00      0,00      0,00      0,00      0,00      0,00    100,00

17:35:53        IFACE   rxpck/s   txpck/s    rxkB/s    txkB/s   rxcmp/s   txcmp/s  rxmcst/s   %ifutil
17:35:55           lo      0,00      0,00      0,00      0,00      0,00      0,00      0,00      0,00
17:35:55         eno1      6,00      1,50      0,45      0,13      0,00      0,00      1,00      0,00
17:35:55         eno2      0,00      0,00      0,00      0,00      0,00      0,00      0,00      0,00
17:35:55      docker0      0,00      0,00      0,00      0,00      0,00      0,00      0,00      0,00
17:35:55      ens2np0 699339,00 699392,00 1021690,57 1021768,00      0,00      0,00      0,00     83,70
17:35:55      ens2np1      0,00      0,00      0,00      0,00      0,00      0,00      0,00      0,00

17:35:55        CPU      %usr     %nice      %sys   %iowait    %steal      %irq     %soft    %guest    %gnice     %idle
17:35:57        all      0,06      0,00      0,09      0,00      0,00      0,00      6,25      0,00      0,00     93,59
17:35:57          0      0,00      0,00      0,00      0,00      0,00      0,00    100,00      0,00      0,00      0,00
17:35:57          1      0,00      0,00      0,00      0,00      0,00      0,00      0,00      0,00      0,00    100,00
17:35:57          2      0,00      0,00      0,00      0,00      0,00      0,00      0,00      0,00      0,00    100,00
17:35:57          3      0,00      0,00      1,00      0,00      0,00      0,00      0,00      0,00      0,00     99,00
17:35:57          4      0,00      0,00      0,00      0,00      0,00      0,00      0,00      0,00      0,00    100,00
17:35:57          5      0,50      0,00      0,50      0,00      0,00      0,00      0,00      0,00      0,00     99,00
17:35:57          6      0,50      0,00      0,00      0,00      0,00      0,00      0,00      0,00      0,00     99,50
17:35:57          7      0,00      0,00      0,00      0,00      0,00      0,00      0,00      0,00      0,00    100,00
17:35:57          8      0,00      0,00      0,00      0,00      0,00      0,00      0,00      0,00      0,00    100,00
17:35:57          9      0,00      0,00      0,00      0,00      0,00      0,00      0,00      0,00      0,00    100,00
17:35:57         10      0,00      0,00      0,00      0,00      0,00      0,00      0,00      0,00      0,00    100,00
17:35:57         11      0,00      0,00      0,00      0,00      0,00      0,00      0,00      0,00      0,00    100,00
17:35:57         12      0,00      0,00      0,00      0,00      0,00      0,00      0,00      0,00      0,00    100,00
17:35:57         13      0,00      0,00      0,00      0,00      0,00      0,00      0,00      0,00      0,00    100,00
17:35:57         14      0,00      0,00      0,00      0,00      0,00      0,00      0,00      0,00      0,00    100,00
17:35:57         15      0,00      0,00      0,00      0,00      0,00      0,00      0,00      0,00      0,00    100,00

17:35:55        IFACE   rxpck/s   txpck/s    rxkB/s    txkB/s   rxcmp/s   txcmp/s  rxmcst/s   %ifutil
17:35:57           lo      0,00      0,00      0,00      0,00      0,00      0,00      0,00      0,00
17:35:57         eno1      7,00      4,00      0,50      0,33      0,00      0,00      1,00      0,00
17:35:57         eno2      0,00      0,00      0,00      0,00      0,00      0,00      0,00      0,00
17:35:57      docker0      0,00      0,00      0,00      0,00      0,00      0,00      0,00      0,00
17:35:57      ens2np0 699373,50 699392,00 1021740,97 1021768,00      0,00      0,00      0,00     83,70
17:35:57      ens2np1      0,00      0,00      0,00      0,00      0,00      0,00      0,00      0,00

17:35:57        CPU      %usr     %nice      %sys   %iowait    %steal      %irq     %soft    %guest    %gnice     %idle
17:35:59        all      0,00      0,00      0,03      0,00      0,00      0,00      6,25      0,00      0,00     93,72
17:35:59          0      0,00      0,00      0,00      0,00      0,00      0,00    100,00      0,00      0,00      0,00
17:35:59          1      0,00      0,00      0,00      0,00      0,00      0,00      0,00      0,00      0,00    100,00
17:35:59          2      0,00      0,00      0,00      0,00      0,00      0,00      0,00      0,00      0,00    100,00
17:35:59          3      0,00      0,00      0,50      0,00      0,00      0,00      0,00      0,00      0,00     99,50
17:35:59          4      0,00      0,00      0,00      0,00      0,00      0,00      0,00      0,00      0,00    100,00
17:35:59          5      0,00      0,00      0,00      0,00      0,00      0,00      0,00      0,00      0,00    100,00
17:35:59          6      0,00      0,00      0,00      0,00      0,00      0,00      0,00      0,00      0,00    100,00
17:35:59          7      0,00      0,00      0,00      0,00      0,00      0,00      0,00      0,00      0,00    100,00
17:35:59          8      0,00      0,00      0,00      0,00      0,00      0,00      0,00      0,00      0,00    100,00
17:35:59          9      0,00      0,00      0,00      0,00      0,00      0,00      0,00      0,00      0,00    100,00
17:35:59         10      0,00      0,00      0,00      0,00      0,00      0,00      0,00      0,00      0,00    100,00
17:35:59         11      0,00      0,00      0,00      0,00      0,00      0,00      0,00      0,00      0,00    100,00
17:35:59         12      0,00      0,00      0,00      0,00      0,00      0,00      0,00      0,00      0,00    100,00
17:35:59         13      0,00      0,00      0,00      0,00      0,00      0,00      0,00      0,00      0,00    100,00
17:35:59         14      0,00      0,00      0,00      0,00      0,00      0,00      0,00      0,00      0,00    100,00
17:35:59         15      0,00      0,00      0,00      0,00      0,00      0,00      0,00      0,00      0,00    100,00

17:35:57        IFACE   rxpck/s   txpck/s    rxkB/s    txkB/s   rxcmp/s   txcmp/s  rxmcst/s   %ifutil
17:35:59           lo      0,00      0,00      0,00      0,00      0,00      0,00      0,00      0,00
17:35:59         eno1      4,50      1,00      0,29      0,60      0,00      0,00      1,00      0,00
17:35:59         eno2      0,00      0,00      0,00      0,00      0,00      0,00      0,00      0,00
17:35:59      docker0      0,00      0,00      0,00      0,00      0,00      0,00      0,00      0,00
17:35:59      ens2np0 699473,50 699392,00 1021887,07 1021768,00      0,00      0,00      0,00     83,71
17:35:59      ens2np1      0,00      0,00      0,00      0,00      0,00      0,00      0,00      0,00

17:35:59        CPU      %usr     %nice      %sys   %iowait    %steal      %irq     %soft    %guest    %gnice     %idle
17:36:01        all      0,09      0,00      0,09      0,00      0,00      0,00      6,26      0,00      0,00     93,55
17:36:01          0      0,00      0,00      0,00      0,00      0,00      0,00    100,00      0,00      0,00      0,00
17:36:01          1      0,00      0,00      0,00      0,00      0,00      0,00      0,00      0,00      0,00    100,00
17:36:01          2      0,00      0,00      0,00      0,00      0,00      0,00      0,00      0,00      0,00    100,00
17:36:01          3      0,00      0,00      1,51      0,00      0,00      0,00      0,00      0,00      0,00     98,49
17:36:01          4      0,00      0,00      0,00      0,00      0,00      0,00      0,00      0,00      0,00    100,00
17:36:01          5      0,00      0,00      0,00      0,00      0,00      0,00      0,00      0,00      0,00    100,00
17:36:01          6      1,49      0,00      0,00      0,00      0,00      0,00      0,00      0,00      0,00     98,51
17:36:01          7      0,00      0,00      0,00      0,00      0,00      0,00      0,00      0,00      0,00    100,00
17:36:01          8      0,00      0,00      0,00      0,00      0,00      0,00      0,00      0,00      0,00    100,00
17:36:01          9      0,00      0,00      0,00      0,00      0,00      0,00      0,00      0,00      0,00    100,00
17:36:01         10      0,00      0,00      0,00      0,00      0,00      0,00      0,00      0,00      0,00    100,00
17:36:01         11      0,00      0,00      0,00      0,00      0,00      0,00      0,00      0,00      0,00    100,00
17:36:01         12      0,00      0,00      0,00      0,00      0,00      0,00      0,00      0,00      0,00    100,00
17:36:01         13      0,00      0,00      0,00      0,00      0,00      0,00      0,00      0,00      0,00    100,00
17:36:01         14      0,00      0,00      0,00      0,00      0,00      0,00      0,00      0,00      0,00    100,00
17:36:01         15      0,00      0,00      0,00      0,00      0,00      0,00      0,00      0,00      0,00    100,00

17:35:59        IFACE   rxpck/s   txpck/s    rxkB/s    txkB/s   rxcmp/s   txcmp/s  rxmcst/s   %ifutil
17:36:01           lo      0,00      0,00      0,00      0,00      0,00      0,00      0,00      0,00
17:36:01         eno1      6,50      3,50      0,96      0,50      0,00      0,00      1,00      0,00
17:36:01         eno2      0,00      0,00      0,00      0,00      0,00      0,00      0,00      0,00
17:36:01      docker0      0,00      0,00      0,00      0,00      0,00      0,00      0,00      0,00
17:36:01      ens2np0 699387,00 699392,00 1021760,70 1021768,00      0,00      0,00      0,00     83,70
17:36:01      ens2np1      0,00      0,00      0,00      0,00      0,00      0,00      0,00      0,00

17:36:01        CPU      %usr     %nice      %sys   %iowait    %steal      %irq     %soft    %guest    %gnice     %idle
17:36:03        all      0,41      0,00      0,25      0,03      0,00      0,00      6,25      0,00      0,00     93,06
17:36:03          0      0,00      0,00      0,00      0,00      0,00      0,00    100,00      0,00      0,00      0,00
17:36:03          1      0,50      0,00      1,00      0,00      0,00      0,00      0,00      0,00      0,00     98,50
17:36:03          2      0,50      0,00      0,00      0,00      0,00      0,00      0,00      0,00      0,00     99,50
17:36:03          3      2,00      0,00      1,50      0,00      0,00      0,00      0,00      0,00      0,00     96,50
17:36:03          4      0,50      0,00      0,00      0,00      0,00      0,00      0,00      0,00      0,00     99,50
17:36:03          5      0,50      0,00      0,00      0,00      0,00      0,00      0,00      0,00      0,00     99,50
17:36:03          6      0,00      0,00      0,50      0,00      0,00      0,00      0,00      0,00      0,00     99,50
17:36:03          7      0,50      0,00      0,00      0,00      0,00      0,00      0,00      0,00      0,00     99,50
17:36:03          8      0,50      0,00      0,50      0,00      0,00      0,00      0,00      0,00      0,00     99,00
17:36:03          9      0,50      0,00      0,00      0,00      0,00      0,00      0,00      0,00      0,00     99,50
17:36:03         10      0,00      0,00      0,50      0,00      0,00      0,00      0,00      0,00      0,00     99,50
17:36:03         11      0,50      0,00      0,00      0,00      0,00      0,00      0,00      0,00      0,00     99,50
17:36:03         12      0,50      0,00      0,00      0,00      0,00      0,00      0,00      0,00      0,00     99,50
17:36:03         13      0,00      0,00      0,00      0,00      0,00      0,00      0,00      0,00      0,00    100,00
17:36:03         14      0,00      0,00      0,00      0,50      0,00      0,00      0,00      0,00      0,00     99,50
17:36:03         15      0,00      0,00      0,00      0,00      0,00      0,00      0,00      0,00      0,00    100,00

17:36:01        IFACE   rxpck/s   txpck/s    rxkB/s    txkB/s   rxcmp/s   txcmp/s  rxmcst/s   %ifutil
17:36:03           lo      0,00      0,00      0,00      0,00      0,00      0,00      0,00      0,00
17:36:03         eno1      4,50      0,50      0,33      0,03      0,00      0,00      1,00      0,00
17:36:03         eno2      0,00      0,00      0,00      0,00      0,00      0,00      0,00      0,00
17:36:03      docker0      0,00      0,00      0,00      0,00      0,00      0,00      0,00      0,00
17:36:03      ens2np0 698042,50 698368,00 1019796,46 1020272,00      0,00      0,00      0,00     83,58
17:36:03      ens2np1      0,00      0,00      0,00      0,00      0,00      0,00      0,00      0,00

17:36:03        CPU      %usr     %nice      %sys   %iowait    %steal      %irq     %soft    %guest    %gnice     %idle
17:36:05        all      0,03      0,00      0,06      0,00      0,00      0,00      6,25      0,00      0,00     93,65
17:36:05          0      0,00      0,00      0,00      0,00      0,00      0,00    100,00      0,00      0,00      0,00
17:36:05          1      0,00      0,00      0,00      0,00      0,00      0,00      0,00      0,00      0,00    100,00
17:36:05          2      0,00      0,00      0,00      0,00      0,00      0,00      0,00      0,00      0,00    100,00
17:36:05          3      0,00      0,00      1,00      0,00      0,00      0,00      0,00      0,00      0,00     99,00
17:36:05          4      0,00      0,00      0,00      0,00      0,00      0,00      0,00      0,00      0,00    100,00
17:36:05          5      0,00      0,00      0,00      0,00      0,00      0,00      0,00      0,00      0,00    100,00
17:36:05          6      0,00      0,00      0,00      0,00      0,00      0,00      0,00      0,00      0,00    100,00
17:36:05          7      0,00      0,00      0,00      0,00      0,00      0,00      0,00      0,00      0,00    100,00
17:36:05          8      0,00      0,00      0,00      0,00      0,00      0,00      0,00      0,00      0,00    100,00
17:36:05          9      0,00      0,00      0,00      0,00      0,00      0,00      0,00      0,00      0,00    100,00
17:36:05         10      0,00      0,00      0,00      0,00      0,00      0,00      0,00      0,00      0,00    100,00
17:36:05         11      0,00      0,00      0,00      0,00      0,00      0,00      0,00      0,00      0,00    100,00
17:36:05         12      0,50      0,00      0,00      0,00      0,00      0,00      0,00      0,00      0,00     99,50
17:36:05         13      0,00      0,00      0,00      0,00      0,00      0,00      0,00      0,00      0,00    100,00
17:36:05         14      0,00      0,00      0,00      0,00      0,00      0,00      0,00      0,00      0,00    100,00
17:36:05         15      0,00      0,00      0,00      0,00      0,00      0,00      0,00      0,00      0,00    100,00

17:36:03        IFACE   rxpck/s   txpck/s    rxkB/s    txkB/s   rxcmp/s   txcmp/s  rxmcst/s   %ifutil
17:36:05           lo      0,00      0,00      0,00      0,00      0,00      0,00      0,00      0,00
17:36:05         eno1      7,00      4,00      0,54      0,84      0,00      0,00      1,00      0,00
17:36:05         eno2      0,00      0,00      0,00      0,00      0,00      0,00      0,00      0,00
17:36:05      docker0      0,00      0,00      0,00      0,00      0,00      0,00      0,00      0,00
17:36:05      ens2np0 699459,50 699392,00 1021866,61 1021768,00      0,00      0,00      0,00     83,71
17:36:05      ens2np1      0,00      0,00      0,00      0,00      0,00      0,00      0,00      0,00

17:36:05        CPU      %usr     %nice      %sys   %iowait    %steal      %irq     %soft    %guest    %gnice     %idle
17:36:07        all      0,09      0,00      0,06      0,00      0,00      0,00      6,25      0,00      0,00     93,59
17:36:07          0      0,00      0,00      0,00      0,00      0,00      0,00    100,00      0,00      0,00      0,00
17:36:07          1      0,00      0,00      0,00      0,00      0,00      0,00      0,00      0,00      0,00    100,00
17:36:07          2      0,00      0,00      0,00      0,00      0,00      0,00      0,00      0,00      0,00    100,00
17:36:07          3      0,50      0,00      1,01      0,00      0,00      0,00      0,00      0,00      0,00     98,49
17:36:07          4      0,00      0,00      0,00      0,00      0,00      0,00      0,00      0,00      0,00    100,00
17:36:07          5      0,00      0,00      0,00      0,00      0,00      0,00      0,00      0,00      0,00    100,00
17:36:07          6      0,00      0,00      0,00      0,00      0,00      0,00      0,00      0,00      0,00    100,00
17:36:07          7      0,00      0,00      0,00      0,00      0,00      0,00      0,00      0,00      0,00    100,00
17:36:07          8      0,00      0,00      0,00      0,00      0,00      0,00      0,00      0,00      0,00    100,00
17:36:07          9      0,00      0,00      0,00      0,00      0,00      0,00      0,00      0,00      0,00    100,00
17:36:07         10      0,00      0,00      0,00      0,00      0,00      0,00      0,00      0,00      0,00    100,00
17:36:07         11      0,00      0,00      0,00      0,00      0,00      0,00      0,00      0,00      0,00    100,00
17:36:07         12      0,00      0,00      0,00      0,00      0,00      0,00      0,00      0,00      0,00    100,00
17:36:07         13      1,00      0,00      0,00      0,00      0,00      0,00      0,00      0,00      0,00     99,00
17:36:07         14      0,00      0,00      0,00      0,00      0,00      0,00      0,00      0,00      0,00    100,00
17:36:07         15      0,00      0,00      0,00      0,00      0,00      0,00      0,00      0,00      0,00    100,00

17:36:05        IFACE   rxpck/s   txpck/s    rxkB/s    txkB/s   rxcmp/s   txcmp/s  rxmcst/s   %ifutil
17:36:07           lo      0,00      0,00      0,00      0,00      0,00      0,00      0,00      0,00
17:36:07         eno1      4,00      2,00      0,76      0,89      0,00      0,00      1,00      0,00
17:36:07         eno2      0,00      0,00      0,00      0,00      0,00      0,00      0,00      0,00
17:36:07      docker0      0,00      0,00      0,00      0,00      0,00      0,00      0,00      0,00
17:36:07      ens2np0 699401,50 699392,00 1021781,88 1021768,00      0,00      0,00      0,00     83,70
17:36:07      ens2np1      0,00      0,00      0,00      0,00      0,00      0,00      0,00      0,00

17:36:07        CPU      %usr     %nice      %sys   %iowait    %steal      %irq     %soft    %guest    %gnice     %idle
17:36:09        all      0,00      0,00      0,03      0,00      0,00      0,00      6,25      0,00      0,00     93,71
17:36:09          0      0,00      0,00      0,00      0,00      0,00      0,00    100,00      0,00      0,00      0,00
17:36:09          1      0,00      0,00      0,00      0,00      0,00      0,00      0,00      0,00      0,00    100,00
17:36:09          2      0,00      0,00      0,00      0,00      0,00      0,00      0,00      0,00      0,00    100,00
17:36:09          3      0,00      0,00      0,50      0,00      0,00      0,00      0,00      0,00      0,00     99,50
17:36:09          4      0,00      0,00      0,00      0,00      0,00      0,00      0,00      0,00      0,00    100,00
17:36:09          5      0,00      0,00      0,00      0,00      0,00      0,00      0,00      0,00      0,00    100,00
17:36:09          6      0,00      0,00      0,00      0,00      0,00      0,00      0,00      0,00      0,00    100,00
17:36:09          7      0,00      0,00      0,00      0,00      0,00      0,00      0,00      0,00      0,00    100,00
17:36:09          8      0,00      0,00      0,00      0,00      0,00      0,00      0,00      0,00      0,00    100,00
17:36:09          9      0,00      0,00      0,00      0,00      0,00      0,00      0,00      0,00      0,00    100,00
17:36:09         10      0,00      0,00      0,00      0,00      0,00      0,00      0,00      0,00      0,00    100,00
17:36:09         11      0,00      0,00      0,00      0,00      0,00      0,00      0,00      0,00      0,00    100,00
17:36:09         12      0,00      0,00      0,00      0,00      0,00      0,00      0,00      0,00      0,00    100,00
17:36:09         13      0,00      0,00      0,00      0,00      0,00      0,00      0,00      0,00      0,00    100,00
17:36:09         14      0,00      0,00      0,00      0,00      0,00      0,00      0,00      0,00      0,00    100,00
17:36:09         15      0,00      0,00      0,00      0,00      0,00      0,00      0,00      0,00      0,00    100,00

17:36:07        IFACE   rxpck/s   txpck/s    rxkB/s    txkB/s   rxcmp/s   txcmp/s  rxmcst/s   %ifutil
17:36:09           lo      0,00      0,00      0,00      0,00      0,00      0,00      0,00      0,00
17:36:09         eno1      3,50      1,00      0,22      0,49      0,00      0,00      1,00      0,00
17:36:09         eno2      0,00      0,00      0,00      0,00      0,00      0,00      0,00      0,00
17:36:09      docker0      0,00      0,00      0,00      0,00      0,00      0,00      0,00      0,00
17:36:09      ens2np0 699478,00 699392,00 1021893,64 1021768,00      0,00      0,00      0,00     83,71
17:36:09      ens2np1      0,00      0,00      0,00      0,00      0,00      0,00      0,00      0,00

Average:        CPU      %usr     %nice      %sys   %iowait    %steal      %irq     %soft    %guest    %gnice     %idle
Average:        all      0,13      0,00      0,10      0,01      0,00      0,00      4,89      0,00      0,00     94,87
Average:          0      0,02      0,00      0,00      0,00      0,00      0,00     78,20      0,00      0,00     21,78
Average:          1      0,08      0,00      0,06      0,00      0,00      0,00      0,02      0,00      0,00     99,84
Average:          2      0,06      0,00      0,02      0,00      0,00      0,00      0,02      0,00      0,00     99,90
Average:          3      0,42      0,00      0,94      0,00      0,00      0,00      0,00      0,00      0,00     98,64
Average:          4      0,24      0,00      0,14      0,00      0,00      0,00      0,00      0,00      0,00     99,62
Average:          5      0,16      0,00      0,06      0,00      0,00      0,00      0,00      0,00      0,00     99,78
Average:          6      0,18      0,00      0,06      0,00      0,00      0,00      0,00      0,00      0,00     99,76
Average:          7      0,12      0,00      0,08      0,00      0,00      0,00      0,00      0,00      0,00     99,80
Average:          8      0,04      0,00      0,02      0,00      0,00      0,00      0,00      0,00      0,00     99,94
Average:          9      0,12      0,00      0,06      0,00      0,00      0,00      0,00      0,00      0,00     99,82
Average:         10      0,08      0,00      0,06      0,00      0,00      0,00      0,00      0,00      0,00     99,86
Average:         11      0,18      0,00      0,08      0,00      0,00      0,00      0,00      0,00      0,00     99,74
Average:         12      0,10      0,00      0,02      0,00      0,00      0,00      0,00      0,00      0,00     99,88
Average:         13      0,20      0,00      0,04      0,00      0,00      0,00      0,00      0,00      0,00     99,76
Average:         14      0,06      0,00      0,00      0,08      0,00      0,00      0,00      0,00      0,00     99,86
Average:         15      0,06      0,00      0,02      0,00      0,00      0,00      0,00      0,00      0,00     99,92

Average:        IFACE   rxpck/s   txpck/s    rxkB/s    txkB/s   rxcmp/s   txcmp/s  rxmcst/s   %ifutil
Average:           lo      0,00      0,00      0,00      0,00      0,00      0,00      0,00      0,00
Average:         eno1      6,90      2,96      0,72      0,61      0,00      0,00      1,06      0,00
Average:         eno2      0,00      0,00      0,00      0,00      0,00      0,00      0,00      0,00
Average:      docker0      0,00      0,00      0,00      0,00      0,00      0,00      0,00      0,00
Average:      ens2np0 546669,10 546611,20 798649,39 798564,80      0,00      0,00      0,00     65,43
Average:      ens2np1      0,00      0,00      0,00      0,00      0,00      0,00      0,00      0,00
