Linux 5.13.0-52-generic (w1) 	14/07/2022 	_x86_64_	(16 CPU)

20:18:25        CPU      %usr     %nice      %sys   %iowait    %steal      %irq     %soft    %guest    %gnice     %idle
20:18:27        all      0,06      0,00      0,06      0,00      0,00      0,00      0,00      0,00      0,00     99,88
20:18:27          0      0,00      0,00      0,00      0,00      0,00      0,00      0,00      0,00      0,00    100,00
20:18:27          1      0,00      0,00      0,00      0,00      0,00      0,00      0,00      0,00      0,00    100,00
20:18:27          2      0,00      0,00      1,00      0,00      0,00      0,00      0,00      0,00      0,00     99,00
20:18:27          3      0,00      0,00      0,00      0,00      0,00      0,00      0,00      0,00      0,00    100,00
20:18:27          4      0,00      0,00      0,00      0,00      0,00      0,00      0,00      0,00      0,00    100,00
20:18:27          5      0,50      0,00      0,00      0,00      0,00      0,00      0,00      0,00      0,00     99,50
20:18:27          6      0,00      0,00      0,00      0,00      0,00      0,00      0,00      0,00      0,00    100,00
20:18:27          7      0,00      0,00      0,00      0,00      0,00      0,00      0,00      0,00      0,00    100,00
20:18:27          8      0,00      0,00      0,00      0,00      0,00      0,00      0,00      0,00      0,00    100,00
20:18:27          9      0,00      0,00      0,00      0,00      0,00      0,00      0,00      0,00      0,00    100,00
20:18:27         10      0,00      0,00      0,00      0,00      0,00      0,00      0,00      0,00      0,00    100,00
20:18:27         11      0,00      0,00      0,00      0,00      0,00      0,00      0,00      0,00      0,00    100,00
20:18:27         12      0,00      0,00      0,00      0,00      0,00      0,00      0,00      0,00      0,00    100,00
20:18:27         13      0,50      0,00      0,00      0,00      0,00      0,00      0,00      0,00      0,00     99,50
20:18:27         14      0,00      0,00      0,00      0,00      0,00      0,00      0,00      0,00      0,00    100,00
20:18:27         15      0,00      0,00      0,00      0,00      0,00      0,00      0,00      0,00      0,00    100,00

20:18:25        IFACE   rxpck/s   txpck/s    rxkB/s    txkB/s   rxcmp/s   txcmp/s  rxmcst/s   %ifutil
20:18:27           lo      0,00      0,00      0,00      0,00      0,00      0,00      0,00      0,00
20:18:27         eno1     17,00     17,00      3,41      3,25      0,00      0,00      1,00      0,00
20:18:27         eno2      0,00      0,00      0,00      0,00      0,00      0,00      0,00      0,00
20:18:27      docker0      0,00      0,00      0,00      0,00      0,00      0,00      0,00      0,00
20:18:27      ens2np0      0,00      0,00      0,00      0,00      0,00      0,00      0,00      0,00
20:18:27      ens2np1      0,00      0,00      0,00      0,00      0,00      0,00      0,00      0,00

20:18:27        CPU      %usr     %nice      %sys   %iowait    %steal      %irq     %soft    %guest    %gnice     %idle
20:18:29        all      0,47      0,00      0,28      0,00      0,00      0,00      0,00      0,00      0,00     99,25
20:18:29          0      0,50      0,00      0,00      0,00      0,00      0,00      0,00      0,00      0,00     99,50
20:18:29          1      0,50      0,00      0,00      0,00      0,00      0,00      0,00      0,00      0,00     99,50
20:18:29          2      1,01      0,00      1,51      0,00      0,00      0,00      0,00      0,00      0,00     97,49
20:18:29          3      0,00      0,00      0,50      0,00      0,00      0,00      0,00      0,00      0,00     99,50
20:18:29          4      0,00      0,00      0,00      0,00      0,00      0,00      0,00      0,00      0,00    100,00
20:18:29          5      1,01      0,00      0,50      0,00      0,00      0,00      0,00      0,00      0,00     98,49
20:18:29          6      0,00      0,00      0,00      0,00      0,00      0,00      0,00      0,00      0,00    100,00
20:18:29          7      0,50      0,00      0,00      0,00      0,00      0,00      0,00      0,00      0,00     99,50
20:18:29          8      0,50      0,00      0,00      0,00      0,00      0,00      0,00      0,00      0,00     99,50
20:18:29          9      0,00      0,00      0,00      0,00      0,00      0,00      0,00      0,00      0,00    100,00
20:18:29         10      0,00      0,00      0,00      0,00      0,00      0,00      0,00      0,00      0,00    100,00
20:18:29         11      1,99      0,00      0,50      0,00      0,00      0,00      0,00      0,00      0,00     97,51
20:18:29         12      0,50      0,00      0,00      0,00      0,00      0,00      0,00      0,00      0,00     99,50
20:18:29         13      0,00      0,00      0,50      0,00      0,00      0,00      0,00      0,00      0,00     99,50
20:18:29         14      1,00      0,00      0,00      0,00      0,00      0,00      0,00      0,00      0,00     99,00
20:18:29         15      0,00      0,00      1,00      0,00      0,00      0,00      0,00      0,00      0,00     99,00

20:18:27        IFACE   rxpck/s   txpck/s    rxkB/s    txkB/s   rxcmp/s   txcmp/s  rxmcst/s   %ifutil
20:18:29           lo      0,00      0,00      0,00      0,00      0,00      0,00      0,00      0,00
20:18:29         eno1      2,50      0,00      0,16      0,00      0,00      0,00      1,50      0,00
20:18:29         eno2      0,00      0,00      0,00      0,00      0,00      0,00      0,00      0,00
20:18:29      docker0      0,00      0,00      0,00      0,00      0,00      0,00      0,00      0,00
20:18:29      ens2np0      0,00      0,00      0,00      0,00      0,00      0,00      0,00      0,00
20:18:29      ens2np1      0,00      0,00      0,00      0,00      0,00      0,00      0,00      0,00

20:18:29        CPU      %usr     %nice      %sys   %iowait    %steal      %irq     %soft    %guest    %gnice     %idle
20:18:31        all      0,06      0,00      0,06      0,00      0,00      0,00      0,00      0,00      0,00     99,88
20:18:31          0      0,00      0,00      0,50      0,00      0,00      0,00      0,00      0,00      0,00     99,50
20:18:31          1      0,00      0,00      0,00      0,00      0,00      0,00      0,00      0,00      0,00    100,00
20:18:31          2      1,00      0,00      0,00      0,00      0,00      0,00      0,00      0,00      0,00     99,00
20:18:31          3      0,00      0,00      0,00      0,00      0,00      0,00      0,00      0,00      0,00    100,00
20:18:31          4      0,00      0,00      0,00      0,00      0,00      0,00      0,00      0,00      0,00    100,00
20:18:31          5      0,00      0,00      0,00      0,00      0,00      0,00      0,00      0,00      0,00    100,00
20:18:31          6      0,00      0,00      0,00      0,00      0,00      0,00      0,00      0,00      0,00    100,00
20:18:31          7      0,00      0,00      0,00      0,00      0,00      0,00      0,00      0,00      0,00    100,00
20:18:31          8      0,00      0,00      0,50      0,00      0,00      0,00      0,00      0,00      0,00     99,50
20:18:31          9      0,00      0,00      0,00      0,00      0,00      0,00      0,00      0,00      0,00    100,00
20:18:31         10      0,00      0,00      0,00      0,00      0,00      0,00      0,00      0,00      0,00    100,00
20:18:31         11      0,00      0,00      0,00      0,00      0,00      0,00      0,00      0,00      0,00    100,00
20:18:31         12      0,00      0,00      0,00      0,00      0,00      0,00      0,00      0,00      0,00    100,00
20:18:31         13      0,00      0,00      0,00      0,00      0,00      0,00      0,00      0,00      0,00    100,00
20:18:31         14      0,00      0,00      0,00      0,00      0,00      0,00      0,00      0,00      0,00    100,00
20:18:31         15      0,00      0,00      0,00      0,00      0,00      0,00      0,00      0,00      0,00    100,00

20:18:29        IFACE   rxpck/s   txpck/s    rxkB/s    txkB/s   rxcmp/s   txcmp/s  rxmcst/s   %ifutil
20:18:31           lo      0,00      0,00      0,00      0,00      0,00      0,00      0,00      0,00
20:18:31         eno1      5,00      0,00      0,31      0,00      0,00      0,00      1,00      0,00
20:18:31         eno2      0,00      0,00      0,00      0,00      0,00      0,00      0,00      0,00
20:18:31      docker0      0,00      0,00      0,00      0,00      0,00      0,00      0,00      0,00
20:18:31      ens2np0      0,00      0,00      0,00      0,00      0,00      0,00      0,00      0,00
20:18:31      ens2np1      0,00      0,00      0,00      0,00      0,00      0,00      0,00      0,00

20:18:31        CPU      %usr     %nice      %sys   %iowait    %steal      %irq     %soft    %guest    %gnice     %idle
20:18:33        all      0,00      0,00      0,03      0,00      0,00      0,00      0,00      0,00      0,00     99,97
20:18:33          0      0,00      0,00      0,00      0,00      0,00      0,00      0,00      0,00      0,00    100,00
20:18:33          1      0,00      0,00      0,00      0,00      0,00      0,00      0,00      0,00      0,00    100,00
20:18:33          2      0,00      0,00      0,50      0,00      0,00      0,00      0,00      0,00      0,00     99,50
20:18:33          3      0,00      0,00      0,00      0,00      0,00      0,00      0,00      0,00      0,00    100,00
20:18:33          4      0,00      0,00      0,00      0,00      0,00      0,00      0,00      0,00      0,00    100,00
20:18:33          5      0,00      0,00      0,00      0,00      0,00      0,00      0,00      0,00      0,00    100,00
20:18:33          6      0,00      0,00      0,00      0,00      0,00      0,00      0,00      0,00      0,00    100,00
20:18:33          7      0,00      0,00      0,00      0,00      0,00      0,00      0,00      0,00      0,00    100,00
20:18:33          8      0,00      0,00      0,00      0,00      0,00      0,00      0,00      0,00      0,00    100,00
20:18:33          9      0,00      0,00      0,00      0,00      0,00      0,00      0,00      0,00      0,00    100,00
20:18:33         10      0,00      0,00      0,00      0,00      0,00      0,00      0,00      0,00      0,00    100,00
20:18:33         11      0,00      0,00      0,00      0,00      0,00      0,00      0,00      0,00      0,00    100,00
20:18:33         12      0,00      0,00      0,00      0,00      0,00      0,00      0,00      0,00      0,00    100,00
20:18:33         13      0,00      0,00      0,00      0,00      0,00      0,00      0,00      0,00      0,00    100,00
20:18:33         14      0,00      0,00      0,00      0,00      0,00      0,00      0,00      0,00      0,00    100,00
20:18:33         15      0,00      0,00      0,00      0,00      0,00      0,00      0,00      0,00      0,00    100,00

20:18:31        IFACE   rxpck/s   txpck/s    rxkB/s    txkB/s   rxcmp/s   txcmp/s  rxmcst/s   %ifutil
20:18:33           lo      0,00      0,00      0,00      0,00      0,00      0,00      0,00      0,00
20:18:33         eno1      5,00      1,00      0,44      0,07      0,00      0,00      1,00      0,00
20:18:33         eno2      0,00      0,00      0,00      0,00      0,00      0,00      0,00      0,00
20:18:33      docker0      0,00      0,00      0,00      0,00      0,00      0,00      0,00      0,00
20:18:33      ens2np0      0,00      0,00      0,00      0,00      0,00      0,00      0,00      0,00
20:18:33      ens2np1      0,00      0,00      0,00      0,00      0,00      0,00      0,00      0,00

20:18:33        CPU      %usr     %nice      %sys   %iowait    %steal      %irq     %soft    %guest    %gnice     %idle
20:18:35        all      0,28      0,00      0,12      0,00      0,00      0,00      0,00      0,00      0,00     99,59
20:18:35          0      0,50      0,00      0,50      0,00      0,00      0,00      0,00      0,00      0,00     99,00
20:18:35          1      0,00      0,00      0,00      0,00      0,00      0,00      0,00      0,00      0,00    100,00
20:18:35          2      1,00      0,00      1,00      0,00      0,00      0,00      0,00      0,00      0,00     98,00
20:18:35          3      0,50      0,00      0,00      0,00      0,00      0,00      0,00      0,00      0,00     99,50
20:18:35          4      0,00      0,00      0,00      0,00      0,00      0,00      0,00      0,00      0,00    100,00
20:18:35          5      0,00      0,00      0,00      0,00      0,00      0,00      0,00      0,00      0,00    100,00
20:18:35          6      0,50      0,00      0,00      0,00      0,00      0,00      0,00      0,00      0,00     99,50
20:18:35          7      0,50      0,00      0,50      0,00      0,00      0,00      0,00      0,00      0,00     99,01
20:18:35          8      0,00      0,00      0,00      0,00      0,00      0,00      0,00      0,00      0,00    100,00
20:18:35          9      0,00      0,00      0,00      0,00      0,00      0,00      0,00      0,00      0,00    100,00
20:18:35         10      0,50      0,00      0,00      0,00      0,00      0,00      0,00      0,00      0,00     99,50
20:18:35         11      0,00      0,00      0,00      0,00      0,00      0,00      0,00      0,00      0,00    100,00
20:18:35         12      0,50      0,00      0,00      0,00      0,00      0,00      0,00      0,00      0,00     99,50
20:18:35         13      0,00      0,00      0,00      0,00      0,00      0,00      0,00      0,00      0,00    100,00
20:18:35         14      0,00      0,00      0,00      0,00      0,00      0,00      0,00      0,00      0,00    100,00
20:18:35         15      0,50      0,00      0,00      0,00      0,00      0,00      0,00      0,00      0,00     99,50

20:18:33        IFACE   rxpck/s   txpck/s    rxkB/s    txkB/s   rxcmp/s   txcmp/s  rxmcst/s   %ifutil
20:18:35           lo      0,00      0,00      0,00      0,00      0,00      0,00      0,00      0,00
20:18:35         eno1      6,00      0,00      0,38      0,00      0,00      0,00      1,00      0,00
20:18:35         eno2      0,00      0,00      0,00      0,00      0,00      0,00      0,00      0,00
20:18:35      docker0      0,00      0,00      0,00      0,00      0,00      0,00      0,00      0,00
20:18:35      ens2np0      0,00      0,00      0,00      0,00      0,00      0,00      0,00      0,00
20:18:35      ens2np1      0,00      0,00      0,00      0,00      0,00      0,00      0,00      0,00

20:18:35        CPU      %usr     %nice      %sys   %iowait    %steal      %irq     %soft    %guest    %gnice     %idle
20:18:37        all      0,00      0,00      0,06      0,00      0,00      0,00      7,60      0,00      0,00     92,33
20:18:37          0      0,00      0,00      0,00      0,00      0,00      0,00     61,11      0,00      0,00     38,89
20:18:37          1      0,00      0,00      0,00      0,00      0,00      0,00     61,11      0,00      0,00     38,89
20:18:37          2      0,00      0,00      1,00      0,00      0,00      0,00      0,50      0,00      0,00     98,50
20:18:37          3      0,00      0,00      0,00      0,00      0,00      0,00      0,00      0,00      0,00    100,00
20:18:37          4      0,00      0,00      0,00      0,00      0,00      0,00      0,00      0,00      0,00    100,00
20:18:37          5      0,00      0,00      0,00      0,00      0,00      0,00      0,00      0,00      0,00    100,00
20:18:37          6      0,00      0,00      0,00      0,00      0,00      0,00      0,00      0,00      0,00    100,00
20:18:37          7      0,00      0,00      0,00      0,00      0,00      0,00      0,00      0,00      0,00    100,00
20:18:37          8      0,00      0,00      0,00      0,00      0,00      0,00      0,00      0,00      0,00    100,00
20:18:37          9      0,00      0,00      0,00      0,00      0,00      0,00      0,00      0,00      0,00    100,00
20:18:37         10      0,00      0,00      0,00      0,00      0,00      0,00      0,00      0,00      0,00    100,00
20:18:37         11      0,00      0,00      0,00      0,00      0,00      0,00      0,00      0,00      0,00    100,00
20:18:37         12      0,00      0,00      0,00      0,00      0,00      0,00      0,00      0,00      0,00    100,00
20:18:37         13      0,00      0,00      0,00      0,00      0,00      0,00      0,00      0,00      0,00    100,00
20:18:37         14      0,00      0,00      0,00      0,00      0,00      0,00      0,00      0,00      0,00    100,00
20:18:37         15      0,00      0,00      0,00      0,00      0,00      0,00      0,00      0,00      0,00    100,00

20:18:35        IFACE   rxpck/s   txpck/s    rxkB/s    txkB/s   rxcmp/s   txcmp/s  rxmcst/s   %ifutil
20:18:37           lo      0,00      0,00      0,00      0,00      0,00      0,00      0,00      0,00
20:18:37         eno1      4,00      0,00      0,25      0,00      0,00      0,00      1,00      0,00
20:18:37         eno2      0,00      0,00      0,00      0,00      0,00      0,00      0,00      0,00
20:18:37      docker0      0,00      0,00      0,00      0,00      0,00      0,00      0,00      0,00
20:18:37      ens2np0 206912,00 206862,50 206103,75 206054,44      0,00      0,00      0,00     16,88
20:18:37      ens2np1      0,00      0,00      0,00      0,00      0,00      0,00      0,00      0,00

20:18:37        CPU      %usr     %nice      %sys   %iowait    %steal      %irq     %soft    %guest    %gnice     %idle
20:18:39        all      0,41      0,00      0,25      0,00      0,00      0,00     12,50      0,00      0,00     86,85
20:18:39          0      0,00      0,00      0,00      0,00      0,00      0,00    100,00      0,00      0,00      0,00
20:18:39          1      0,00      0,00      0,50      0,00      0,00      0,00     99,50      0,00      0,00      0,00
20:18:39          2      2,00      0,00      1,00      0,00      0,00      0,00      0,00      0,00      0,00     97,00
20:18:39          3      0,50      0,00      0,00      0,00      0,00      0,00      0,00      0,00      0,00     99,50
20:18:39          4      0,50      0,00      0,00      0,00      0,00      0,00      0,00      0,00      0,00     99,50
20:18:39          5      0,50      0,00      0,50      0,00      0,00      0,00      0,00      0,00      0,00     99,00
20:18:39          6      0,00      0,00      0,00      0,00      0,00      0,00      0,00      0,00      0,00    100,00
20:18:39          7      0,00      0,00      0,00      0,00      0,00      0,00      0,00      0,00      0,00    100,00
20:18:39          8      0,00      0,00      0,00      0,00      0,00      0,00      0,00      0,00      0,00    100,00
20:18:39          9      0,50      0,00      0,99      0,00      0,00      0,00      0,00      0,00      0,00     98,51
20:18:39         10      0,50      0,00      0,50      0,00      0,00      0,00      0,00      0,00      0,00     99,00
20:18:39         11      1,01      0,00      0,00      0,00      0,00      0,00      0,00      0,00      0,00     98,99
20:18:39         12      0,50      0,00      0,00      0,00      0,00      0,00      0,00      0,00      0,00     99,50
20:18:39         13      0,50      0,00      0,00      0,00      0,00      0,00      0,00      0,00      0,00     99,50
20:18:39         14      0,00      0,00      0,50      0,00      0,00      0,00      0,00      0,00      0,00     99,50
20:18:39         15      0,00      0,00      0,00      0,00      0,00      0,00      0,00      0,00      0,00    100,00

20:18:37        IFACE   rxpck/s   txpck/s    rxkB/s    txkB/s   rxcmp/s   txcmp/s  rxmcst/s   %ifutil
20:18:39           lo      0,00      0,00      0,00      0,00      0,00      0,00      0,00      0,00
20:18:39         eno1      3,50      0,00      0,22      0,00      0,00      0,00      1,00      0,00
20:18:39         eno2      0,00      0,00      0,00      0,00      0,00      0,00      0,00      0,00
20:18:39      docker0      0,00      0,00      0,00      0,00      0,00      0,00      0,00      0,00
20:18:39      ens2np0 340528,00 340544,50 339197,81 339214,25      0,00      0,00      0,00     27,79
20:18:39      ens2np1      0,00      0,00      0,00      0,00      0,00      0,00      0,00      0,00

20:18:39        CPU      %usr     %nice      %sys   %iowait    %steal      %irq     %soft    %guest    %gnice     %idle
20:18:41        all      0,03      0,00      0,09      0,00      0,00      0,00     12,52      0,00      0,00     87,36
20:18:41          0      0,00      0,00      0,00      0,00      0,00      0,00    100,00      0,00      0,00      0,00
20:18:41          1      0,00      0,00      0,00      0,00      0,00      0,00    100,00      0,00      0,00      0,00
20:18:41          2      0,00      0,00      1,52      0,00      0,00      0,00      0,00      0,00      0,00     98,48
20:18:41          3      0,00      0,00      0,00      0,00      0,00      0,00      0,00      0,00      0,00    100,00
20:18:41          4      0,00      0,00      0,00      0,00      0,00      0,00      0,00      0,00      0,00    100,00
20:18:41          5      0,00      0,00      0,00      0,00      0,00      0,00      0,00      0,00      0,00    100,00
20:18:41          6      0,00      0,00      0,00      0,00      0,00      0,00      0,00      0,00      0,00    100,00
20:18:41          7      0,50      0,00      0,00      0,00      0,00      0,00      0,00      0,00      0,00     99,50
20:18:41          8      0,00      0,00      0,00      0,00      0,00      0,00      0,00      0,00      0,00    100,00
20:18:41          9      0,00      0,00      0,00      0,00      0,00      0,00      0,00      0,00      0,00    100,00
20:18:41         10      0,00      0,00      0,00      0,00      0,00      0,00      0,00      0,00      0,00    100,00
20:18:41         11      0,00      0,00      0,00      0,00      0,00      0,00      0,00      0,00      0,00    100,00
20:18:41         12      0,00      0,00      0,00      0,00      0,00      0,00      0,00      0,00      0,00    100,00
20:18:41         13      0,00      0,00      0,00      0,00      0,00      0,00      0,00      0,00      0,00    100,00
20:18:41         14      0,00      0,00      0,00      0,00      0,00      0,00      0,00      0,00      0,00    100,00
20:18:41         15      0,00      0,00      0,00      0,00      0,00      0,00      0,00      0,00      0,00    100,00

20:18:39        IFACE   rxpck/s   txpck/s    rxkB/s    txkB/s   rxcmp/s   txcmp/s  rxmcst/s   %ifutil
20:18:41           lo      0,00      0,00      0,00      0,00      0,00      0,00      0,00      0,00
20:18:41         eno1      4,50      0,00      0,28      0,00      0,00      0,00      1,00      0,00
20:18:41         eno2      0,00      0,00      0,00      0,00      0,00      0,00      0,00      0,00
20:18:41      docker0      0,00      0,00      0,00      0,00      0,00      0,00      0,00      0,00
20:18:41      ens2np0 341268,00 341247,50 339934,92 339914,50      0,00      0,00      0,00     27,85
20:18:41      ens2np1      0,00      0,00      0,00      0,00      0,00      0,00      0,00      0,00

20:18:41        CPU      %usr     %nice      %sys   %iowait    %steal      %irq     %soft    %guest    %gnice     %idle
20:18:43        all      0,03      0,00      0,06      0,00      0,00      0,00     12,50      0,00      0,00     87,41
20:18:43          0      0,00      0,00      0,00      0,00      0,00      0,00    100,00      0,00      0,00      0,00
20:18:43          1      0,00      0,00      0,00      0,00      0,00      0,00    100,00      0,00      0,00      0,00
20:18:43          2      0,50      0,00      0,50      0,00      0,00      0,00      0,50      0,00      0,00     98,51
20:18:43          3      0,00      0,00      0,00      0,00      0,00      0,00      0,00      0,00      0,00    100,00
20:18:43          4      0,00      0,00      0,00      0,00      0,00      0,00      0,00      0,00      0,00    100,00
20:18:43          5      0,00      0,00      0,00      0,00      0,00      0,00      0,00      0,00      0,00    100,00
20:18:43          6      0,00      0,00      0,00      0,00      0,00      0,00      0,00      0,00      0,00    100,00
20:18:43          7      0,00      0,00      0,00      0,00      0,00      0,00      0,00      0,00      0,00    100,00
20:18:43          8      0,00      0,00      0,00      0,00      0,00      0,00      0,00      0,00      0,00    100,00
20:18:43          9      0,00      0,00      0,00      0,00      0,00      0,00      0,00      0,00      0,00    100,00
20:18:43         10      0,00      0,00      0,50      0,00      0,00      0,00      0,00      0,00      0,00     99,50
20:18:43         11      0,00      0,00      0,00      0,00      0,00      0,00      0,00      0,00      0,00    100,00
20:18:43         12      0,00      0,00      0,00      0,00      0,00      0,00      0,00      0,00      0,00    100,00
20:18:43         13      0,00      0,00      0,00      0,00      0,00      0,00      0,00      0,00      0,00    100,00
20:18:43         14      0,00      0,00      0,00      0,00      0,00      0,00      0,00      0,00      0,00    100,00
20:18:43         15      0,00      0,00      0,00      0,00      0,00      0,00      0,00      0,00      0,00    100,00

20:18:41        IFACE   rxpck/s   txpck/s    rxkB/s    txkB/s   rxcmp/s   txcmp/s  rxmcst/s   %ifutil
20:18:43           lo      0,00      0,00      0,00      0,00      0,00      0,00      0,00      0,00
20:18:43         eno1      2,50      0,00      0,16      0,00      0,00      0,00      1,50      0,00
20:18:43         eno2      0,00      0,00      0,00      0,00      0,00      0,00      0,00      0,00
20:18:43      docker0      0,00      0,00      0,00      0,00      0,00      0,00      0,00      0,00
20:18:43      ens2np0 341304,00 341279,50 339970,78 339946,38      0,00      0,00      0,00     27,85
20:18:43      ens2np1      0,00      0,00      0,00      0,00      0,00      0,00      0,00      0,00

20:18:43        CPU      %usr     %nice      %sys   %iowait    %steal      %irq     %soft    %guest    %gnice     %idle
20:18:45        all      0,00      0,00      0,03      0,03      0,00      0,00     12,51      0,00      0,00     87,43
20:18:45          0      0,00      0,00      0,00      0,00      0,00      0,00    100,00      0,00      0,00      0,00
20:18:45          1      0,00      0,00      0,00      0,00      0,00      0,00    100,00      0,00      0,00      0,00
20:18:45          2      0,00      0,00      0,51      0,00      0,00      0,00      0,00      0,00      0,00     99,49
20:18:45          3      0,00      0,00      0,00      0,00      0,00      0,00      0,00      0,00      0,00    100,00
20:18:45          4      0,00      0,00      0,00      0,00      0,00      0,00      0,00      0,00      0,00    100,00
20:18:45          5      0,00      0,00      0,00      0,00      0,00      0,00      0,00      0,00      0,00    100,00
20:18:45          6      0,00      0,00      0,00      0,00      0,00      0,00      0,00      0,00      0,00    100,00
20:18:45          7      0,00      0,00      0,00      0,50      0,00      0,00      0,00      0,00      0,00     99,50
20:18:45          8      0,00      0,00      0,00      0,00      0,00      0,00      0,00      0,00      0,00    100,00
20:18:45          9      0,00      0,00      0,00      0,00      0,00      0,00      0,00      0,00      0,00    100,00
20:18:45         10      0,00      0,00      0,00      0,00      0,00      0,00      0,00      0,00      0,00    100,00
20:18:45         11      0,00      0,00      0,00      0,00      0,00      0,00      0,00      0,00      0,00    100,00
20:18:45         12      0,00      0,00      0,00      0,00      0,00      0,00      0,00      0,00      0,00    100,00
20:18:45         13      0,00      0,00      0,00      0,00      0,00      0,00      0,00      0,00      0,00    100,00
20:18:45         14      0,00      0,00      0,00      0,00      0,00      0,00      0,00      0,00      0,00    100,00
20:18:45         15      0,00      0,00      0,00      0,00      0,00      0,00      0,00      0,00      0,00    100,00

20:18:43        IFACE   rxpck/s   txpck/s    rxkB/s    txkB/s   rxcmp/s   txcmp/s  rxmcst/s   %ifutil
20:18:45           lo      0,00      0,00      0,00      0,00      0,00      0,00      0,00      0,00
20:18:45         eno1      6,00      0,00      0,38      0,00      0,00      0,00      1,00      0,00
20:18:45         eno2      0,00      0,00      0,00      0,00      0,00      0,00      0,00      0,00
20:18:45      docker0      0,00      0,00      0,00      0,00      0,00      0,00      0,00      0,00
20:18:45      ens2np0 341524,00 341536,50 340189,92 340202,37      0,00      0,00      0,00     27,87
20:18:45      ens2np1      0,00      0,00      0,00      0,00      0,00      0,00      0,00      0,00

20:18:45        CPU      %usr     %nice      %sys   %iowait    %steal      %irq     %soft    %guest    %gnice     %idle
20:18:47        all      0,00      0,00      0,13      0,00      0,00      0,00     12,51      0,00      0,00     87,37
20:18:47          0      0,00      0,00      0,00      0,00      0,00      0,00    100,00      0,00      0,00      0,00
20:18:47          1      0,00      0,00      0,50      0,00      0,00      0,00     99,50      0,00      0,00      0,00
20:18:47          2      0,00      0,00      1,51      0,00      0,00      0,00      0,00      0,00      0,00     98,49
20:18:47          3      0,00      0,00      0,00      0,00      0,00      0,00      0,00      0,00      0,00    100,00
20:18:47          4      0,00      0,00      0,00      0,00      0,00      0,00      0,00      0,00      0,00    100,00
20:18:47          5      0,00      0,00      0,00      0,00      0,00      0,00      0,00      0,00      0,00    100,00
20:18:47          6      0,00      0,00      0,00      0,00      0,00      0,00      0,00      0,00      0,00    100,00
20:18:47          7      0,00      0,00      0,00      0,00      0,00      0,00      0,00      0,00      0,00    100,00
20:18:47          8      0,00      0,00      0,00      0,00      0,00      0,00      0,00      0,00      0,00    100,00
20:18:47          9      0,00      0,00      0,00      0,00      0,00      0,00      0,00      0,00      0,00    100,00
20:18:47         10      0,00      0,00      0,00      0,00      0,00      0,00      0,00      0,00      0,00    100,00
20:18:47         11      0,00      0,00      0,00      0,00      0,00      0,00      0,00      0,00      0,00    100,00
20:18:47         12      0,00      0,00      0,00      0,00      0,00      0,00      0,00      0,00      0,00    100,00
20:18:47         13      0,00      0,00      0,00      0,00      0,00      0,00      0,00      0,00      0,00    100,00
20:18:47         14      0,00      0,00      0,00      0,00      0,00      0,00      0,00      0,00      0,00    100,00
20:18:47         15      0,00      0,00      0,00      0,00      0,00      0,00      0,00      0,00      0,00    100,00

20:18:45        IFACE   rxpck/s   txpck/s    rxkB/s    txkB/s   rxcmp/s   txcmp/s  rxmcst/s   %ifutil
20:18:47           lo      0,00      0,00      0,00      0,00      0,00      0,00      0,00      0,00
20:18:47         eno1      9,00      0,00      0,56      0,00      0,00      0,00      1,00      0,00
20:18:47         eno2      0,00      0,00      0,00      0,00      0,00      0,00      0,00      0,00
20:18:47      docker0      0,00      0,00      0,00      0,00      0,00      0,00      0,00      0,00
20:18:47      ens2np0 341388,00 341407,50 340054,45 340073,88      0,00      0,00      0,00     27,86
20:18:47      ens2np1      0,00      0,00      0,00      0,00      0,00      0,00      0,00      0,00

20:18:47        CPU      %usr     %nice      %sys   %iowait    %steal      %irq     %soft    %guest    %gnice     %idle
20:18:49        all      0,03      0,00      0,09      0,00      0,00      0,00     12,50      0,00      0,00     87,38
20:18:49          0      0,00      0,00      0,00      0,00      0,00      0,00    100,00      0,00      0,00      0,00
20:18:49          1      0,00      0,00      0,00      0,00      0,00      0,00    100,00      0,00      0,00      0,00
20:18:49          2      0,50      0,00      1,00      0,00      0,00      0,00      0,00      0,00      0,00     98,50
20:18:49          3      0,00      0,00      0,00      0,00      0,00      0,00      0,00      0,00      0,00    100,00
20:18:49          4      0,00      0,00      0,00      0,00      0,00      0,00      0,00      0,00      0,00    100,00
20:18:49          5      0,00      0,00      0,00      0,00      0,00      0,00      0,00      0,00      0,00    100,00
20:18:49          6      0,00      0,00      0,00      0,00      0,00      0,00      0,00      0,00      0,00    100,00
20:18:49          7      0,00      0,00      0,00      0,00      0,00      0,00      0,00      0,00      0,00    100,00
20:18:49          8      0,00      0,00      0,00      0,00      0,00      0,00      0,00      0,00      0,00    100,00
20:18:49          9      0,00      0,00      0,00      0,00      0,00      0,00      0,00      0,00      0,00    100,00
20:18:49         10      0,00      0,00      0,50      0,00      0,00      0,00      0,00      0,00      0,00     99,50
20:18:49         11      0,00      0,00      0,00      0,00      0,00      0,00      0,00      0,00      0,00    100,00
20:18:49         12      0,00      0,00      0,00      0,00      0,00      0,00      0,00      0,00      0,00    100,00
20:18:49         13      0,00      0,00      0,00      0,00      0,00      0,00      0,00      0,00      0,00    100,00
20:18:49         14      0,00      0,00      0,00      0,00      0,00      0,00      0,00      0,00      0,00    100,00
20:18:49         15      0,00      0,00      0,00      0,00      0,00      0,00      0,00      0,00      0,00    100,00

20:18:47        IFACE   rxpck/s   txpck/s    rxkB/s    txkB/s   rxcmp/s   txcmp/s  rxmcst/s   %ifutil
20:18:49           lo      0,00      0,00      0,00      0,00      0,00      0,00      0,00      0,00
20:18:49         eno1      2,00      0,00      0,13      0,00      0,00      0,00      1,00      0,00
20:18:49         eno2      0,00      0,00      0,00      0,00      0,00      0,00      0,00      0,00
20:18:49      docker0      0,00      0,00      0,00      0,00      0,00      0,00      0,00      0,00
20:18:49      ens2np0 341328,00 341344,50 339994,69 340011,12      0,00      0,00      0,00     27,85
20:18:49      ens2np1      0,00      0,00      0,00      0,00      0,00      0,00      0,00      0,00

20:18:49        CPU      %usr     %nice      %sys   %iowait    %steal      %irq     %soft    %guest    %gnice     %idle
20:18:51        all      0,28      0,00      0,13      0,00      0,00      0,00     12,52      0,00      0,00     87,08
20:18:51          0      0,00      0,00      0,00      0,00      0,00      0,00    100,00      0,00      0,00      0,00
20:18:51          1      0,00      0,00      0,00      0,00      0,00      0,00    100,00      0,00      0,00      0,00
20:18:51          2      0,00      0,00      0,51      0,00      0,00      0,00      0,00      0,00      0,00     99,49
20:18:51          3      0,00      0,00      0,00      0,00      0,00      0,00      0,00      0,00      0,00    100,00
20:18:51          4      0,50      0,00      0,00      0,00      0,00      0,00      0,00      0,00      0,00     99,50
20:18:51          5      0,00      0,00      0,00      0,00      0,00      0,00      0,00      0,00      0,00    100,00
20:18:51          6      2,01      0,00      0,50      0,00      0,00      0,00      0,00      0,00      0,00     97,49
20:18:51          7      0,00      0,00      0,00      0,00      0,00      0,00      0,00      0,00      0,00    100,00
20:18:51          8      0,00      0,00      0,00      0,00      0,00      0,00      0,00      0,00      0,00    100,00
20:18:51          9      0,50      0,00      0,00      0,00      0,00      0,00      0,00      0,00      0,00     99,50
20:18:51         10      0,00      0,00      0,00      0,00      0,00      0,00      0,00      0,00      0,00    100,00
20:18:51         11      0,50      0,00      0,00      0,00      0,00      0,00      0,00      0,00      0,00     99,50
20:18:51         12      0,00      0,00      0,50      0,00      0,00      0,00      0,00      0,00      0,00     99,50
20:18:51         13      0,50      0,00      0,00      0,00      0,00      0,00      0,00      0,00      0,00     99,50
20:18:51         14      0,00      0,00      0,50      0,00      0,00      0,00      0,00      0,00      0,00     99,50
20:18:51         15      0,50      0,00      0,00      0,00      0,00      0,00      0,00      0,00      0,00     99,50

20:18:49        IFACE   rxpck/s   txpck/s    rxkB/s    txkB/s   rxcmp/s   txcmp/s  rxmcst/s   %ifutil
20:18:51           lo      0,00      0,00      0,00      0,00      0,00      0,00      0,00      0,00
20:18:51         eno1      6,00      0,00      0,38      0,00      0,00      0,00      1,00      0,00
20:18:51         eno2      0,00      0,00      0,00      0,00      0,00      0,00      0,00      0,00
20:18:51      docker0      0,00      0,00      0,00      0,00      0,00      0,00      0,00      0,00
20:18:51      ens2np0 341112,00 341088,50 339779,53 339756,12      0,00      0,00      0,00     27,83
20:18:51      ens2np1      0,00      0,00      0,00      0,00      0,00      0,00      0,00      0,00

20:18:51        CPU      %usr     %nice      %sys   %iowait    %steal      %irq     %soft    %guest    %gnice     %idle
20:18:53        all      0,03      0,00      0,03      0,00      0,00      0,00     12,50      0,00      0,00     87,44
20:18:53          0      0,00      0,00      0,00      0,00      0,00      0,00    100,00      0,00      0,00      0,00
20:18:53          1      0,00      0,00      0,00      0,00      0,00      0,00    100,00      0,00      0,00      0,00
20:18:53          2      0,50      0,00      0,50      0,00      0,00      0,00      0,00      0,00      0,00     99,00
20:18:53          3      0,00      0,00      0,00      0,00      0,00      0,00      0,00      0,00      0,00    100,00
20:18:53          4      0,00      0,00      0,00      0,00      0,00      0,00      0,00      0,00      0,00    100,00
20:18:53          5      0,00      0,00      0,00      0,00      0,00      0,00      0,00      0,00      0,00    100,00
20:18:53          6      0,00      0,00      0,00      0,00      0,00      0,00      0,00      0,00      0,00    100,00
20:18:53          7      0,00      0,00      0,00      0,00      0,00      0,00      0,00      0,00      0,00    100,00
20:18:53          8      0,00      0,00      0,00      0,00      0,00      0,00      0,00      0,00      0,00    100,00
20:18:53          9      0,00      0,00      0,00      0,00      0,00      0,00      0,00      0,00      0,00    100,00
20:18:53         10      0,00      0,00      0,00      0,00      0,00      0,00      0,00      0,00      0,00    100,00
20:18:53         11      0,00      0,00      0,00      0,00      0,00      0,00      0,00      0,00      0,00    100,00
20:18:53         12      0,00      0,00      0,00      0,00      0,00      0,00      0,00      0,00      0,00    100,00
20:18:53         13      0,00      0,00      0,00      0,00      0,00      0,00      0,00      0,00      0,00    100,00
20:18:53         14      0,00      0,00      0,00      0,00      0,00      0,00      0,00      0,00      0,00    100,00
20:18:53         15      0,00      0,00      0,00      0,00      0,00      0,00      0,00      0,00      0,00    100,00

20:18:51        IFACE   rxpck/s   txpck/s    rxkB/s    txkB/s   rxcmp/s   txcmp/s  rxmcst/s   %ifutil
20:18:53           lo      0,00      0,00      0,00      0,00      0,00      0,00      0,00      0,00
20:18:53         eno1      4,00      0,00      0,25      0,00      0,00      0,00      1,00      0,00
20:18:53         eno2      0,00      0,00      0,00      0,00      0,00      0,00      0,00      0,00
20:18:53      docker0      0,00      0,00      0,00      0,00      0,00      0,00      0,00      0,00
20:18:53      ens2np0 341488,00 341504,00 340154,06 340170,00      0,00      0,00      0,00     27,87
20:18:53      ens2np1      0,00      0,00      0,00      0,00      0,00      0,00      0,00      0,00

20:18:53        CPU      %usr     %nice      %sys   %iowait    %steal      %irq     %soft    %guest    %gnice     %idle
20:18:55        all      0,00      0,00      0,16      0,00      0,00      0,00     12,57      0,00      0,00     87,27
20:18:55          0      0,00      0,00      0,00      0,00      0,00      0,00    100,00      0,00      0,00      0,00
20:18:55          1      0,00      0,00      0,00      0,00      0,00      0,00    100,00      0,00      0,00      0,00
20:18:55          2      0,00      0,00      1,50      0,00      0,00      0,00      1,00      0,00      0,00     97,50
20:18:55          3      0,00      0,00      0,00      0,00      0,00      0,00      0,00      0,00      0,00    100,00
20:18:55          4      0,00      0,00      0,00      0,00      0,00      0,00      0,00      0,00      0,00    100,00
20:18:55          5      0,00      0,00      0,00      0,00      0,00      0,00      0,00      0,00      0,00    100,00
20:18:55          6      0,00      0,00      0,00      0,00      0,00      0,00      0,00      0,00      0,00    100,00
20:18:55          7      0,00      0,00      0,00      0,00      0,00      0,00      0,00      0,00      0,00    100,00
20:18:55          8      0,00      0,00      0,00      0,00      0,00      0,00      0,00      0,00      0,00    100,00
20:18:55          9      0,00      0,00      0,00      0,00      0,00      0,00      0,00      0,00      0,00    100,00
20:18:55         10      0,00      0,00      0,00      0,00      0,00      0,00      0,00      0,00      0,00    100,00
20:18:55         11      0,00      0,00      0,50      0,00      0,00      0,00      0,00      0,00      0,00     99,50
20:18:55         12      0,00      0,00      0,50      0,00      0,00      0,00      0,00      0,00      0,00     99,50
20:18:55         13      0,00      0,00      0,00      0,00      0,00      0,00      0,00      0,00      0,00    100,00
20:18:55         14      0,00      0,00      0,00      0,00      0,00      0,00      0,00      0,00      0,00    100,00
20:18:55         15      0,00      0,00      0,00      0,00      0,00      0,00      0,00      0,00      0,00    100,00

20:18:53        IFACE   rxpck/s   txpck/s    rxkB/s    txkB/s   rxcmp/s   txcmp/s  rxmcst/s   %ifutil
20:18:55           lo      0,00      0,00      0,00      0,00      0,00      0,00      0,00      0,00
20:18:55         eno1      4,50      0,00      0,28      0,00      0,00      0,00      1,00      0,00
20:18:55         eno2      0,00      0,00      0,00      0,00      0,00      0,00      0,00      0,00
20:18:55      docker0      0,00      0,00      0,00      0,00      0,00      0,00      0,00      0,00
20:18:55      ens2np0 341564,00 341535,00 340229,77 340200,88      0,00      0,00      0,00     27,87
20:18:55      ens2np1      0,00      0,00      0,00      0,00      0,00      0,00      0,00      0,00

20:18:55        CPU      %usr     %nice      %sys   %iowait    %steal      %irq     %soft    %guest    %gnice     %idle
20:18:57        all      0,00      0,00      0,09      0,00      0,00      0,00     12,47      0,00      0,00     87,43
20:18:57          0      0,00      0,00      0,00      0,00      0,00      0,00    100,00      0,00      0,00      0,00
20:18:57          1      0,00      0,00      0,00      0,00      0,00      0,00    100,00      0,00      0,00      0,00
20:18:57          2      0,00      0,00      1,00      0,00      0,00      0,00      0,00      0,00      0,00     99,00
20:18:57          3      0,00      0,00      0,00      0,00      0,00      0,00      0,00      0,00      0,00    100,00
20:18:57          4      0,00      0,00      0,00      0,00      0,00      0,00      0,00      0,00      0,00    100,00
20:18:57          5      0,00      0,00      0,00      0,00      0,00      0,00      0,00      0,00      0,00    100,00
20:18:57          6      0,00      0,00      0,00      0,00      0,00      0,00      0,00      0,00      0,00    100,00
20:18:57          7      0,00      0,00      0,00      0,00      0,00      0,00      0,00      0,00      0,00    100,00
20:18:57          8      0,00      0,00      0,00      0,00      0,00      0,00      0,00      0,00      0,00    100,00
20:18:57          9      0,00      0,00      0,00      0,00      0,00      0,00      0,00      0,00      0,00    100,00
20:18:57         10      0,00      0,00      0,50      0,00      0,00      0,00      0,00      0,00      0,00     99,50
20:18:57         11      0,00      0,00      0,00      0,00      0,00      0,00      0,00      0,00      0,00    100,00
20:18:57         12      0,00      0,00      0,00      0,00      0,00      0,00      0,00      0,00      0,00    100,00
20:18:57         13      0,00      0,00      0,00      0,00      0,00      0,00      0,00      0,00      0,00    100,00
20:18:57         14      0,00      0,00      0,00      0,00      0,00      0,00      0,00      0,00      0,00    100,00
20:18:57         15      0,00      0,00      0,00      0,00      0,00      0,00      0,00      0,00      0,00    100,00

20:18:55        IFACE   rxpck/s   txpck/s    rxkB/s    txkB/s   rxcmp/s   txcmp/s  rxmcst/s   %ifutil
20:18:57           lo      0,00      0,00      0,00      0,00      0,00      0,00      0,00      0,00
20:18:57         eno1      7,00      0,00      0,44      0,00      0,00      0,00      1,00      0,00
20:18:57         eno2      0,00      0,00      0,00      0,00      0,00      0,00      0,00      0,00
20:18:57      docker0      0,00      0,00      0,00      0,00      0,00      0,00      0,00      0,00
20:18:57      ens2np0 341428,00 341441,00 340094,30 340107,25      0,00      0,00      0,00     27,86
20:18:57      ens2np1      0,00      0,00      0,00      0,00      0,00      0,00      0,00      0,00

20:18:57        CPU      %usr     %nice      %sys   %iowait    %steal      %irq     %soft    %guest    %gnice     %idle
20:18:59        all      0,03      0,00      0,06      0,00      0,00      0,00     12,50      0,00      0,00     87,41
20:18:59          0      0,00      0,00      0,00      0,00      0,00      0,00    100,00      0,00      0,00      0,00
20:18:59          1      0,00      0,00      0,00      0,00      0,00      0,00    100,00      0,00      0,00      0,00
20:18:59          2      0,50      0,00      1,00      0,00      0,00      0,00      0,00      0,00      0,00     98,50
20:18:59          3      0,00      0,00      0,00      0,00      0,00      0,00      0,00      0,00      0,00    100,00
20:18:59          4      0,00      0,00      0,00      0,00      0,00      0,00      0,00      0,00      0,00    100,00
20:18:59          5      0,00      0,00      0,00      0,00      0,00      0,00      0,00      0,00      0,00    100,00
20:18:59          6      0,00      0,00      0,00      0,00      0,00      0,00      0,00      0,00      0,00    100,00
20:18:59          7      0,00      0,00      0,00      0,00      0,00      0,00      0,00      0,00      0,00    100,00
20:18:59          8      0,00      0,00      0,00      0,00      0,00      0,00      0,00      0,00      0,00    100,00
20:18:59          9      0,00      0,00      0,00      0,00      0,00      0,00      0,00      0,00      0,00    100,00
20:18:59         10      0,00      0,00      0,00      0,00      0,00      0,00      0,00      0,00      0,00    100,00
20:18:59         11      0,00      0,00      0,00      0,00      0,00      0,00      0,00      0,00      0,00    100,00
20:18:59         12      0,00      0,00      0,00      0,00      0,00      0,00      0,00      0,00      0,00    100,00
20:18:59         13      0,00      0,00      0,00      0,00      0,00      0,00      0,00      0,00      0,00    100,00
20:18:59         14      0,00      0,00      0,00      0,00      0,00      0,00      0,00      0,00      0,00    100,00
20:18:59         15      0,00      0,00      0,00      0,00      0,00      0,00      0,00      0,00      0,00    100,00

20:18:57        IFACE   rxpck/s   txpck/s    rxkB/s    txkB/s   rxcmp/s   txcmp/s  rxmcst/s   %ifutil
20:18:59           lo      0,00      0,00      0,00      0,00      0,00      0,00      0,00      0,00
20:18:59         eno1      2,00      0,00      0,13      0,00      0,00      0,00      1,00      0,00
20:18:59         eno2      0,00      0,00      0,00      0,00      0,00      0,00      0,00      0,00
20:18:59      docker0      0,00      0,00      0,00      0,00      0,00      0,00      0,00      0,00
20:18:59      ens2np0 341444,00 341439,50 340110,23 340105,75      0,00      0,00      0,00     27,86
20:18:59      ens2np1      0,00      0,00      0,00      0,00      0,00      0,00      0,00      0,00

20:18:59        CPU      %usr     %nice      %sys   %iowait    %steal      %irq     %soft    %guest    %gnice     %idle
20:19:01        all      0,31      0,00      0,28      0,00      0,00      0,00     12,53      0,00      0,00     86,87
20:19:01          0      0,00      0,00      0,00      0,00      0,00      0,00    100,00      0,00      0,00      0,00
20:19:01          1      0,00      0,00      0,00      0,00      0,00      0,00    100,00      0,00      0,00      0,00
20:19:01          2      0,51      0,00      1,52      0,00      0,00      0,00      0,00      0,00      0,00     97,98
20:19:01          3      0,50      0,00      0,50      0,00      0,00      0,00      0,00      0,00      0,00     99,00
20:19:01          4      0,00      0,00      0,00      0,00      0,00      0,00      0,00      0,00      0,00    100,00
20:19:01          5      0,00      0,00      0,00      0,00      0,00      0,00      0,00      0,00      0,00    100,00
20:19:01          6      0,50      0,00      0,00      0,00      0,00      0,00      0,00      0,00      0,00     99,50
20:19:01          7      1,00      0,00      0,50      0,00      0,00      0,00      0,00      0,00      0,00     98,50
20:19:01          8      0,00      0,00      0,00      0,00      0,00      0,00      0,00      0,00      0,00    100,00
20:19:01          9      0,00      0,00      0,00      0,00      0,00      0,00      0,00      0,00      0,00    100,00
20:19:01         10      0,50      0,00      0,50      0,00      0,00      0,00      0,00      0,00      0,00     99,00
20:19:01         11      1,00      0,00      0,50      0,00      0,00      0,00      0,00      0,00      0,00     98,51
20:19:01         12      0,50      0,00      0,00      0,00      0,00      0,00      0,00      0,00      0,00     99,50
20:19:01         13      0,00      0,00      1,01      0,00      0,00      0,00      0,00      0,00      0,00     98,99
20:19:01         14      0,50      0,00      0,00      0,00      0,00      0,00      0,00      0,00      0,00     99,50
20:19:01         15      0,00      0,00      0,00      0,00      0,00      0,00      0,00      0,00      0,00    100,00

20:18:59        IFACE   rxpck/s   txpck/s    rxkB/s    txkB/s   rxcmp/s   txcmp/s  rxmcst/s   %ifutil
20:19:01           lo      0,00      0,00      0,00      0,00      0,00      0,00      0,00      0,00
20:19:01         eno1      6,50      0,00      0,41      0,00      0,00      0,00      1,00      0,00
20:19:01         eno2      0,00      0,00      0,00      0,00      0,00      0,00      0,00      0,00
20:19:01      docker0      0,00      0,00      0,00      0,00      0,00      0,00      0,00      0,00
20:19:01      ens2np0 341100,00 341088,00 339767,58 339755,62      0,00      0,00      0,00     27,83
20:19:01      ens2np1      0,00      0,00      0,00      0,00      0,00      0,00      0,00      0,00

20:19:01        CPU      %usr     %nice      %sys   %iowait    %steal      %irq     %soft    %guest    %gnice     %idle
20:19:03        all      0,03      0,00      0,03      0,00      0,00      0,00     12,53      0,00      0,00     87,41
20:19:03          0      0,00      0,00      0,00      0,00      0,00      0,00    100,00      0,00      0,00      0,00
20:19:03          1      0,00      0,00      0,00      0,00      0,00      0,00    100,00      0,00      0,00      0,00
20:19:03          2      0,50      0,00      0,50      0,00      0,00      0,00      0,50      0,00      0,00     98,51
20:19:03          3      0,00      0,00      0,00      0,00      0,00      0,00      0,00      0,00      0,00    100,00
20:19:03          4      0,00      0,00      0,00      0,00      0,00      0,00      0,00      0,00      0,00    100,00
20:19:03          5      0,00      0,00      0,00      0,00      0,00      0,00      0,00      0,00      0,00    100,00
20:19:03          6      0,00      0,00      0,00      0,00      0,00      0,00      0,00      0,00      0,00    100,00
20:19:03          7      0,00      0,00      0,00      0,00      0,00      0,00      0,00      0,00      0,00    100,00
20:19:03          8      0,00      0,00      0,00      0,00      0,00      0,00      0,00      0,00      0,00    100,00
20:19:03          9      0,00      0,00      0,00      0,00      0,00      0,00      0,00      0,00      0,00    100,00
20:19:03         10      0,00      0,00      0,00      0,00      0,00      0,00      0,00      0,00      0,00    100,00
20:19:03         11      0,00      0,00      0,00      0,00      0,00      0,00      0,00      0,00      0,00    100,00
20:19:03         12      0,00      0,00      0,00      0,00      0,00      0,00      0,00      0,00      0,00    100,00
20:19:03         13      0,00      0,00      0,00      0,00      0,00      0,00      0,00      0,00      0,00    100,00
20:19:03         14      0,00      0,00      0,00      0,00      0,00      0,00      0,00      0,00      0,00    100,00
20:19:03         15      0,00      0,00      0,00      0,00      0,00      0,00      0,00      0,00      0,00    100,00

20:19:01        IFACE   rxpck/s   txpck/s    rxkB/s    txkB/s   rxcmp/s   txcmp/s  rxmcst/s   %ifutil
20:19:03           lo      0,00      0,00      0,00      0,00      0,00      0,00      0,00      0,00
20:19:03         eno1      5,00      0,00      0,31      0,00      0,00      0,00      1,00      0,00
20:19:03         eno2      0,00      0,00      0,00      0,00      0,00      0,00      0,00      0,00
20:19:03      docker0      0,00      0,00      0,00      0,00      0,00      0,00      0,00      0,00
20:19:03      ens2np0 341952,00 341984,50 340616,25 340648,62      0,00      0,00      0,00     27,91
20:19:03      ens2np1      0,00      0,00      0,00      0,00      0,00      0,00      0,00      0,00

20:19:03        CPU      %usr     %nice      %sys   %iowait    %steal      %irq     %soft    %guest    %gnice     %idle
20:19:05        all      0,00      0,00      0,03      0,00      0,00      0,00     12,54      0,00      0,00     87,43
20:19:05          0      0,00      0,00      0,00      0,00      0,00      0,00    100,00      0,00      0,00      0,00
20:19:05          1      0,00      0,00      0,00      0,00      0,00      0,00    100,00      0,00      0,00      0,00
20:19:05          2      0,00      0,00      0,50      0,00      0,00      0,00      0,50      0,00      0,00     98,99
20:19:05          3      0,00      0,00      0,00      0,00      0,00      0,00      0,00      0,00      0,00    100,00
20:19:05          4      0,00      0,00      0,00      0,00      0,00      0,00      0,00      0,00      0,00    100,00
20:19:05          5      0,00      0,00      0,00      0,00      0,00      0,00      0,00      0,00      0,00    100,00
20:19:05          6      0,00      0,00      0,00      0,00      0,00      0,00      0,00      0,00      0,00    100,00
20:19:05          7      0,00      0,00      0,00      0,00      0,00      0,00      0,00      0,00      0,00    100,00
20:19:05          8      0,00      0,00      0,00      0,00      0,00      0,00      0,00      0,00      0,00    100,00
20:19:05          9      0,00      0,00      0,00      0,00      0,00      0,00      0,00      0,00      0,00    100,00
20:19:05         10      0,00      0,00      0,00      0,00      0,00      0,00      0,00      0,00      0,00    100,00
20:19:05         11      0,00      0,00      0,00      0,00      0,00      0,00      0,00      0,00      0,00    100,00
20:19:05         12      0,00      0,00      0,00      0,00      0,00      0,00      0,00      0,00      0,00    100,00
20:19:05         13      0,00      0,00      0,00      0,00      0,00      0,00      0,00      0,00      0,00    100,00
20:19:05         14      0,00      0,00      0,00      0,00      0,00      0,00      0,00      0,00      0,00    100,00
20:19:05         15      0,00      0,00      0,00      0,00      0,00      0,00      0,00      0,00      0,00    100,00

20:19:03        IFACE   rxpck/s   txpck/s    rxkB/s    txkB/s   rxcmp/s   txcmp/s  rxmcst/s   %ifutil
20:19:05           lo      0,00      0,00      0,00      0,00      0,00      0,00      0,00      0,00
20:19:05         eno1      3,50      0,00      0,22      0,00      0,00      0,00      1,00      0,00
20:19:05         eno2      0,00      0,00      0,00      0,00      0,00      0,00      0,00      0,00
20:19:05      docker0      0,00      0,00      0,00      0,00      0,00      0,00      0,00      0,00
20:19:05      ens2np0 341600,00 341600,00 340265,62 340265,62      0,00      0,00      0,00     27,87
20:19:05      ens2np1      0,00      0,00      0,00      0,00      0,00      0,00      0,00      0,00

20:19:05        CPU      %usr     %nice      %sys   %iowait    %steal      %irq     %soft    %guest    %gnice     %idle
20:19:07        all      0,00      0,00      0,13      0,00      0,00      0,00     12,52      0,00      0,00     87,36
20:19:07          0      0,00      0,00      0,00      0,00      0,00      0,00    100,00      0,00      0,00      0,00
20:19:07          1      0,00      0,00      0,00      0,00      0,00      0,00    100,00      0,00      0,00      0,00
20:19:07          2      0,00      0,00      2,01      0,00      0,00      0,00      0,00      0,00      0,00     97,99
20:19:07          3      0,00      0,00      0,00      0,00      0,00      0,00      0,00      0,00      0,00    100,00
20:19:07          4      0,00      0,00      0,00      0,00      0,00      0,00      0,00      0,00      0,00    100,00
20:19:07          5      0,00      0,00      0,00      0,00      0,00      0,00      0,00      0,00      0,00    100,00
20:19:07          6      0,00      0,00      0,00      0,00      0,00      0,00      0,00      0,00      0,00    100,00
20:19:07          7      0,00      0,00      0,00      0,00      0,00      0,00      0,00      0,00      0,00    100,00
20:19:07          8      0,00      0,00      0,00      0,00      0,00      0,00      0,00      0,00      0,00    100,00
20:19:07          9      0,00      0,00      0,00      0,00      0,00      0,00      0,00      0,00      0,00    100,00
20:19:07         10      0,00      0,00      0,00      0,00      0,00      0,00      0,00      0,00      0,00    100,00
20:19:07         11      0,00      0,00      0,00      0,00      0,00      0,00      0,00      0,00      0,00    100,00
20:19:07         12      0,00      0,00      0,00      0,00      0,00      0,00      0,00      0,00      0,00    100,00
20:19:07         13      0,00      0,00      0,00      0,00      0,00      0,00      0,00      0,00      0,00    100,00
20:19:07         14      0,00      0,00      0,00      0,00      0,00      0,00      0,00      0,00      0,00    100,00
20:19:07         15      0,00      0,00      0,00      0,00      0,00      0,00      0,00      0,00      0,00    100,00

20:19:05        IFACE   rxpck/s   txpck/s    rxkB/s    txkB/s   rxcmp/s   txcmp/s  rxmcst/s   %ifutil
20:19:07           lo      0,00      0,00      0,00      0,00      0,00      0,00      0,00      0,00
20:19:07         eno1      7,00      0,00      0,44      0,00      0,00      0,00      1,00      0,00
20:19:07         eno2      0,00      0,00      0,00      0,00      0,00      0,00      0,00      0,00
20:19:07      docker0      0,00      0,00      0,00      0,00      0,00      0,00      0,00      0,00
20:19:07      ens2np0 341368,00 341344,00 340034,53 340010,62      0,00      0,00      0,00     27,86
20:19:07      ens2np1      0,00      0,00      0,00      0,00      0,00      0,00      0,00      0,00

20:19:07        CPU      %usr     %nice      %sys   %iowait    %steal      %irq     %soft    %guest    %gnice     %idle
20:19:09        all      0,03      0,00      0,09      0,03      0,00      0,00     12,49      0,00      0,00     87,36
20:19:09          0      0,00      0,00      0,00      0,00      0,00      0,00    100,00      0,00      0,00      0,00
20:19:09          1      0,00      0,00      0,00      0,00      0,00      0,00    100,00      0,00      0,00      0,00
20:19:09          2      0,50      0,00      1,00      0,00      0,00      0,00      0,00      0,00      0,00     98,51
20:19:09          3      0,00      0,00      0,00      0,00      0,00      0,00      0,00      0,00      0,00    100,00
20:19:09          4      0,00      0,00      0,00      0,00      0,00      0,00      0,00      0,00      0,00    100,00
20:19:09          5      0,00      0,00      0,00      0,00      0,00      0,00      0,00      0,00      0,00    100,00
20:19:09          6      0,00      0,00      0,00      0,00      0,00      0,00      0,00      0,00      0,00    100,00
20:19:09          7      0,00      0,00      0,00      0,00      0,00      0,00      0,00      0,00      0,00    100,00
20:19:09          8      0,00      0,00      0,00      0,00      0,00      0,00      0,00      0,00      0,00    100,00
20:19:09          9      0,00      0,00      0,00      0,00      0,00      0,00      0,00      0,00      0,00    100,00
20:19:09         10      0,00      0,00      0,00      0,00      0,00      0,00      0,00      0,00      0,00    100,00
20:19:09         11      0,00      0,00      0,00      0,00      0,00      0,00      0,00      0,00      0,00    100,00
20:19:09         12      0,00      0,00      0,00      0,00      0,00      0,00      0,00      0,00      0,00    100,00
20:19:09         13      0,00      0,00      0,00      0,00      0,00      0,00      0,00      0,00      0,00    100,00
20:19:09         14      0,00      0,00      0,50      0,50      0,00      0,00      0,00      0,00      0,00     99,01
20:19:09         15      0,00      0,00      0,00      0,00      0,00      0,00      0,00      0,00      0,00    100,00

20:19:07        IFACE   rxpck/s   txpck/s    rxkB/s    txkB/s   rxcmp/s   txcmp/s  rxmcst/s   %ifutil
20:19:09           lo      0,00      0,00      0,00      0,00      0,00      0,00      0,00      0,00
20:19:09         eno1      2,00      0,00      0,13      0,00      0,00      0,00      1,00      0,00
20:19:09         eno2      0,00      0,00      0,00      0,00      0,00      0,00      0,00      0,00
20:19:09      docker0      0,00      0,00      0,00      0,00      0,00      0,00      0,00      0,00
20:19:09      ens2np0 341932,00 341919,50 340596,33 340583,88      0,00      0,00      0,00     27,90
20:19:09      ens2np1      0,00      0,00      0,00      0,00      0,00      0,00      0,00      0,00

20:19:09        CPU      %usr     %nice      %sys   %iowait    %steal      %irq     %soft    %guest    %gnice     %idle
20:19:11        all      0,84      0,00      0,28      0,03      0,00      0,00     12,51      0,00      0,00     86,34
20:19:11          0      0,00      0,00      0,00      0,00      0,00      0,00    100,00      0,00      0,00      0,00
20:19:11          1      0,00      0,00      0,00      0,00      0,00      0,00    100,00      0,00      0,00      0,00
20:19:11          2      4,48      0,00      1,00      0,50      0,00      0,00      0,50      0,00      0,00     93,53
20:19:11          3      0,50      0,00      0,50      0,00      0,00      0,00      0,00      0,00      0,00     99,00
20:19:11          4      0,50      0,00      0,00      0,00      0,00      0,00      0,00      0,00      0,00     99,50
20:19:11          5      1,98      0,00      1,49      0,00      0,00      0,00      0,00      0,00      0,00     96,53
20:19:11          6      0,50      0,00      0,00      0,00      0,00      0,00      0,00      0,00      0,00     99,50
20:19:11          7      1,00      0,00      0,00      0,00      0,00      0,00      0,00      0,00      0,00     99,00
20:19:11          8      0,50      0,00      0,00      0,00      0,00      0,00      0,00      0,00      0,00     99,50
20:19:11          9      0,00      0,00      0,00      0,00      0,00      0,00      0,00      0,00      0,00    100,00
20:19:11         10      1,00      0,00      0,50      0,00      0,00      0,00      0,00      0,00      0,00     98,50
20:19:11         11      1,00      0,00      0,00      0,00      0,00      0,00      0,00      0,00      0,00     99,00
20:19:11         12      0,00      0,00      0,50      0,00      0,00      0,00      0,00      0,00      0,00     99,50
20:19:11         13      0,50      0,00      0,50      0,00      0,00      0,00      0,00      0,00      0,00     99,00
20:19:11         14      0,50      0,00      0,00      0,00      0,00      0,00      0,00      0,00      0,00     99,50
20:19:11         15      1,00      0,00      0,00      0,00      0,00      0,00      0,00      0,00      0,00     99,00

20:19:09        IFACE   rxpck/s   txpck/s    rxkB/s    txkB/s   rxcmp/s   txcmp/s  rxmcst/s   %ifutil
20:19:11           lo      0,00      0,00      0,00      0,00      0,00      0,00      0,00      0,00
20:19:11         eno1      7,50      0,00      0,53      0,00      0,00      0,00      2,00      0,00
20:19:11         eno2      0,00      0,00      0,00      0,00      0,00      0,00      0,00      0,00
20:19:11      docker0      0,00      0,00      0,00      0,00      0,00      0,00      0,00      0,00
20:19:11      ens2np0 341308,00 341344,00 339974,77 340010,62      0,00      0,00      0,00     27,85
20:19:11      ens2np1      0,00      0,00      0,00      0,00      0,00      0,00      0,00      0,00

20:19:11        CPU      %usr     %nice      %sys   %iowait    %steal      %irq     %soft    %guest    %gnice     %idle
20:19:13        all      0,03      0,00      0,09      0,00      0,00      0,00     12,50      0,00      0,00     87,37
20:19:13          0      0,00      0,00      0,00      0,00      0,00      0,00    100,00      0,00      0,00      0,00
20:19:13          1      0,00      0,00      0,00      0,00      0,00      0,00    100,00      0,00      0,00      0,00
20:19:13          2      0,50      0,00      1,51      0,00      0,00      0,00      0,00      0,00      0,00     97,99
20:19:13          3      0,00      0,00      0,00      0,00      0,00      0,00      0,00      0,00      0,00    100,00
20:19:13          4      0,00      0,00      0,00      0,00      0,00      0,00      0,00      0,00      0,00    100,00
20:19:13          5      0,00      0,00      0,00      0,00      0,00      0,00      0,00      0,00      0,00    100,00
20:19:13          6      0,00      0,00      0,00      0,00      0,00      0,00      0,00      0,00      0,00    100,00
20:19:13          7      0,00      0,00      0,00      0,00      0,00      0,00      0,00      0,00      0,00    100,00
20:19:13          8      0,00      0,00      0,00      0,00      0,00      0,00      0,00      0,00      0,00    100,00
20:19:13          9      0,00      0,00      0,00      0,00      0,00      0,00      0,00      0,00      0,00    100,00
20:19:13         10      0,00      0,00      0,00      0,00      0,00      0,00      0,00      0,00      0,00    100,00
20:19:13         11      0,00      0,00      0,00      0,00      0,00      0,00      0,00      0,00      0,00    100,00
20:19:13         12      0,00      0,00      0,00      0,00      0,00      0,00      0,00      0,00      0,00    100,00
20:19:13         13      0,00      0,00      0,00      0,00      0,00      0,00      0,00      0,00      0,00    100,00
20:19:13         14      0,00      0,00      0,00      0,00      0,00      0,00      0,00      0,00      0,00    100,00
20:19:13         15      0,00      0,00      0,00      0,00      0,00      0,00      0,00      0,00      0,00    100,00

20:19:11        IFACE   rxpck/s   txpck/s    rxkB/s    txkB/s   rxcmp/s   txcmp/s  rxmcst/s   %ifutil
20:19:13           lo      0,00      0,00      0,00      0,00      0,00      0,00      0,00      0,00
20:19:13         eno1      5,50      0,00      0,35      0,00      0,00      0,00      1,50      0,00
20:19:13         eno2      0,00      0,00      0,00      0,00      0,00      0,00      0,00      0,00
20:19:13      docker0      0,00      0,00      0,00      0,00      0,00      0,00      0,00      0,00
20:19:13      ens2np0 341592,00 341600,50 340257,66 340266,12      0,00      0,00      0,00     27,87
20:19:13      ens2np1      0,00      0,00      0,00      0,00      0,00      0,00      0,00      0,00

20:19:13        CPU      %usr     %nice      %sys   %iowait    %steal      %irq     %soft    %guest    %gnice     %idle
20:19:15        all      0,00      0,00      0,13      0,00      0,00      0,00     12,54      0,00      0,00     87,34
20:19:15          0      0,00      0,00      0,00      0,00      0,00      0,00    100,00      0,00      0,00      0,00
20:19:15          1      0,00      0,00      0,50      0,00      0,00      0,00     99,50      0,00      0,00      0,00
20:19:15          2      0,00      0,00      1,49      0,00      0,00      0,00      0,50      0,00      0,00     98,01
20:19:15          3      0,00      0,00      0,00      0,00      0,00      0,00      0,00      0,00      0,00    100,00
20:19:15          4      0,00      0,00      0,00      0,00      0,00      0,00      0,00      0,00      0,00    100,00
20:19:15          5      0,00      0,00      0,00      0,00      0,00      0,00      0,00      0,00      0,00    100,00
20:19:15          6      0,00      0,00      0,00      0,00      0,00      0,00      0,00      0,00      0,00    100,00
20:19:15          7      0,00      0,00      0,00      0,00      0,00      0,00      0,00      0,00      0,00    100,00
20:19:15          8      0,00      0,00      0,00      0,00      0,00      0,00      0,00      0,00      0,00    100,00
20:19:15          9      0,00      0,00      0,00      0,00      0,00      0,00      0,00      0,00      0,00    100,00
20:19:15         10      0,00      0,00      0,00      0,00      0,00      0,00      0,00      0,00      0,00    100,00
20:19:15         11      0,00      0,00      0,00      0,00      0,00      0,00      0,00      0,00      0,00    100,00
20:19:15         12      0,00      0,00      0,00      0,00      0,00      0,00      0,00      0,00      0,00    100,00
20:19:15         13      0,00      0,00      0,00      0,00      0,00      0,00      0,00      0,00      0,00    100,00
20:19:15         14      0,00      0,00      0,00      0,00      0,00      0,00      0,00      0,00      0,00    100,00
20:19:15         15      0,00      0,00      0,00      0,00      0,00      0,00      0,00      0,00      0,00    100,00

20:19:13        IFACE   rxpck/s   txpck/s    rxkB/s    txkB/s   rxcmp/s   txcmp/s  rxmcst/s   %ifutil
20:19:15           lo      0,00      0,00      0,00      0,00      0,00      0,00      0,00      0,00
20:19:15         eno1      7,50      0,00      0,47      0,00      0,00      0,00      1,00      0,00
20:19:15         eno2      0,00      0,00      0,00      0,00      0,00      0,00      0,00      0,00
20:19:15      docker0      0,00      0,00      0,00      0,00      0,00      0,00      0,00      0,00
20:19:15      ens2np0 341772,00 341727,00 340436,95 340392,13      0,00      0,00      0,00     27,89
20:19:15      ens2np1      0,00      0,00      0,00      0,00      0,00      0,00      0,00      0,00

Average:        CPU      %usr     %nice      %sys   %iowait    %steal      %irq     %soft    %guest    %gnice     %idle
Average:        all      0,12      0,00      0,11      0,00      0,00      0,00      9,81      0,00      0,00     89,95
Average:          0      0,04      0,00      0,04      0,00      0,00      0,00     78,42      0,00      0,00     21,50
Average:          1      0,02      0,00      0,06      0,00      0,00      0,00     78,40      0,00      0,00     21,52
Average:          2      0,54      0,00      1,00      0,02      0,00      0,00      0,16      0,00      0,00     98,28
Average:          3      0,08      0,00      0,06      0,00      0,00      0,00      0,00      0,00      0,00     99,86
Average:          4      0,06      0,00      0,00      0,00      0,00      0,00      0,00      0,00      0,00     99,94
Average:          5      0,16      0,00      0,10      0,00      0,00      0,00      0,00      0,00      0,00     99,74
Average:          6      0,14      0,00      0,02      0,00      0,00      0,00      0,00      0,00      0,00     99,84
Average:          7      0,14      0,00      0,04      0,02      0,00      0,00      0,00      0,00      0,00     99,80
Average:          8      0,04      0,00      0,02      0,00      0,00      0,00      0,00      0,00      0,00     99,94
Average:          9      0,04      0,00      0,04      0,00      0,00      0,00      0,00      0,00      0,00     99,92
Average:         10      0,10      0,00      0,12      0,00      0,00      0,00      0,00      0,00      0,00     99,78
Average:         11      0,22      0,00      0,06      0,00      0,00      0,00      0,00      0,00      0,00     99,72
Average:         12      0,08      0,00      0,06      0,00      0,00      0,00      0,00      0,00      0,00     99,86
Average:         13      0,08      0,00      0,08      0,00      0,00      0,00      0,00      0,00      0,00     99,84
Average:         14      0,08      0,00      0,06      0,02      0,00      0,00      0,00      0,00      0,00     99,84
Average:         15      0,08      0,00      0,04      0,00      0,00      0,00      0,00      0,00      0,00     99,88

Average:        IFACE   rxpck/s   txpck/s    rxkB/s    txkB/s   rxcmp/s   txcmp/s  rxmcst/s   %ifutil
Average:           lo      0,00      0,00      0,00      0,00      0,00      0,00      0,00      0,00
Average:         eno1      5,40      0,72      0,44      0,13      0,00      0,00      1,10      0,00
Average:         eno2      0,00      0,00      0,00      0,00      0,00      0,00      0,00      0,00
Average:      docker0      0,00      0,00      0,00      0,00      0,00      0,00      0,00      0,00
Average:      ens2np0 267756,48 267753,52 266710,56 266707,61      0,00      0,00      0,00     21,85
Average:      ens2np1      0,00      0,00      0,00      0,00      0,00      0,00      0,00      0,00
