  Time    TX Packets     TX Packet Rate Avg TX Packet Rate    RX Packets     RX Packet Rate Avg RX Packet Rate       Latency mean  Core  Port
 1.000,     16062809,       16106739.74,       16096730.61,            0,              0.00,              0.00,              0.00,    1,    0
 1.500,            0,              0.00,              0.00,      1296773,         549450.55,         864554.54,          -1905.64,    2,    0
 2.000,     32160417,       16323763.96,       16097227.70,            0,              0.00,              0.00,              0.00,    1,    0
 2.500,            0,              0.00,              0.00,      2172232,        1249999.99,         868917.08,          -1137.62,    2,    0
 3.000,     48258025,       16009698.11,       16097361.48,            0,              0.00,              0.00,              0.00,    1,    0
 3.500,            0,              0.00,              0.00,      3048181,         343642.61,         870925.62,           -810.71,    2,    0
 4.000,     64357680,       16292581.98,       16097817.39,            0,              0.00,              0.00,              0.00,    1,    0
 4.500,            0,              0.00,              0.00,      3922440,         766283.53,         871666.63,           -630.01,    2,    0
 5.000,     80451194,       16139714.58,       16097046.95,            0,              0.00,              0.00,              0.00,    1,    0
 5.500,            0,              0.00,              0.00,      4799556,        1119402.98,         872657.56,           -514.87,    2,    0
 6.000,     96548802,       16165205.72,       16097113.84,            0,              0.00,              0.00,              0.00,    1,    0
 6.500,            0,              0.00,              0.00,      5678666,        2898550.69,         873650.26,           -435.17,    2,    0
 7.000,    112646410,       15922526.45,       16097070.85,            0,              0.00,              0.00,              0.00,    1,    0
 7.500,            0,              0.00,              0.00,      6555318,         129198.97,         874050.45,           -376.97,    2,    0
 8.000,    128741971,       16248610.89,       16097007.43,            0,              0.00,              0.00,              0.00,    1,    0
 8.500,            0,              0.00,              0.00,      7431463,         127064.80,         874296.56,           -332.53,    2,    0
 9.000,    144839579,       16216430.33,       16097173.77,            0,              0.00,              0.00,              0.00,    1,    0
 9.500,            0,              0.00,              0.00,      8298236,         430107.53,         873504.84,           -297.79,    2,    0
10.000,    160937187,       16068765.21,       16097112.58,            0,              0.00,              0.00,              0.00,    1,    0
10.500,            0,              0.00,              0.00,      9173095,         230149.60,         873633.72,           -269.39,    2,    0
11.000,    177036842,       16139714.58,       16097366.33,            0,              0.00,              0.00,              0.00,    1,    0
11.500,            0,              0.00,              0.00,     10046247,         645161.30,         873591.92,           -245.98,    2,    0
12.000,    193138544,       16014708.18,       16097689.73,            0,              0.00,              0.00,              0.00,    1,    0
12.500,            0,              0.00,              0.00,     10920431,         431066.52,         873639.11,           -226.29,    2,    0
13.000,    209232058,       16056161.27,       16097423.03,            0,              0.00,              0.00,              0.00,    1,    0
13.500,            0,              0.00,              0.00,     11795634,        1960784.29,         873755.18,           -209.50,    2,    0
14.000,    225327619,       16092767.29,       16097319.70,            0,              0.00,              0.00,              0.00,    1,    0
14.500,            0,              0.00,              0.00,     12671230,         383141.76,         873882.10,           -195.02,    2,    0
15.000,    241423180,       15999687.35,       16097194.54,            0,              0.00,              0.00,              0.00,    1,    0
15.500,            0,              0.00,              0.00,     13546644,        1818181.88,         873980.96,           -364.84,    2,    0
16.000,    257524882,       16010950.33,       16097448.96,            0,              0.00,              0.00,              0.00,    1,    0
16.500,            0,              0.00,              0.00,     14423611,         804289.54,         874161.89,           -342.65,    2,    0
17.000,    273620443,       16224142.03,       16097268.13,            0,              0.00,              0.00,              0.00,    1,    0
17.500,            0,              0.00,              0.00,     15298248,         257069.41,         874189.07,           -323.06,    2,    0
18.000,    289720098,       16081388.96,       16097461.05,            0,              0.00,              0.00,              0.00,    1,    0
18.500,            0,              0.00,              0.00,     16172858,        1257861.65,         874211.81,           -305.59,    2,    0
19.000,    305813612,       16041062.61,       16097263.38,            0,              0.00,              0.00,              0.00,    1,    0
19.500,            0,              0.00,              0.00,     17044858,         549450.55,         874098.31,           -289.96,    2,    0
20.000,    321911220,       16078862.62,       16097312.50,            0,              0.00,              0.00,              0.00,    1,    0
20.500,            0,              0.00,              0.00,     17919334,        4054053.95,         874116.82,           -275.81,    2,    0
21.000,    338008828,       16086444.01,       16097266.77,            0,              0.00,              0.00,              0.00,    1,    0
21.500,            0,              0.00,              0.00,     18794501,        1266099.09,         874165.64,           -262.96,    2,    0
22.000,    354110530,       16130811.66,       16097438.18,            0,              0.00,              0.00,              0.00,    1,    0
22.500,            0,              0.00,              0.00,     19671336,         114155.25,         874284.19,           -251.24,    2,    0
23.000,    370212232,       16135897.84,       16097635.77,            0,              0.00,              0.00,              0.00,    1,    0
23.500,            0,              0.00,              0.00,     20547508,         215517.24,         874364.55,           -240.53,    2,    0
24.000,    386313934,       16039805.67,       16097804.08,            0,              0.00,              0.00,              0.00,    1,    0
24.500,            0,              0.00,              0.00,     21424200,         280898.88,         874459.58,           -230.69,    2,    0
25.000,    402411542,       16082652.42,       16097847.88,            0,              0.00,              0.00,              0.00,    1,    0
25.500,            0,              0.00,              0.00,     22300461,        1127819.56,         874530.22,           -221.62,    2,    0
26.000,    418505056,       16128269.78,       16097688.28,            0,              0.00,              0.00,              0.00,    1,    0
26.500,            0,              0.00,              0.00,     23176003,        1875000.01,         874568.44,           -213.25,    2,    0
27.000,    434606758,       16130811.66,       16097773.12,            0,              0.00,              0.00,              0.00,    1,    0
27.500,            0,              0.00,              0.00,     24045502,         150375.94,         874384.02,           -205.54,    2,    0
28.000,    450706413,       15956037.10,       16097869.49,            0,              0.00,              0.00,              0.00,    1,    0
28.500,            0,              0.00,              0.00,     24920784,         373134.33,         874415.59,           -198.32,    2,    0
29.000,    466799927,       16160101.05,       16097751.20,            0,              0.00,              0.00,              0.00,    1,    0
29.500,            0,              0.00,              0.00,     25787661,         431034.48,         874160.01,           -191.65,    2,    0
30.000,    482901629,       16165205.72,       16097848.16,            0,              0.00,              0.00,              0.00,    1,    0
30.500,            0,              0.00,              0.00,     26661531,         295420.97,         874150.39,           -185.37,    2,    0
31.000,    498997190,       16049866.71,       16097780.48,            0,              0.00,              0.00,              0.00,    1,    0
31.500,            0,              0.00,              0.00,     27535228,        1272264.62,         874136.13,           -179.49,    2,    0
32.000,    515092751,       16042319.75,       16097717.28,            0,              0.00,              0.00,              0.00,    1,    0
32.500,            0,              0.00,              0.00,     28410990,         537684.25,         874186.17,           -173.96,    2,    0
33.000,    531192406,       16188216.69,       16097779.33,            0,              0.00,              0.00,              0.00,    1,    0
33.500,            0,              0.00,              0.00,     29286493,        1413427.56,         874225.48,           -168.76,    2,    0
34.000,    547294108,       16121918.56,       16097877.20,            0,              0.00,              0.00,              0.00,    1,    0
34.500,            0,              0.00,              0.00,     30161046,        1190476.19,         874234.98,           -163.86,    2,    0
35.000,    563393763,       15884224.41,       16097951.52,            0,              0.00,              0.00,              0.00,    1,    0
35.500,            0,              0.00,              0.00,     31036257,         522193.21,         874262.46,           -159.24,    2,    0
36.000,    579495465,       15990938.21,       16098042.18,            0,              0.00,              0.00,              0.00,    1,    0
36.500,            0,              0.00,              0.00,     31908100,        3508771.95,         874196.18,           -154.89,    2,    0
37.000,    595593073,       15990938.21,       16098053.34,            0,              0.00,              0.00,              0.00,    1,    0
37.500,            0,              0.00,              0.00,     32785470,        1212121.21,         874280.76,           -150.74,    2,    0
38.000,    611690681,       16111767.02,       16097996.58,            0,              0.00,              0.00,              0.00,    1,    0
38.500,            0,              0.00,              0.00,     33665350,         151057.40,         874426.17,           -146.80,    2,    0
39.000,    627792383,       16109231.13,       16098101.25,            0,              0.00,              0.00,              0.00,    1,    0
39.500,            0,              0.00,              0.00,     34538141,         319488.82,         874384.86,           -143.09,    2,    0
40.000,    643894085,       16206159.45,       16098194.15,            0,              0.00,              0.00,              0.00,    1,    0
40.500,            0,              0.00,              0.00,     35415730,         649496.07,         874463.97,           -139.55,    2,    0
41.000,    659989646,       16176703.02,       16098133.48,            0,              0.00,              0.00,              0.00,    1,    0
41.500,            0,              0.00,              0.00,     36292487,         763358.78,         874519.21,           -136.18,    2,    0
42.000,    676091348,       16082652.42,       16098210.64,            0,              0.00,              0.00,              0.00,    1,    0
42.500,            0,              0.00,              0.00,     37171778,        1098901.09,         874631.51,           -132.96,    2,    0
43.000,    692191003,       16280919.43,       16098272.90,            0,              0.00,              0.00,              0.00,    1,    0
43.500,            0,              0.00,              0.00,     38052670,         442500.38,         874775.32,           -129.88,    2,    0
44.000,    708290658,       16059940.38,       16098300.20,            0,              0.00,              0.00,              0.00,    1,    0
44.500,            0,              0.00,              0.00,     38931711,         606060.61,         874871.27,           -126.95,    2,    0
45.000,    724388266,       16003439.92,       16098255.28,            0,              0.00,              0.00,              0.00,    1,    0
45.500,            0,              0.00,              0.00,     39812597,        1282051.27,         875003.47,           -124.14,    2,    0
46.000,    740485874,       16194620.25,       16098251.24,            0,              0.00,              0.00,              0.00,    1,    0
46.500,            0,              0.00,              0.00,     40693641,         148596.02,         875133.29,           -121.45,    2,    0
47.000,    756585529,       16240875.91,       16098286.73,            0,              0.00,              0.00,              0.00,    1,    0
47.500,            0,              0.00,              0.00,     41573729,         609756.10,         875237.68,           -178.32,    2,    0
48.000,    772685184,       16106696.04,       16098306.43,            0,              0.00,              0.00,              0.00,    1,    0
48.500,            0,              0.00,              0.00,     42455032,         645161.29,         875362.73,           -174.62,    2,    0
49.000,    788778698,       15957280.95,       16098213.09,            0,              0.00,              0.00,              0.00,    1,    0
49.500,            0,              0.00,              0.00,     43337764,        1012658.23,         875511.56,           -171.06,    2,    0
50.000,    804878353,       16044834.61,       16098230.85,            0,              0.00,              0.00,              0.00,    1,    0
50.500,            0,              0.00,              0.00,     44217010,         390625.00,         875585.54,           -167.66,    2,    0
51.000,    820980055,       16139714.58,       16098306.34,            0,              0.00,              0.00,              0.00,    1,    0
51.500,            0,              0.00,              0.00,     45098520,         114416.48,         875700.53,           -164.38,    2,    0
52.000,    837081757,       16110498.98,       16098372.38,            0,              0.00,              0.00,              0.00,    1,    0
52.500,            0,              0.00,              0.00,     45978990,         392156.87,         875791.45,           -161.23,    2,    0
53.000,    853181412,       16144806.37,       16098423.67,            0,              0.00,              0.00,              0.00,    1,    0
53.500,            0,              0.00,              0.00,     46861531,        3125000.02,         875917.61,           -158.20,    2,    0
54.000,    869285161,       16238299.22,       16098487.72,            0,              0.00,              0.00,              0.00,    1,    0
54.500,            0,              0.00,              0.00,     47745377,         207468.88,         876063.04,           -155.27,    2,    0
55.000,    885378675,       15944851.23,       16098421.24,            0,              0.00,              0.00,              0.00,    1,    0
55.500,            0,              0.00,              0.00,     48616208,         177619.89,         875968.80,           -152.49,    2,    0
56.000,    901478330,       16165205.72,       16098452.39,            0,              0.00,              0.00,              0.00,    1,    0
56.500,            0,              0.00,              0.00,     49493026,        3450327.23,         875983.84,           -149.79,    2,    0
57.000,    917571844,       16070026.69,       16098355.76,            0,              0.00,              0.00,              0.00,    1,    0
57.500,            0,              0.00,              0.00,     50370359,         389105.06,         876007.28,           -147.18,    2,    0
58.000,    933669452,       16176703.02,       16098327.68,            0,              0.00,              0.00,              0.00,    1,    0
58.500,            0,              0.00,              0.00,     51246489,         549450.55,         876009.36,           -144.66,    2,    0
59.000,    949762966,       15964748.09,       16098253.25,            0,              0.00,              0.00,              0.00,    1,    0
59.500,            0,              0.00,              0.00,     52122417,        1049077.53,         876008.00,           -142.23,    2,    0
60.000,    965860574,       16100361.81,       16098247.24,            0,              0.00,              0.00,              0.00,    1,    0
