  Time    TX Packets     TX Packet Rate Avg TX Packet Rate    RX Packets     RX Packet Rate Avg RX Packet Rate       Latency mean  Core  Port
 1.000,      8947437,        8939254.99,        9013937.69,            0,              0.00,              0.00,              0.00,    1,    0
 1.500,            0,              0.00,              0.00,       576271,         224215.25,         384201.30,                    0.0419912188,    2,    0
 2.000,     17941955,        9001759.02,        9004295.19,            0,              0.00,              0.00,              0.00,    1,    0
 2.500,            0,              0.00,              0.00,       964610,         222717.15,         385856.27,                    0.0421063192,    2,    0
 3.000,     26928285,        8998593.28,        8997867.98,            0,              0.00,              0.00,              0.00,    1,    0
 3.500,            0,              0.00,              0.00,      1351253,         132978.72,         386080.86,                    0.0422053896,    2,    0
 4.000,     35908474,        9007304.41,        8993622.36,            0,              0.00,              0.00,              0.00,    1,    0
 4.500,            0,              0.00,              0.00,      1739329,         223713.65,         386524.32,                    0.0422267232,    2,    0
 5.000,     44886616,        8979645.55,        8990485.05,            0,              0.00,              0.00,              0.00,    1,    0
 5.500,            0,              0.00,              0.00,      2127786,         219298.25,         386875.78,                    0.0422325918,    2,    0
 6.000,     53862711,        8983980.69,        8988069.44,            0,              0.00,              0.00,              0.00,    1,    0
 6.500,            0,              0.00,              0.00,      2516968,         699300.70,         387230.77,                    0.0422252556,    2,    0
 7.000,     62838806,        9029554.48,        8986269.80,            0,              0.00,              0.00,              0.00,    1,    0
 7.500,            0,              0.00,              0.00,      2906233,         181818.18,         387501.91,                    0.0422178537,    2,    0
 8.000,     71814901,        8925223.46,        8984973.91,            0,              0.00,              0.00,              0.00,    1,    0
 8.500,            0,              0.00,              0.00,      3295553,         675675.68,         387715.85,                    0.0422119496,    2,    0
 9.000,     80786902,        8991083.59,        8983718.82,            0,              0.00,              0.00,              0.00,    1,    0
 9.500,            0,              0.00,              0.00,      3684948,         704225.33,         387892.60,                    0.0422065323,    2,    0
10.000,     89760950,        8941597.87,        8982568.51,            0,              0.00,              0.00,              0.00,    1,    0
10.500,            0,              0.00,              0.00,      4074187,         104712.04,         388020.68,                    0.0422034649,    2,    0
11.000,     98730904,        9006511.79,        8981541.44,            0,              0.00,              0.00,              0.00,    1,    0
11.500,            0,              0.00,              0.00,      4462213,         568181.83,         388021.32,                    0.0422119459,    2,    0
12.000,    107700858,        8981615.55,        8980569.85,            0,              0.00,              0.00,              0.00,    1,    0
12.500,            0,              0.00,              0.00,      4850358,         284900.28,         388031.19,                    0.0422185394,    2,    0
13.000,    116668765,        8993848.86,        8979573.65,            0,              0.00,              0.00,              0.00,    1,    0
13.500,            0,              0.00,              0.00,      5238649,         180505.41,         388050.44,                    0.0422223991,    2,    0
14.000,    125634625,        8987925.36,        8978652.26,            0,              0.00,              0.00,              0.00,    1,    0
14.500,            0,              0.00,              0.00,      5627363,         699300.70,         388096.20,                    0.0422235907,    2,    0
15.000,    134602532,        8949025.09,        8977841.87,            0,              0.00,              0.00,              0.00,    1,    0
15.500,            0,              0.00,              0.00,      6015451,         116550.12,         388095.50,                    0.0422284442,    2,    0
16.000,    143568392,        9092524.32,        8977069.20,            0,              0.00,              0.00,              0.00,    1,    0
16.500,            0,              0.00,              0.00,      6403922,         409836.07,         388118.42,                    0.0422302492,    2,    0
17.000,    152534252,        8949025.09,        8976406.77,            0,              0.00,              0.00,              0.00,    1,    0
17.500,            0,              0.00,              0.00,      6792030,         133155.79,         388117.75,                    0.0422341551,    2,    0
18.000,    161498065,        8980827.45,        8975803.14,            0,              0.00,              0.00,              0.00,    1,    0
18.500,            0,              0.00,              0.00,      7180109,         171232.88,         388115.68,                    0.0422376928,    2,    0
19.000,    170463925,        8947851.55,        8975234.67,            0,              0.00,              0.00,              0.00,    1,    0
19.500,            0,              0.00,              0.00,      7568162,         289017.34,         388112.50,                    0.0422410829,    2,    0
20.000,    179427738,        8949807.63,        8974716.29,            0,              0.00,              0.00,              0.00,    1,    0
20.500,            0,              0.00,              0.00,      7956230,         133155.79,         388110.28,                    0.0422440457,    2,    0
21.000,    188393598,        8946678.32,        8974271.73,            0,              0.00,              0.00,              0.00,    1,    0
21.500,            0,              0.00,              0.00,      8345059,         177304.97,         388143.69,                    0.0422431243,    2,    0
22.000,    197359458,        8946678.32,        8973823.21,            0,              0.00,              0.00,              0.00,    1,    0
22.500,            0,              0.00,              0.00,      8733588,         431034.48,         388160.90,                    0.0422434098,    2,    0
23.000,    206323271,        8954505.69,        8973430.18,            0,              0.00,              0.00,              0.00,    1,    0
23.500,            0,              0.00,              0.00,      9122236,         286532.95,         388181.60,                    0.0422431509,    2,    0
24.000,    215287084,        8980039.48,        8973063.40,            0,              0.00,              0.00,              0.00,    1,    0
24.500,            0,              0.00,              0.00,      9510257,         222222.22,         388175.02,                    0.0422456857,    2,    0
25.000,    224252944,        8968629.51,        8972706.91,            0,              0.00,              0.00,              0.00,    1,    0
25.500,            0,              0.00,              0.00,      9899030,         280112.05,         388198.47,                    0.0422449439,    2,    0
26.000,    233216757,        8939645.38,        8972360.60,            0,              0.00,              0.00,              0.00,    1,    0
26.500,            0,              0.00,              0.00,     10286894,         288184.44,         388185.86,                    0.0422479133,    2,    0
27.000,    242178523,        8960385.21,        8972022.75,            0,              0.00,              0.00,              0.00,    1,    0
27.500,            0,              0.00,              0.00,     10674977,         403225.81,         388182.15,                    0.0422498099,    2,    0
28.000,    251142336,        9065544.73,        8971734.86,            0,              0.00,              0.00,              0.00,    1,    0
28.500,            0,              0.00,              0.00,     11063152,         273972.60,         388181.89,                    0.0422513815,    2,    0
29.000,    260106149,        8933793.04,        8971448.70,            0,              0.00,              0.00,              0.00,    1,    0
29.500,            0,              0.00,              0.00,     11451872,         408163.26,         388200.14,                    0.0422505976,    2,    0
30.000,    269069962,        8984769.35,        8971192.74,            0,              0.00,              0.00,              0.00,    1,    0
30.500,            0,              0.00,              0.00,     11839996,         393700.78,         388197.62,                    0.0422520929,    2,    0
31.000,    278033775,        8969808.51,        8970949.73,            0,              0.00,              0.00,              0.00,    1,    0
31.500,            0,              0.00,              0.00,     12228408,         387596.90,         388204.43,                 -202.0439217964,    2,    0
32.000,    286997588,        8931454.25,        8970702.15,            0,              0.00,              0.00,              0.00,    1,    0
32.500,            0,              0.00,              0.00,     12616603,         288184.44,         388204.15,                 -195.8260153361,    2,    0
33.000,    295959354,        8951764.55,        8970467.59,            0,              0.00,              0.00,              0.00,    1,    0
33.500,            0,              0.00,              0.00,     13005064,         699300.70,         388211.82,                 -189.9754340607,    2,    0
34.000,    304923167,        8894972.41,        8970230.63,            0,              0.00,              0.00,              0.00,    1,    0
34.500,            0,              0.00,              0.00,     13392790,         289017.34,         388197.71,                 -184.4743523638,    2,    0
35.000,    313884933,        8971380.99,        8970018.01,            0,              0.00,              0.00,              0.00,    1,    0
35.500,            0,              0.00,              0.00,     13780846,         289855.07,         388193.73,                 -179.2785323273,    2,    0
36.000,    322846699,        8987136.14,        8969795.40,            0,              0.00,              0.00,              0.00,    1,    0
36.500,            0,              0.00,              0.00,     14169414,         280112.05,         388203.99,                 -174.3610166797,    2,    0
37.000,    331810512,        8974527.60,        8969600.57,            0,              0.00,              0.00,              0.00,    1,    0
37.500,            0,              0.00,              0.00,     14557465,         408163.26,         388199.91,                 -169.7120352803,    2,    0
38.000,    340772278,        8922889.15,        8969420.38,            0,              0.00,              0.00,              0.00,    1,    0
38.500,            0,              0.00,              0.00,     14945483,         132984.82,         388195.16,                 -165.3048347475,    2,    0
39.000,    349736091,        9021595.42,        8969255.29,            0,              0.00,              0.00,              0.00,    1,    0
39.500,            0,              0.00,              0.00,     15333600,         289855.07,         388193.19,                 -161.1196445066,    2,    0
40.000,    358697857,        8988714.71,        8969063.21,            0,              0.00,              0.00,              0.00,    1,    0
40.500,            0,              0.00,              0.00,     15722006,         704225.36,         388198.46,                 -157.1382026880,    2,    0
41.000,    367659623,        8968236.58,        8968900.81,            0,              0.00,              0.00,              0.00,    1,    0
41.500,            0,              0.00,              0.00,     16110048,         223214.28,         388194.70,                 -153.3522028236,    2,    0
42.000,    376619342,        8925223.46,        8968712.06,            0,              0.00,              0.00,              0.00,    1,    0
42.500,            0,              0.00,              0.00,     16498265,         609884.33,         388195.22,                 -149.7427112593,    2,    0
43.000,    385581108,        8963131.62,        8968544.42,            0,              0.00,              0.00,              0.00,    1,    0
43.500,            0,              0.00,              0.00,     16887545,         222222.22,         388220.13,                 -146.2899738280,    2,    0
44.000,    394544921,        8967843.69,        8968397.81,            0,              0.00,              0.00,              0.00,    1,    0
44.500,            0,              0.00,              0.00,     17275474,         694444.44,         388213.61,                 -143.0040125269,    2,    0
45.000,    403506687,        8900386.97,        8968265.48,            0,              0.00,              0.00,              0.00,    1,    0
45.500,            0,              0.00,              0.00,     17664311,         259740.26,         388227.29,                 -139.8551963761,    2,    0
46.000,    412468453,        8915893.55,        8968132.58,            0,              0.00,              0.00,              0.00,    1,    0
46.500,            0,              0.00,              0.00,     18052708,         181818.18,         388230.95,                 -136.8453568292,    2,    0
47.000,    421430219,        8969022.48,        8968006.80,            0,              0.00,              0.00,              0.00,    1,    0
47.500,            0,              0.00,              0.00,     18440939,         287356.32,         388230.97,                 -133.9635065246,    2,    0
48.000,    430391985,        8971380.99,        8967885.27,            0,              0.00,              0.00,              0.00,    1,    0
48.500,            0,              0.00,              0.00,     18829065,         694610.77,         388228.81,                 -131.2012272476,    2,    0
49.000,    439355798,        8900773.98,        8967786.57,            0,              0.00,              0.00,              0.00,    1,    0
49.500,            0,              0.00,              0.00,     19217326,         260756.19,         388229.42,                 -128.5496234056,    2,    0
50.000,    448317564,        8947851.55,        8967675.25,            0,              0.00,              0.00,              0.00,    1,    0
50.500,            0,              0.00,              0.00,     19605568,         289017.34,         388229.70,                 -126.0031642087,    2,    0
51.000,    457279330,        8950981.68,        8967558.08,            0,              0.00,              0.00,              0.00,    1,    0
51.500,            0,              0.00,              0.00,     19994295,         223214.28,         388239.35,                 -123.5526027560,    2,    0
52.000,    466243143,        8940426.27,        8967456.57,            0,              0.00,              0.00,              0.00,    1,    0
52.500,            0,              0.00,              0.00,     20382560,         287356.32,         388239.85,                 -121.1982583233,    2,    0
53.000,    475202862,        8969022.48,        8967343.16,            0,              0.00,              0.00,              0.00,    1,    0
53.500,            0,              0.00,              0.00,     20770659,         181159.42,         388237.19,                 -118.9328829245,    2,    0
54.000,    484164628,        8928727.21,        8967240.56,            0,              0.00,              0.00,              0.00,    1,    0
54.500,            0,              0.00,              0.00,     21158235,         114810.56,         388225.06,                 -116.7534976643,    2,    0
55.000,    493126394,        8856870.89,        8967136.21,            0,              0.00,              0.00,              0.00,    1,    0
55.500,            0,              0.00,              0.00,     21545938,         689655.17,         388215.68,                 -114.6518440562,    2,    0
56.000,    502088160,        9021197.83,        8967033.31,            0,              0.00,              0.00,              0.00,    1,    0
56.500,            0,              0.00,              0.00,     21934103,         408163.26,         388214.78,                 -112.6221167162,    2,    0
57.000,    511047879,        8896132.12,        8966913.51,            0,              0.00,              0.00,              0.00,    1,    0
57.500,            0,              0.00,              0.00,     22322634,         694444.44,         388220.27,                 -110.6611653441,    2,    0
58.000,    520007598,        8969022.48,        8966794.36,            0,              0.00,              0.00,              0.00,    1,    0
58.500,            0,              0.00,              0.00,     22711110,         704225.36,         388224.65,                 -108.7675712574,    2,    0
59.000,    528969364,        8908521.19,        8966695.36,            0,              0.00,              0.00,              0.00,    1,    0
59.500,            0,              0.00,              0.00,     23099110,        1119402.98,         388220.87,                 -106.9398717118,    2,    0
60.000,    537931130,        8972560.71,        8966611.53,            0,              0.00,              0.00,              0.00,    1,    0
