  Time    TX Packets     TX Packet Rate Avg TX Packet Rate    RX Packets     RX Packet Rate Avg RX Packet Rate       Latency mean  Core  Port
 1.000,     16060762,       16071288.38,       16097967.62,            0,              0.00,              0.00,              0.00,    1,    0
 1.500,            0,              0.00,              0.00,      7385437,       12903226.61,        4923883.86,                    0.0017914644,    2,    0
 2.000,     32160417,       16133354.36,       16098222.09,            0,              0.00,              0.00,              0.00,    1,    0
 2.500,            0,              0.00,              0.00,     12369603,        1123595.55,        4947994.65,                    0.0017850172,    2,    0
 3.000,     48262119,       16000938.02,       16099401.08,            0,              0.00,              0.00,              0.00,    1,    0
 3.500,            0,              0.00,              0.00,     17356951,        8695652.44,        4959240.28,                    0.0017819324,    2,    0
 4.000,     64353586,       16048608.39,       16097746.03,            0,              0.00,              0.00,              0.00,    1,    0
 4.500,            0,              0.00,              0.00,     22340610,         151057.40,        4964664.02,                    0.0017721360,    2,    0
 5.000,     80457335,       16104161.75,       16098747.43,            0,              0.00,              0.00,              0.00,    1,    0
 5.500,            0,              0.00,              0.00,     27331343,        3389830.43,        4969406.22,                    0.0017723267,    2,    0
 6.000,     96559037,       16094032.56,       16099413.56,            0,              0.00,              0.00,              0.00,    1,    0
 6.500,            0,              0.00,              0.00,     32320780,        1785714.20,        4972487.93,                    0.0017725540,    2,    0
 7.000,    112660739,       16057420.78,       16099650.90,            0,              0.00,              0.00,              0.00,    1,    0
 7.500,            0,              0.00,              0.00,     37294058,        7692307.48,        4972593.19,                    0.0017734142,    2,    0
 8.000,    128764488,       16358986.65,       16100018.25,            0,              0.00,              0.00,              0.00,    1,    0
 8.500,            0,              0.00,              0.00,     42279064,         384615.38,        4974053.26,                    0.0017736287,    2,    0
 9.000,    144866190,       16054901.97,       16100288.94,            0,              0.00,              0.00,              0.00,    1,    0
 9.500,            0,              0.00,              0.00,     47264016,        1818181.88,        4975200.89,                    0.0017737927,    2,    0
10.000,    160965845,       16062460.78,       16100183.97,            0,              0.00,              0.00,              0.00,    1,    0
10.500,            0,              0.00,              0.00,     52249666,         177001.95,        4976195.54,                    0.0017739018,    2,    0
11.000,    177065500,       16054901.95,       16100270.00,            0,              0.00,              0.00,              0.00,    1,    0
11.500,            0,              0.00,              0.00,     57234498,         130718.95,        4976944.14,                    0.0017740131,    2,    0
12.000,    193173343,       16037292.39,       16100801.91,            0,              0.00,              0.00,              0.00,    1,    0
12.500,            0,              0.00,              0.00,     62219366,        7352940.26,        4977580.67,                    0.0017741065,    2,    0
13.000,    209277092,       16189496.99,       16101078.92,            0,              0.00,              0.00,              0.00,    1,    0
13.500,            0,              0.00,              0.00,     67209291,        3278688.37,        4978495.09,                    0.0017740641,    2,    0
14.000,    225380841,       16061200.48,       16101304.77,            0,              0.00,              0.00,              0.00,    1,    0
14.500,            0,              0.00,              0.00,     72191363,         350262.70,        4978741.67,                    0.0017742012,    2,    0
15.000,    241482543,       16165205.71,       16101293.13,            0,              0.00,              0.00,              0.00,    1,    0
15.500,            0,              0.00,              0.00,     77176330,         645161.25,        4979143.16,                    0.0017742587,    2,    0
16.000,    257588339,       16120648.92,       16101525.77,            0,              0.00,              0.00,              0.00,    1,    0
16.500,            0,              0.00,              0.00,     82165699,         353356.89,        4979762.61,                    0.0017742239,    2,    0
17.000,    273694135,       16022229.19,       16101789.08,            0,              0.00,              0.00,              0.00,    1,    0
17.500,            0,              0.00,              0.00,     87133128,        3296703.15,        4979058.24,                    0.0017745997,    2,    0
18.000,    289791743,       16216430.33,       16101571.98,            0,              0.00,              0.00,              0.00,    1,    0
18.500,            0,              0.00,              0.00,     92118405,        1503759.43,        4979393.96,                    0.0017746218,    2,    0
19.000,    305897539,       16051125.23,       16101797.97,            0,              0.00,              0.00,              0.00,    1,    0
19.500,            0,              0.00,              0.00,     97108289,       14254385.67,        4979931.33,                    0.0017745675,    2,    0
20.000,    321995147,       16063721.26,       16101537.79,            0,              0.00,              0.00,              0.00,    1,    0
20.500,            0,              0.00,              0.00,    102097156,         259403.37,        4980367.39,                    0.0017728532,    2,    0
21.000,    338096849,       16054901.97,       16101576.61,            0,              0.00,              0.00,              0.00,    1,    0
21.500,            0,              0.00,              0.00,    107087072,        8349514.57,        4980811.62,                    0.0017728857,    2,    0
22.000,    354192410,       16009698.10,       16101321.49,            0,              0.00,              0.00,              0.00,    1,    0
22.500,            0,              0.00,              0.00,    112079374,        1127819.57,        4981322.51,                    0.0017728778,    2,    0
23.000,    370298206,       16003439.91,       16101551.36,            0,              0.00,              0.00,              0.00,    1,    0
23.500,            0,              0.00,              0.00,    117066792,       13986014.01,        4981582.31,                    0.0017729412,    2,    0
24.000,    386395814,       16167759.27,       16101381.35,            0,              0.00,              0.00,              0.00,    1,    0
24.500,            0,              0.00,              0.00,    122056562,        9923664.86,        4981916.40,                    0.0017729677,    2,    0
25.000,    402493422,       16128269.78,       16101180.69,            0,              0.00,              0.00,              0.00,    1,    0
25.500,            0,              0.00,              0.00,    127043588,         344827.58,        4982116.06,                    0.0017730276,    2,    0
26.000,    418591030,       16039805.68,       16101019.05,            0,              0.00,              0.00,              0.00,    1,    0
26.500,            0,              0.00,              0.00,    132033569,        6060605.89,        4982413.50,                    0.0017730428,    2,    0
27.000,    434694779,       16075074.60,       16101195.29,            0,              0.00,              0.00,              0.00,    1,    0
27.500,            0,              0.00,              0.00,    137000987,        4838710.28,        4981868.32,                    0.0017733277,    2,    0
28.000,    450788293,       16211293.26,       16100887.73,            0,              0.00,              0.00,              0.00,    1,    0
28.500,            0,              0.00,              0.00,    141985814,         621118.00,        4981972.05,                    0.0017733947,    2,    0
29.000,    466894089,       16075074.61,       16101070.20,            0,              0.00,              0.00,              0.00,    1,    0
29.500,            0,              0.00,              0.00,    146974044,        3278688.57,        4982184.19,                    0.0017734193,    2,    0
30.000,    482995791,       15995936.55,       16101085.16,            0,              0.00,              0.00,              0.00,    1,    0
30.500,            0,              0.00,              0.00,    151965318,         590841.95,        4982481.96,                    0.0017734073,    2,    0
31.000,    499099540,       16009741.29,       16101186.55,            0,              0.00,              0.00,              0.00,    1,    0
31.500,            0,              0.00,              0.00,    156953812,        2808988.69,        4982673.13,                    0.0017734237,    2,    0
32.000,    515205336,       16183097.48,       16101296.55,            0,              0.00,              0.00,              0.00,    1,    0
32.500,            0,              0.00,              0.00,    161945377,        6741572.85,        4982946.75,                    0.0017734126,    2,    0
33.000,    531307038,       15984694.68,       16101313.41,            0,              0.00,              0.00,              0.00,    1,    0
33.500,            0,              0.00,              0.00,    166937247,        2985074.28,        4983213.15,                    0.0017733970,    2,    0
34.000,    547412834,       16169036.33,       16101476.45,            0,              0.00,              0.00,              0.00,    1,    0
34.500,            0,              0.00,              0.00,    171922841,        7692307.48,        4983282.11,                    0.0017734377,    2,    0
35.000,    563518630,       15975961.93,       16101593.97,            0,              0.00,              0.00,              0.00,    1,    0
35.500,            0,              0.00,              0.00,    176911578,        3704379.71,        4983435.76,                    0.0017734496,    2,    0
36.000,    579622379,       16067503.93,       16101627.34,            0,              0.00,              0.00,              0.00,    1,    0
36.500,            0,              0.00,              0.00,    181903748,         230680.51,        4983674.65,                    0.0017734278,    2,    0
37.000,    595722034,       16009698.10,       16101562.69,            0,              0.00,              0.00,              0.00,    1,    0
37.500,            0,              0.00,              0.00,    186892572,        6153846.65,        4983812.37,                    0.0017734409,    2,    0
38.000,    611823736,       16167759.25,       16101563.48,            0,              0.00,              0.00,              0.00,    1,    0
38.500,            0,              0.00,              0.00,    191865283,         215533.26,        4983523.58,                    0.0017735907,    2,    0
39.000,    627929532,       16121918.56,       16101702.19,            0,              0.00,              0.00,              0.00,    1,    0
39.500,            0,              0.00,              0.00,    196851421,         384615.38,        4983589.95,                    0.0017736182,    2,    0
40.000,    644035328,       16228000.63,       16101813.41,            0,              0.00,              0.00,              0.00,    1,    0
40.500,            0,              0.00,              0.00,    201836951,        2907559.82,        4983638.07,                    0.0017736493,    2,    0
41.000,    660143171,       16101628.25,       16101929.04,            0,              0.00,              0.00,              0.00,    1,    0
41.500,            0,              0.00,              0.00,    206824456,         636942.68,        4983731.32,                    0.0017736656,    2,    0
42.000,    676244873,       16058680.47,       16101926.30,            0,              0.00,              0.00,              0.00,    1,    0
42.500,            0,              0.00,              0.00,    211811463,        4687499.61,        4983808.36,                    0.0017736849,    2,    0
43.000,    692342481,       15975961.93,       16101853.66,            0,              0.00,              0.00,              0.00,    1,    0
43.500,            0,              0.00,              0.00,    216797753,       16111111.56,        4983865.39,                    0.0017737097,    2,    0
44.000,    708448277,       16140987.23,       16101910.16,            0,              0.00,              0.00,              0.00,    1,    0
44.500,            0,              0.00,              0.00,    221785232,        6060606.47,        4983946.66,                    0.0017737244,    2,    0
45.000,    724552026,       16095298.00,       16101983.09,            0,              0.00,              0.00,              0.00,    1,    0
45.500,            0,              0.00,              0.00,    226771218,        1098901.10,        4983991.21,                    0.0017737480,    2,    0
46.000,    740659869,       15932440.84,       16102076.92,            0,              0.00,              0.00,              0.00,    1,    0
46.500,            0,              0.00,              0.00,    231759518,        3391813.35,        4984084.09,                    0.0017737553,    2,    0
47.000,    756761571,       16086444.01,       16102066.51,            0,              0.00,              0.00,              0.00,    1,    0
47.500,            0,              0.00,              0.00,    236749583,         628930.81,        4984209.99,                    0.0017737492,    2,    0
48.000,    772865320,       16100361.80,       16102128.65,            0,              0.00,              0.00,              0.00,    1,    0
48.500,            0,              0.00,              0.00,    241717204,         636942.68,        4983867.92,                    0.0017738956,    2,    0
49.000,    788969069,       16186936.57,       16102143.89,            0,              0.00,              0.00,              0.00,    1,    0
49.500,            0,              0.00,              0.00,    246702413,        2958579.72,        4983894.98,                    0.0017739188,    2,    0
50.000,    805070771,       16190777.52,       16102157.19,            0,              0.00,              0.00,              0.00,    1,    0
50.500,            0,              0.00,              0.00,    251692370,        1197604.82,        4984015.00,                    0.0017739112,    2,    0
51.000,    821178614,       16048608.39,       16102245.37,            0,              0.00,              0.00,              0.00,    1,    0
51.500,            0,              0.00,              0.00,    256682122,        1481481.49,        4984126.26,                    0.0017739055,    2,    0
52.000,    837280316,       16036036.04,       16102241.45,            0,              0.00,              0.00,              0.00,    1,    0
52.500,            0,              0.00,              0.00,    261669389,        1249999.99,        4984186.27,                    0.0017733825,    2,    0
53.000,    853386112,       16202311.22,       16102306.97,            0,              0.00,              0.00,              0.00,    1,    0
53.500,            0,              0.00,              0.00,    266656717,        1818181.88,        4984245.02,                    0.0017734021,    2,    0
54.000,    869489861,       16146079.81,       16102325.21,            0,              0.00,              0.00,              0.00,    1,    0
54.500,            0,              0.00,              0.00,    271646852,         149932.79,        4984352.82,                    0.0017734026,    2,    0
55.000,    885589516,       16169036.33,       16102280.49,            0,              0.00,              0.00,              0.00,    1,    0
55.500,            0,              0.00,              0.00,    276635092,         624999.99,        4984423.14,                    0.0017734154,    2,    0
56.000,    901691218,       16121918.56,       16102266.56,            0,              0.00,              0.00,              0.00,    1,    0
56.500,            0,              0.00,              0.00,    281621000,        1786814.53,        4984449.45,                    0.0017734411,    2,    0
57.000,    917782685,       15978456.02,       16102102.27,            0,              0.00,              0.00,              0.00,    1,    0
57.500,            0,              0.00,              0.00,    286607245,         277008.31,        4984480.57,                    0.0017734639,    2,    0
58.000,    933888481,       16005942.60,       16102162.31,            0,              0.00,              0.00,              0.00,    1,    0
58.500,            0,              0.00,              0.00,    291575134,        3333333.22,        4984197.04,                    0.0017735881,    2,    0
59.000,    949994277,       16056161.26,       16102216.26,            0,              0.00,              0.00,              0.00,    1,    0
59.500,            0,              0.00,              0.00,    296557764,         176678.45,        4984170.59,                    0.0017736263,    2,    0
60.000,    966093932,       16212577.22,       16102157.36,            0,              0.00,              0.00,              0.00,    1,    0
