  Time    TX Packets     TX Packet Rate Avg TX Packet Rate    RX Packets     RX Packet Rate Avg RX Packet Rate       Latency mean  Core  Port
 1.000,      8902403,        8943160.47,        8999778.26,            0,              0.00,              0.00,              0.00,    1,    0
 1.500,            0,              0.00,              0.00,       753310,         216919.74,         502229.92,              0.02,    2,    0
 2.000,     17884639,        9029554.48,        8991137.65,            0,              0.00,              0.00,              0.00,    1,    0
 2.500,            0,              0.00,              0.00,      1265953,         278551.53,         506394.93,              0.02,    2,    0
 3.000,     26852546,        9041120.09,        8983119.90,            0,              0.00,              0.00,              0.00,    1,    0
 3.500,            0,              0.00,              0.00,      1778658,        1183431.93,         508198.13,              0.02,    2,    0
 4.000,     35814312,        8984769.34,        8977639.85,            0,              0.00,              0.00,              0.00,    1,    0
 4.500,            0,              0.00,              0.00,      2290854,         392156.87,         509086.52,              0.02,    2,    0
 5.000,     44771984,        8917835.67,        8973876.09,            0,              0.00,              0.00,              0.00,    1,    0
 5.500,            0,              0.00,              0.00,      2803782,         389105.06,         509784.94,              0.02,    2,    0
 6.000,     53727609,        8960777.45,        8970826.17,            0,              0.00,              0.00,              0.00,    1,    0
 6.500,            0,              0.00,              0.00,      3316611,         430107.53,         510253.09,              0.02,    2,    0
 7.000,     62683234,        8966665.21,        8968556.29,            0,              0.00,              0.00,              0.00,    1,    0
 7.500,            0,              0.00,              0.00,      3829718,         277804.39,         510633.71,              0.02,    2,    0
 8.000,     71636812,        8922500.22,        8966747.86,            0,              0.00,              0.00,              0.00,    1,    0
 8.500,            0,              0.00,              0.00,      4343052,        1265822.78,         510951.50,              0.02,    2,    0
 9.000,     80588343,        8980039.48,        8965026.18,            0,              0.00,              0.00,              0.00,    1,    0
 9.500,            0,              0.00,              0.00,      4855780,         278551.53,         511138.41,              0.02,    2,    0
10.000,     89537827,        8941988.47,        8963425.59,            0,              0.00,              0.00,              0.00,    1,    0
10.500,            0,              0.00,              0.00,      5368216,         636942.68,         511262.03,              0.02,    2,    0
11.000,     98485264,        8991083.59,        8961946.25,            0,              0.00,              0.00,              0.00,    1,    0
11.500,            0,              0.00,              0.00,      5881180,         216450.22,         511409.94,              0.02,    2,    0
12.000,    107430654,        8872226.08,        8960711.67,            0,              0.00,              0.00,              0.00,    1,    0
12.500,            0,              0.00,              0.00,      6392670,         215982.72,         511416.40,              0.02,    2,    0
13.000,    116376044,        8958424.51,        8959495.86,            0,              0.00,              0.00,              0.00,    1,    0
13.500,            0,              0.00,              0.00,      6905442,         431965.44,         511516.76,              0.02,    2,    0
14.000,    125319387,        8926780.34,        8958282.62,            0,              0.00,              0.00,              0.00,    1,    0
14.500,            0,              0.00,              0.00,      7418784,         278551.53,         511642.74,              0.02,    2,    0
15.000,    134260683,        8960777.45,        8957166.43,            0,              0.00,              0.00,              0.00,    1,    0
15.500,            0,              0.00,              0.00,      7932386,         277008.31,         511769.13,              0.02,    2,    0
16.000,    143204026,        8934572.91,        8956275.27,            0,              0.00,              0.00,              0.00,    1,    0
16.500,            0,              0.00,              0.00,      8446292,         279329.61,         511898.62,              0.02,    2,    0
17.000,    152145322,        8973740.74,        8955421.71,            0,              0.00,              0.00,              0.00,    1,    0
17.500,            0,              0.00,              0.00,      8959905,        1851851.94,         511996.62,              0.02,    2,    0
18.000,    161086618,        8942769.77,        8954635.05,            0,              0.00,              0.00,              0.00,    1,    0
18.500,            0,              0.00,              0.00,      9473228,         278551.53,         512068.32,           -260.84,    2,    0
19.000,    170027914,        8915893.55,        8953905.13,            0,              0.00,              0.00,              0.00,    1,    0
19.500,            0,              0.00,              0.00,      9986391,         649350.66,         512124.44,           -247.44,    2,    0
20.000,    178967163,        8945505.40,        8953182.73,            0,              0.00,              0.00,              0.00,    1,    0
20.500,            0,              0.00,              0.00,     10500331,         217391.31,         512212.99,           -235.33,    2,    0
21.000,    187906412,        8897678.87,        8952549.70,            0,              0.00,              0.00,              0.00,    1,    0
21.500,            0,              0.00,              0.00,     11013540,         554016.62,         512259.28,           -224.36,    2,    0
22.000,    196847708,        8910460.11,        8952021.02,            0,              0.00,              0.00,              0.00,    1,    0
22.500,            0,              0.00,              0.00,     11524654,         649350.66,         512208.44,           -214.41,    2,    0
23.000,    205786957,        8998593.28,        8951518.60,            0,              0.00,              0.00,              0.00,    1,    0
23.500,            0,              0.00,              0.00,     12038795,         278551.53,         512290.67,           -205.25,    2,    0
24.000,    214726206,        8912787.91,        8951002.05,            0,              0.00,              0.00,              0.00,    1,    0
24.500,            0,              0.00,              0.00,     12552804,         278551.54,         512360.82,           -196.85,    2,    0
25.000,    223665455,        8982403.79,        8950484.47,            0,              0.00,              0.00,              0.00,    1,    0
25.500,            0,              0.00,              0.00,     13065906,         277777.78,         512389.83,           -189.12,    2,    0
26.000,    232602657,        8965879.73,        8949997.17,            0,              0.00,              0.00,              0.00,    1,    0
26.500,            0,              0.00,              0.00,     13580036,         373134.33,         512455.51,           -181.96,    2,    0
27.000,    241539859,        8922124.73,        8949548.23,            0,              0.00,              0.00,              0.00,    1,    0
27.500,            0,              0.00,              0.00,     14094135,         645161.28,         512515.31,           -175.32,    2,    0
28.000,    250479108,        8867243.05,        8949122.27,            0,              0.00,              0.00,              0.00,    1,    0
28.500,            0,              0.00,              0.00,     14608162,         274725.28,         512568.32,           -169.15,    2,    0
29.000,    259416310,        8923278.12,        8948721.43,            0,              0.00,              0.00,              0.00,    1,    0
29.500,            0,              0.00,              0.00,     15122400,         386100.38,         512624.94,           -163.40,    2,    0
30.000,    268353512,        9008097.17,        8948344.70,            0,              0.00,              0.00,              0.00,    1,    0
30.500,            0,              0.00,              0.00,     15636002,         645304.85,         512656.97,           -158.03,    2,    0
31.000,    277290714,        8951373.10,        8947977.63,            0,              0.00,              0.00,              0.00,    1,    0
31.500,            0,              0.00,              0.00,     16149418,         641025.65,         512681.08,           -153.00,    2,    0
32.000,    286227916,        8966272.45,        8947661.11,            0,              0.00,              0.00,              0.00,    1,    0
32.500,            0,              0.00,              0.00,     16660376,         649350.64,         512628.05,           -148.31,    2,    0
33.000,    295167165,        8917835.67,        8947390.80,            0,              0.00,              0.00,              0.00,    1,    0
33.500,            0,              0.00,              0.00,     17171876,         431965.44,         512594.37,           -143.89,    2,    0
34.000,    304104367,        8931454.25,        8947114.07,            0,              0.00,              0.00,              0.00,    1,    0
34.500,            0,              0.00,              0.00,     17683673,         207468.88,         512571.21,           -139.73,    2,    0
35.000,    313043616,        8998988.88,        8946867.01,            0,              0.00,              0.00,              0.00,    1,    0
35.500,            0,              0.00,              0.00,     18195570,        1754385.97,         512552.28,           -135.80,    2,    0
36.000,    321980818,        8937303.53,        8946611.99,            0,              0.00,              0.00,              0.00,    1,    0
36.500,            0,              0.00,              0.00,     18707314,         277777.78,         512530.11,           -132.08,    2,    0
37.000,    330918020,        8951373.10,        8946376.35,            0,              0.00,              0.00,              0.00,    1,    0
37.500,            0,              0.00,              0.00,     19219246,         384615.38,         512514.17,           -128.56,    2,    0
38.000,    339857269,        8889564.43,        8946166.09,            0,              0.00,              0.00,              0.00,    1,    0
38.500,            0,              0.00,              0.00,     19731276,         636942.68,         512501.61,           -125.23,    2,    0
39.000,    348794471,        8956856.57,        8945950.12,            0,              0.00,              0.00,              0.00,    1,    0
39.500,            0,              0.00,              0.00,     20242139,         636942.68,         512460.12,           -122.07,    2,    0
40.000,    357731673,        8985163.72,        8945701.47,            0,              0.00,              0.00,              0.00,    1,    0
40.500,            0,              0.00,              0.00,     20753264,         390625.00,         512427.14,           -119.06,    2,    0
41.000,    366668875,        8895745.51,        8945481.84,            0,              0.00,              0.00,              0.00,    1,    0
41.500,            0,              0.00,              0.00,     21265192,         427350.43,         512415.12,           -116.19,    2,    0
42.000,    375604030,        8900400.32,        8945257.60,            0,              0.00,              0.00,              0.00,    1,    0
42.500,            0,              0.00,              0.00,     21774849,         653594.76,         512350.23,           -113.47,    2,    0
43.000,    384541232,        8989109.43,        8945055.62,            0,              0.00,              0.00,              0.00,    1,    0
43.500,            0,              0.00,              0.00,     22287731,         641025.62,         512362.45,           -110.86,    2,    0
44.000,    393476387,        8852657.53,        8944843.82,            0,              0.00,              0.00,              0.00,    1,    0
44.500,            0,              0.00,              0.00,     22799388,         276243.09,         512346.60,           -108.37,    2,    0
45.000,    402413589,        8871841.55,        8944666.85,            0,              0.00,              0.00,              0.00,    1,    0
45.500,            0,              0.00,              0.00,     23310169,         215517.24,         512312.20,           -106.00,    2,    0
46.000,    411348744,        9060328.42,        8944487.31,            0,              0.00,              0.00,              0.00,    1,    0
46.500,            0,              0.00,              0.00,     23821565,         645161.30,         512292.48,           -103.72,    2,    0
47.000,    420285946,        8991478.52,        8944326.84,            0,              0.00,              0.00,              0.00,    1,    0
47.500,            0,              0.00,              0.00,     24333313,         277008.31,         512281.00,           -101.54,    2,    0
48.000,    429223148,        8901161.02,        8944175.58,            0,              0.00,              0.00,              0.00,    1,    0
48.500,            0,              0.00,              0.00,     24844930,         617283.95,         512267.30,            -99.45,    2,    0
49.000,    438162397,        8859950.90,        8944061.71,            0,              0.00,              0.00,              0.00,    1,    0
49.500,            0,              0.00,              0.00,     25356658,         278578.29,         512256.44,            -97.44,    2,    0
50.000,    447099599,        8946300.79,        8943928.02,            0,              0.00,              0.00,              0.00,    1,    0
50.500,            0,              0.00,              0.00,     25868673,         649350.64,         512251.65,            -95.51,    2,    0
51.000,    456036801,        8932233.71,        8943788.64,            0,              0.00,              0.00,              0.00,    1,    0
51.500,            0,              0.00,              0.00,     26380570,         150157.92,         512244.74,            -93.66,    2,    0
52.000,    464974003,        8928740.64,        8943660.87,            0,              0.00,              0.00,              0.00,    1,    0
52.500,            0,              0.00,              0.00,     26891115,         387596.90,         512212.40,            -91.88,    2,    0
53.000,    473911205,        8894199.44,        8943545.90,            0,              0.00,              0.00,              0.00,    1,    0
53.500,            0,              0.00,              0.00,     27402635,        1212121.21,         512199.46,            -90.16,    2,    0
54.000,    482848407,        8991083.59,        8943414.60,            0,              0.00,              0.00,              0.00,    1,    0
54.500,            0,              0.00,              0.00,     27915153,         280112.05,         512205.30,            -88.51,    2,    0
55.000,    491785609,        8927169.65,        8943308.97,            0,              0.00,              0.00,              0.00,    1,    0
55.500,            0,              0.00,              0.00,     28427727,         609756.08,         512211.93,            -86.91,    2,    0
56.000,    500722811,        8924445.22,        8943193.50,            0,              0.00,              0.00,              0.00,    1,    0
56.500,            0,              0.00,              0.00,     28940960,         279329.61,         512230.00,            -85.37,    2,    0
57.000,    509660013,        8912011.84,        8943092.52,            0,              0.00,              0.00,              0.00,    1,    0
57.500,            0,              0.00,              0.00,     29453986,         275508.27,         512243.84,            -83.88,    2,    0
58.000,    518597215,        8906195.62,        8943005.88,            0,              0.00,              0.00,              0.00,    1,    0
58.500,            0,              0.00,              0.00,     29967069,         387596.90,         512258.20,            -82.45,    2,    0
59.000,    527534417,        8967450.83,        8942913.65,            0,              0.00,              0.00,              0.00,    1,    0
59.500,            0,              0.00,              0.00,     30480374,         277008.31,         512275.77,            -81.06,    2,    0
60.000,    536471619,        8881079.44,        8942805.41,            0,              0.00,              0.00,              0.00,    1,    0
