Linux 5.13.0-52-generic (w1) 	22/07/2022 	_x86_64_	(16 CPU)

21:55:59        CPU      %usr     %nice      %sys   %iowait    %steal      %irq     %soft    %guest    %gnice     %idle
21:56:01        all      6,29      0,00      0,00      0,00      0,00      0,00      0,00      0,00      0,00     93,71
21:56:01          0      0,50      0,00      0,00      0,00      0,00      0,00      0,00      0,00      0,00     99,50
21:56:01          1      0,00      0,00      0,00      0,00      0,00      0,00      0,00      0,00      0,00    100,00
21:56:01          2      0,00      0,00      0,00      0,00      0,00      0,00      0,00      0,00      0,00    100,00
21:56:01          3      0,00      0,00      0,00      0,00      0,00      0,00      0,00      0,00      0,00    100,00
21:56:01          4      0,00      0,00      0,00      0,00      0,00      0,00      0,00      0,00      0,00    100,00
21:56:01          5      0,00      0,00      0,00      0,00      0,00      0,00      0,00      0,00      0,00    100,00
21:56:01          6      0,00      0,00      0,00      0,00      0,00      0,00      0,00      0,00      0,00    100,00
21:56:01          7      0,00      0,00      0,00      0,00      0,00      0,00      0,00      0,00      0,00    100,00
21:56:01          8      0,00      0,00      0,00      0,00      0,00      0,00      0,00      0,00      0,00    100,00
21:56:01          9      0,00      0,00      0,00      0,00      0,00      0,00      0,00      0,00      0,00    100,00
21:56:01         10      0,00      0,00      0,00      0,00      0,00      0,00      0,00      0,00      0,00    100,00
21:56:01         11    100,00      0,00      0,00      0,00      0,00      0,00      0,00      0,00      0,00      0,00
21:56:01         12      0,00      0,00      0,00      0,00      0,00      0,00      0,00      0,00      0,00    100,00
21:56:01         13      0,00      0,00      0,00      0,00      0,00      0,00      0,00      0,00      0,00    100,00
21:56:01         14      0,00      0,00      0,00      0,00      0,00      0,00      0,00      0,00      0,00    100,00
21:56:01         15      0,00      0,00      0,00      0,00      0,00      0,00      0,00      0,00      0,00    100,00

21:55:59        IFACE   rxpck/s   txpck/s    rxkB/s    txkB/s   rxcmp/s   txcmp/s  rxmcst/s   %ifutil
21:56:01           lo      0,00      0,00      0,00      0,00      0,00      0,00      0,00      0,00
21:56:01         eno1     21,50     18,00      3,93      3,32      0,00      0,00      1,50      0,00
21:56:01         eno2      0,00      0,00      0,00      0,00      0,00      0,00      0,00      0,00
21:56:01      docker0      0,00      0,00      0,00      0,00      0,00      0,00      0,00      0,00
21:56:01      ens2np0      0,00      1,00      0,00      0,08      0,00      0,00      0,00      0,00
21:56:01      ens2np1      0,00      0,00      0,00      0,00      0,00      0,00      0,00      0,00

21:56:01        CPU      %usr     %nice      %sys   %iowait    %steal      %irq     %soft    %guest    %gnice     %idle
21:56:03        all      6,69      0,00      0,06      0,03      0,00      0,00      0,00      0,00      0,00     93,21
21:56:03          0      0,50      0,00      0,00      0,00      0,00      0,00      0,00      0,00      0,00     99,50
21:56:03          1      0,50      0,00      0,00      0,00      0,00      0,00      0,00      0,00      0,00     99,50
21:56:03          2      0,00      0,00      0,50      0,00      0,00      0,00      0,00      0,00      0,00     99,50
21:56:03          3     13,07      0,00      0,00      0,00      0,00      0,00      0,00      0,00      0,00     86,93
21:56:03          4      0,00      0,00      0,00      0,00      0,00      0,00      0,00      0,00      0,00    100,00
21:56:03          5      1,50      0,00      0,00      0,00      0,00      0,00      0,00      0,00      0,00     98,50
21:56:03          6      0,00      0,00      0,00      0,00      0,00      0,00      0,00      0,00      0,00    100,00
21:56:03          7      0,50      0,00      0,00      0,00      0,00      0,00      0,00      0,00      0,00     99,50
21:56:03          8      0,50      0,00      0,00      0,00      0,00      0,00      0,00      0,00      0,00     99,50
21:56:03          9      0,50      0,00      0,00      0,00      0,00      0,00      0,00      0,00      0,00     99,50
21:56:03         10      0,00      0,00      0,00      0,00      0,00      0,00      0,00      0,00      0,00    100,00
21:56:03         11     87,00      0,00      0,00      0,00      0,00      0,00      0,00      0,00      0,00     13,00
21:56:03         12      1,00      0,00      0,50      0,00      0,00      0,00      0,00      0,00      0,00     98,51
21:56:03         13      0,50      0,00      0,00      0,00      0,00      0,00      0,00      0,00      0,00     99,50
21:56:03         14      1,00      0,00      0,00      0,50      0,00      0,00      0,00      0,00      0,00     98,50
21:56:03         15      0,50      0,00      0,00      0,00      0,00      0,00      0,00      0,00      0,00     99,50

21:56:01        IFACE   rxpck/s   txpck/s    rxkB/s    txkB/s   rxcmp/s   txcmp/s  rxmcst/s   %ifutil
21:56:03           lo      0,00      0,00      0,00      0,00      0,00      0,00      0,00      0,00
21:56:03         eno1      7,00      0,00      0,44      0,00      0,00      0,00      1,00      0,00
21:56:03         eno2      0,00      0,00      0,00      0,00      0,00      0,00      0,00      0,00
21:56:03      docker0      0,00      0,00      0,00      0,00      0,00      0,00      0,00      0,00
21:56:03      ens2np0      0,00      0,00      0,00      0,00      0,00      0,00      0,00      0,00
21:56:03      ens2np1      0,00      0,00      0,00      0,00      0,00      0,00      0,00      0,00

21:56:03        CPU      %usr     %nice      %sys   %iowait    %steal      %irq     %soft    %guest    %gnice     %idle
21:56:05        all      6,31      0,00      0,03      0,00      0,00      0,00      0,00      0,00      0,00     93,66
21:56:05          0      0,00      0,00      0,50      0,00      0,00      0,00      0,00      0,00      0,00     99,50
21:56:05          1      0,00      0,00      0,00      0,00      0,00      0,00      0,00      0,00      0,00    100,00
21:56:05          2      0,00      0,00      0,00      0,00      0,00      0,00      0,00      0,00      0,00    100,00
21:56:05          3    100,00      0,00      0,00      0,00      0,00      0,00      0,00      0,00      0,00      0,00
21:56:05          4      0,00      0,00      0,00      0,00      0,00      0,00      0,00      0,00      0,00    100,00
21:56:05          5      0,00      0,00      0,00      0,00      0,00      0,00      0,00      0,00      0,00    100,00
21:56:05          6      0,00      0,00      0,00      0,00      0,00      0,00      0,00      0,00      0,00    100,00
21:56:05          7      0,00      0,00      0,00      0,00      0,00      0,00      0,00      0,00      0,00    100,00
21:56:05          8      0,00      0,00      0,00      0,00      0,00      0,00      0,00      0,00      0,00    100,00
21:56:05          9      0,00      0,00      0,00      0,00      0,00      0,00      0,00      0,00      0,00    100,00
21:56:05         10      0,00      0,00      0,00      0,00      0,00      0,00      0,00      0,00      0,00    100,00
21:56:05         11      0,00      0,00      0,00      0,00      0,00      0,00      0,00      0,00      0,00    100,00
21:56:05         12      0,00      0,00      0,00      0,00      0,00      0,00      0,00      0,00      0,00    100,00
21:56:05         13      1,00      0,00      0,00      0,00      0,00      0,00      0,00      0,00      0,00     99,00
21:56:05         14      0,00      0,00      0,00      0,00      0,00      0,00      0,00      0,00      0,00    100,00
21:56:05         15      0,00      0,00      0,00      0,00      0,00      0,00      0,00      0,00      0,00    100,00

21:56:03        IFACE   rxpck/s   txpck/s    rxkB/s    txkB/s   rxcmp/s   txcmp/s  rxmcst/s   %ifutil
21:56:05           lo      0,00      0,00      0,00      0,00      0,00      0,00      0,00      0,00
21:56:05         eno1      8,00      0,50      0,50      0,03      0,00      0,00      1,00      0,00
21:56:05         eno2      0,00      0,00      0,00      0,00      0,00      0,00      0,00      0,00
21:56:05      docker0      0,00      0,00      0,00      0,00      0,00      0,00      0,00      0,00
21:56:05      ens2np0      0,00      0,00      0,00      0,00      0,00      0,00      0,00      0,00
21:56:05      ens2np1      0,00      0,00      0,00      0,00      0,00      0,00      0,00      0,00

21:56:05        CPU      %usr     %nice      %sys   %iowait    %steal      %irq     %soft    %guest    %gnice     %idle
21:56:07        all      6,28      0,00      0,03      0,00      0,00      0,00      0,00      0,00      0,00     93,69
21:56:07          0      0,00      0,00      0,00      0,00      0,00      0,00      0,00      0,00      0,00    100,00
21:56:07          1      0,00      0,00      0,50      0,00      0,00      0,00      0,00      0,00      0,00     99,50
21:56:07          2      0,00      0,00      0,00      0,00      0,00      0,00      0,00      0,00      0,00    100,00
21:56:07          3    100,00      0,00      0,00      0,00      0,00      0,00      0,00      0,00      0,00      0,00
21:56:07          4      0,00      0,00      0,00      0,00      0,00      0,00      0,00      0,00      0,00    100,00
21:56:07          5      0,00      0,00      0,00      0,00      0,00      0,00      0,00      0,00      0,00    100,00
21:56:07          6      0,00      0,00      0,00      0,00      0,00      0,00      0,00      0,00      0,00    100,00
21:56:07          7      0,00      0,00      0,00      0,00      0,00      0,00      0,00      0,00      0,00    100,00
21:56:07          8      0,00      0,00      0,00      0,00      0,00      0,00      0,00      0,00      0,00    100,00
21:56:07          9      0,00      0,00      0,00      0,00      0,00      0,00      0,00      0,00      0,00    100,00
21:56:07         10      0,00      0,00      0,00      0,00      0,00      0,00      0,00      0,00      0,00    100,00
21:56:07         11      0,00      0,00      0,00      0,00      0,00      0,00      0,00      0,00      0,00    100,00
21:56:07         12      0,50      0,00      0,00      0,00      0,00      0,00      0,00      0,00      0,00     99,50
21:56:07         13      0,00      0,00      0,00      0,00      0,00      0,00      0,00      0,00      0,00    100,00
21:56:07         14      0,00      0,00      0,00      0,00      0,00      0,00      0,00      0,00      0,00    100,00
21:56:07         15      0,00      0,00      0,00      0,00      0,00      0,00      0,00      0,00      0,00    100,00

21:56:05        IFACE   rxpck/s   txpck/s    rxkB/s    txkB/s   rxcmp/s   txcmp/s  rxmcst/s   %ifutil
21:56:07           lo      4,00      4,00      0,44      0,44      0,00      0,00      0,00      0,00
21:56:07         eno1      9,50      3,00      0,90      0,26      0,00      0,00      2,00      0,00
21:56:07         eno2      0,00      0,00      0,00      0,00      0,00      0,00      0,00      0,00
21:56:07      docker0      0,00      0,00      0,00      0,00      0,00      0,00      0,00      0,00
21:56:07      ens2np0      0,00      0,00      0,00      0,00      0,00      0,00      0,00      0,00
21:56:07      ens2np1      0,00      0,00      0,00      0,00      0,00      0,00      0,00      0,00

21:56:07        CPU      %usr     %nice      %sys   %iowait    %steal      %irq     %soft    %guest    %gnice     %idle
21:56:09        all      6,28      0,00      0,00      0,00      0,00      0,00      0,00      0,00      0,00     93,72
21:56:09          0      0,00      0,00      0,00      0,00      0,00      0,00      0,00      0,00      0,00    100,00
21:56:09          1      0,50      0,00      0,00      0,00      0,00      0,00      0,00      0,00      0,00     99,50
21:56:09          2      0,00      0,00      0,00      0,00      0,00      0,00      0,00      0,00      0,00    100,00
21:56:09          3    100,00      0,00      0,00      0,00      0,00      0,00      0,00      0,00      0,00      0,00
21:56:09          4      0,00      0,00      0,00      0,00      0,00      0,00      0,00      0,00      0,00    100,00
21:56:09          5      0,00      0,00      0,00      0,00      0,00      0,00      0,00      0,00      0,00    100,00
21:56:09          6      0,00      0,00      0,00      0,00      0,00      0,00      0,00      0,00      0,00    100,00
21:56:09          7      0,00      0,00      0,00      0,00      0,00      0,00      0,00      0,00      0,00    100,00
21:56:09          8      0,00      0,00      0,00      0,00      0,00      0,00      0,00      0,00      0,00    100,00
21:56:09          9      0,00      0,00      0,00      0,00      0,00      0,00      0,00      0,00      0,00    100,00
21:56:09         10      0,00      0,00      0,00      0,00      0,00      0,00      0,00      0,00      0,00    100,00
21:56:09         11      0,00      0,00      0,00      0,00      0,00      0,00      0,00      0,00      0,00    100,00
21:56:09         12      0,00      0,00      0,00      0,00      0,00      0,00      0,00      0,00      0,00    100,00
21:56:09         13      0,00      0,00      0,00      0,00      0,00      0,00      0,00      0,00      0,00    100,00
21:56:09         14      0,00      0,00      0,00      0,00      0,00      0,00      0,00      0,00      0,00    100,00
21:56:09         15      0,00      0,00      0,00      0,00      0,00      0,00      0,00      0,00      0,00    100,00

21:56:07        IFACE   rxpck/s   txpck/s    rxkB/s    txkB/s   rxcmp/s   txcmp/s  rxmcst/s   %ifutil
21:56:09           lo      0,00      0,00      0,00      0,00      0,00      0,00      0,00      0,00
21:56:09         eno1      3,50      0,00      0,22      0,00      0,00      0,00      1,00      0,00
21:56:09         eno2      0,00      0,00      0,00      0,00      0,00      0,00      0,00      0,00
21:56:09      docker0      0,00      0,00      0,00      0,00      0,00      0,00      0,00      0,00
21:56:09      ens2np0      0,00      1,00      0,00      0,08      0,00      0,00      0,00      0,00
21:56:09      ens2np1      0,00      0,00      0,00      0,00      0,00      0,00      0,00      0,00

21:56:09        CPU      %usr     %nice      %sys   %iowait    %steal      %irq     %soft    %guest    %gnice     %idle
21:56:11        all      6,20      0,00      0,09      0,03      0,00      0,00     35,10      0,00      0,00     58,58
21:56:11          0      0,00      0,00      0,00      0,00      0,00      0,00     70,35      0,00      0,00     29,65
21:56:11          1      0,00      0,00      0,00      0,00      0,00      0,00     70,35      0,00      0,00     29,65
21:56:11          2      0,00      0,00      0,00      0,00      0,00      0,00     70,35      0,00      0,00     29,65
21:56:11          3     29,50      0,00      0,00      0,00      0,00      0,00     70,50      0,00      0,00      0,00
21:56:11          4      0,00      0,00      0,00      0,00      0,00      0,00     70,35      0,00      0,00     29,65
21:56:11          5      0,00      0,00      0,00      0,00      0,00      0,00     70,00      0,00      0,00     30,00
21:56:11          6      0,00      0,00      0,00      0,00      0,00      0,00     70,35      0,00      0,00     29,65
21:56:11          7      0,00      0,00      0,00      0,00      0,00      0,00     70,35      0,00      0,00     29,65
21:56:11          8      0,00      0,00      0,00      0,00      0,00      0,00      0,00      0,00      0,00    100,00
21:56:11          9      0,00      0,00      0,50      0,00      0,00      0,00      0,00      0,00      0,00     99,50
21:56:11         10      0,00      0,00      0,00      0,00      0,00      0,00      0,00      0,00      0,00    100,00
21:56:11         11     69,00      0,00      1,00      0,00      0,00      0,00      0,00      0,00      0,00     30,00
21:56:11         12      0,50      0,00      0,00      0,00      0,00      0,00      0,00      0,00      0,00     99,50
21:56:11         13      0,00      0,00      0,00      0,00      0,00      0,00      0,00      0,00      0,00    100,00
21:56:11         14      0,00      0,00      0,00      0,50      0,00      0,00      0,00      0,00      0,00     99,50
21:56:11         15      0,00      0,00      0,00      0,00      0,00      0,00      0,00      0,00      0,00    100,00

21:56:09        IFACE   rxpck/s   txpck/s    rxkB/s    txkB/s   rxcmp/s   txcmp/s  rxmcst/s   %ifutil
21:56:11           lo      0,00      0,00      0,00      0,00      0,00      0,00      0,00      0,00
21:56:11         eno1      7,00 128733,50      0,44   8045,84      0,00      0,00      1,00      6,59
21:56:11         eno2      0,00      0,00      0,00      0,00      0,00      0,00      0,00      0,00
21:56:11      docker0      0,00      0,00      0,00      0,00      0,00      0,00      0,00      0,00
21:56:11      ens2np0 1432844,50  10064,00  83955,73    589,69      0,00      0,00      0,00      6,88
21:56:11      ens2np1      0,00      0,00      0,00      0,00      0,00      0,00      0,00      0,00

21:56:11        CPU      %usr     %nice      %sys   %iowait    %steal      %irq     %soft    %guest    %gnice     %idle
21:56:13        all      6,29      0,00      0,16      0,00      0,00      0,00     50,03      0,00      0,00     43,52
21:56:13          0      0,00      0,00      0,50      0,00      0,00      0,00     99,50      0,00      0,00      0,00
21:56:13          1      0,00      0,00      0,00      0,00      0,00      0,00    100,00      0,00      0,00      0,00
21:56:13          2      0,00      0,00      0,00      0,00      0,00      0,00    100,00      0,00      0,00      0,00
21:56:13          3      0,00      0,00      0,00      0,00      0,00      0,00    100,00      0,00      0,00      0,00
21:56:13          4      0,00      0,00      0,00      0,00      0,00      0,00    100,00      0,00      0,00      0,00
21:56:13          5      0,00      0,00      0,00      0,00      0,00      0,00    100,00      0,00      0,00      0,00
21:56:13          6      0,00      0,00      0,00      0,00      0,00      0,00    100,00      0,00      0,00      0,00
21:56:13          7      0,00      0,00      0,00      0,00      0,00      0,00    100,00      0,00      0,00      0,00
21:56:13          8      0,50      0,00      0,00      0,00      0,00      0,00      0,00      0,00      0,00     99,50
21:56:13          9      0,00      0,00      0,00      0,00      0,00      0,00      0,00      0,00      0,00    100,00
21:56:13         10      0,00      0,00      0,00      0,00      0,00      0,00      0,00      0,00      0,00    100,00
21:56:13         11     98,50      0,00      1,50      0,00      0,00      0,00      0,00      0,00      0,00      0,00
21:56:13         12      0,00      0,00      0,00      0,00      0,00      0,00      0,00      0,00      0,00    100,00
21:56:13         13      0,00      0,00      0,00      0,00      0,00      0,00      0,00      0,00      0,00    100,00
21:56:13         14      0,50      0,00      0,00      0,00      0,00      0,00      0,00      0,00      0,00     99,50
21:56:13         15      1,00      0,00      0,50      0,00      0,00      0,00      0,00      0,00      0,00     98,50

21:56:11        IFACE   rxpck/s   txpck/s    rxkB/s    txkB/s   rxcmp/s   txcmp/s  rxmcst/s   %ifutil
21:56:13           lo      0,00      0,00      0,00      0,00      0,00      0,00      0,00      0,00
21:56:13         eno1      5,50 742278,50      0,35  46391,78      0,00      0,00      1,00     38,00
21:56:13         eno2      0,00      0,00      0,00      0,00      0,00      0,00      0,00      0,00
21:56:13      docker0      0,00      0,00      0,00      0,00      0,00      0,00      0,00      0,00
21:56:13      ens2np0 2075352,50  14272,00 121602,69    836,25      0,00      0,00      0,00      9,96
21:56:13      ens2np1      0,00      0,00      0,00      0,00      0,00      0,00      0,00      0,00

21:56:13        CPU      %usr     %nice      %sys   %iowait    %steal      %irq     %soft    %guest    %gnice     %idle
21:56:15        all      6,31      0,00      0,25      0,00      0,00      0,00     50,00      0,00      0,00     43,44
21:56:15          0      0,00      0,00      0,00      0,00      0,00      0,00    100,00      0,00      0,00      0,00
21:56:15          1      0,00      0,00      0,00      0,00      0,00      0,00    100,00      0,00      0,00      0,00
21:56:15          2      0,00      0,00      0,00      0,00      0,00      0,00    100,00      0,00      0,00      0,00
21:56:15          3      0,00      0,00      0,00      0,00      0,00      0,00    100,00      0,00      0,00      0,00
21:56:15          4      0,00      0,00      0,00      0,00      0,00      0,00    100,00      0,00      0,00      0,00
21:56:15          5      0,00      0,00      0,00      0,00      0,00      0,00    100,00      0,00      0,00      0,00
21:56:15          6      0,00      0,00      0,00      0,00      0,00      0,00    100,00      0,00      0,00      0,00
21:56:15          7      0,00      0,00      0,00      0,00      0,00      0,00    100,00      0,00      0,00      0,00
21:56:15          8      0,00      0,00      0,00      0,00      0,00      0,00      0,00      0,00      0,00    100,00
21:56:15          9      0,50      0,00      0,00      0,00      0,00      0,00      0,00      0,00      0,00     99,50
21:56:15         10      0,50      0,00      0,00      0,00      0,00      0,00      0,00      0,00      0,00     99,50
21:56:15         11     98,00      0,00      2,00      0,00      0,00      0,00      0,00      0,00      0,00      0,00
21:56:15         12      0,50      0,00      0,00      0,00      0,00      0,00      0,00      0,00      0,00     99,50
21:56:15         13      0,50      0,00      1,00      0,00      0,00      0,00      0,00      0,00      0,00     98,50
21:56:15         14      1,00      0,00      0,50      0,00      0,00      0,00      0,00      0,00      0,00     98,50
21:56:15         15      0,00      0,00      0,50      0,00      0,00      0,00      0,00      0,00      0,00     99,50

21:56:13        IFACE   rxpck/s   txpck/s    rxkB/s    txkB/s   rxcmp/s   txcmp/s  rxmcst/s   %ifutil
21:56:15           lo      0,00      0,00      0,00      0,00      0,00      0,00      0,00      0,00
21:56:15         eno1      8,00 712727,00      0,50  44545,47      0,00      0,00      1,50     36,49
21:56:15         eno2      0,00      0,00      0,00      0,00      0,00      0,00      0,00      0,00
21:56:15      docker0      0,00      0,00      0,00      0,00      0,00      0,00      0,00      0,00
21:56:15      ens2np0 2049587,00  14304,00 120092,99    838,12      0,00      0,00      0,00      9,84
21:56:15      ens2np1      0,00      0,00      0,00      0,00      0,00      0,00      0,00      0,00

21:56:15        CPU      %usr     %nice      %sys   %iowait    %steal      %irq     %soft    %guest    %gnice     %idle
21:56:17        all      6,22      0,00      0,03      0,03      0,00      0,00     50,00      0,00      0,00     43,72
21:56:17          0      0,00      0,00      0,00      0,00      0,00      0,00    100,00      0,00      0,00      0,00
21:56:17          1      0,00      0,00      0,00      0,00      0,00      0,00    100,00      0,00      0,00      0,00
21:56:17          2      0,00      0,00      0,00      0,00      0,00      0,00    100,00      0,00      0,00      0,00
21:56:17          3      0,00      0,00      0,00      0,00      0,00      0,00    100,00      0,00      0,00      0,00
21:56:17          4      0,00      0,00      0,00      0,00      0,00      0,00    100,00      0,00      0,00      0,00
21:56:17          5      0,00      0,00      0,00      0,00      0,00      0,00    100,00      0,00      0,00      0,00
21:56:17          6      0,00      0,00      0,00      0,00      0,00      0,00    100,00      0,00      0,00      0,00
21:56:17          7      0,00      0,00      0,00      0,00      0,00      0,00    100,00      0,00      0,00      0,00
21:56:17          8      0,00      0,00      0,00      0,00      0,00      0,00      0,00      0,00      0,00    100,00
21:56:17          9      0,00      0,00      0,00      0,00      0,00      0,00      0,00      0,00      0,00    100,00
21:56:17         10      0,00      0,00      0,00      0,00      0,00      0,00      0,00      0,00      0,00    100,00
21:56:17         11     99,50      0,00      0,50      0,00      0,00      0,00      0,00      0,00      0,00      0,00
21:56:17         12      0,00      0,00      0,00      0,00      0,00      0,00      0,00      0,00      0,00    100,00
21:56:17         13      0,00      0,00      0,00      0,00      0,00      0,00      0,00      0,00      0,00    100,00
21:56:17         14      0,00      0,00      0,00      0,50      0,00      0,00      0,00      0,00      0,00     99,50
21:56:17         15      0,00      0,00      0,00      0,00      0,00      0,00      0,00      0,00      0,00    100,00

21:56:15        IFACE   rxpck/s   txpck/s    rxkB/s    txkB/s   rxcmp/s   txcmp/s  rxmcst/s   %ifutil
21:56:17           lo      0,00      0,00      0,00      0,00      0,00      0,00      0,00      0,00
21:56:17         eno1      6,00 651974,00      0,41  40748,97      0,00      0,00      2,00     33,38
21:56:17         eno2      0,00      0,00      0,00      0,00      0,00      0,00      0,00      0,00
21:56:17      docker0      0,00      0,00      0,00      0,00      0,00      0,00      0,00      0,00
21:56:17      ens2np0 2028188,00  14320,00 118839,14    839,06      0,00      0,00      0,00      9,74
21:56:17      ens2np1      0,00      0,00      0,00      0,00      0,00      0,00      0,00      0,00

21:56:17        CPU      %usr     %nice      %sys   %iowait    %steal      %irq     %soft    %guest    %gnice     %idle
21:56:19        all      6,16      0,00      0,16      0,00      0,00      0,00     50,03      0,00      0,00     43,65
21:56:19          0      0,00      0,00      0,00      0,00      0,00      0,00    100,00      0,00      0,00      0,00
21:56:19          1      0,00      0,00      0,00      0,00      0,00      0,00    100,00      0,00      0,00      0,00
21:56:19          2      0,00      0,00      0,00      0,00      0,00      0,00    100,00      0,00      0,00      0,00
21:56:19          3      0,00      0,00      0,00      0,00      0,00      0,00    100,00      0,00      0,00      0,00
21:56:19          4      0,00      0,00      0,00      0,00      0,00      0,00    100,00      0,00      0,00      0,00
21:56:19          5      0,00      0,00      0,00      0,00      0,00      0,00    100,00      0,00      0,00      0,00
21:56:19          6      0,00      0,00      0,00      0,00      0,00      0,00    100,00      0,00      0,00      0,00
21:56:19          7      0,00      0,00      0,00      0,00      0,00      0,00    100,00      0,00      0,00      0,00
21:56:19          8      0,00      0,00      0,00      0,00      0,00      0,00      0,00      0,00      0,00    100,00
21:56:19          9      0,00      0,00      0,00      0,00      0,00      0,00      0,00      0,00      0,00    100,00
21:56:19         10      0,00      0,00      0,50      0,00      0,00      0,00      0,00      0,00      0,00     99,50
21:56:19         11     98,00      0,00      2,00      0,00      0,00      0,00      0,00      0,00      0,00      0,00
21:56:19         12      0,50      0,00      0,00      0,00      0,00      0,00      0,00      0,00      0,00     99,50
21:56:19         13      0,00      0,00      0,00      0,00      0,00      0,00      0,00      0,00      0,00    100,00
21:56:19         14      0,00      0,00      0,00      0,00      0,00      0,00      0,00      0,00      0,00    100,00
21:56:19         15      0,00      0,00      0,00      0,00      0,00      0,00      0,00      0,00      0,00    100,00

21:56:17        IFACE   rxpck/s   txpck/s    rxkB/s    txkB/s   rxcmp/s   txcmp/s  rxmcst/s   %ifutil
21:56:19           lo      0,00      0,00      0,00      0,00      0,00      0,00      0,00      0,00
21:56:19         eno1      6,00 715908,00      0,38  44744,25      0,00      0,00      1,00     36,65
21:56:19         eno2      0,00      0,00      0,00      0,00      0,00      0,00      0,00      0,00
21:56:19      docker0      0,00      0,00      0,00      0,00      0,00      0,00      0,00      0,00
21:56:19      ens2np0 2054938,00  14288,00 120406,52    837,19      0,00      0,00      0,00      9,86
21:56:19      ens2np1      0,00      0,00      0,00      0,00      0,00      0,00      0,00      0,00

21:56:19        CPU      %usr     %nice      %sys   %iowait    %steal      %irq     %soft    %guest    %gnice     %idle
21:56:21        all      6,15      0,00      0,16      0,00      0,00      0,00     49,95      0,00      0,00     43,74
21:56:21          0      0,00      0,00      0,50      0,00      0,00      0,00     99,50      0,00      0,00      0,00
21:56:21          1      0,00      0,00      0,00      0,00      0,00      0,00    100,00      0,00      0,00      0,00
21:56:21          2      0,00      0,00      0,00      0,00      0,00      0,00    100,00      0,00      0,00      0,00
21:56:21          3      0,00      0,00      0,00      0,00      0,00      0,00    100,00      0,00      0,00      0,00
21:56:21          4      0,00      0,00      0,00      0,00      0,00      0,00    100,00      0,00      0,00      0,00
21:56:21          5      0,00      0,00      0,00      0,00      0,00      0,00    100,00      0,00      0,00      0,00
21:56:21          6      0,00      0,00      0,00      0,00      0,00      0,00    100,00      0,00      0,00      0,00
21:56:21          7      0,00      0,00      0,00      0,00      0,00      0,00    100,00      0,00      0,00      0,00
21:56:21          8      0,00      0,00      0,00      0,00      0,00      0,00      0,00      0,00      0,00    100,00
21:56:21          9      0,00      0,00      0,00      0,00      0,00      0,00      0,00      0,00      0,00    100,00
21:56:21         10      0,00      0,00      0,00      0,00      0,00      0,00      0,00      0,00      0,00    100,00
21:56:21         11     98,50      0,00      1,50      0,00      0,00      0,00      0,00      0,00      0,00      0,00
21:56:21         12      0,00      0,00      0,50      0,00      0,00      0,00      0,00      0,00      0,00     99,50
21:56:21         13      0,00      0,00      0,00      0,00      0,00      0,00      0,00      0,00      0,00    100,00
21:56:21         14      0,00      0,00      0,00      0,00      0,00      0,00      0,00      0,00      0,00    100,00
21:56:21         15      0,00      0,00      0,00      0,00      0,00      0,00      0,00      0,00      0,00    100,00

21:56:19        IFACE   rxpck/s   txpck/s    rxkB/s    txkB/s   rxcmp/s   txcmp/s  rxmcst/s   %ifutil
21:56:21           lo      0,00      0,00      0,00      0,00      0,00      0,00      0,00      0,00
21:56:21         eno1      8,50 703993,50      0,59  43999,41      0,00      0,00      2,00     36,04
21:56:21         eno2      0,00      0,00      0,00      0,00      0,00      0,00      0,00      0,00
21:56:21      docker0      0,00      0,00      0,00      0,00      0,00      0,00      0,00      0,00
21:56:21      ens2np0 2068128,00  14256,00 121179,38    835,31      0,00      0,00      0,00      9,93
21:56:21      ens2np1      0,00      0,00      0,00      0,00      0,00      0,00      0,00      0,00

21:56:21        CPU      %usr     %nice      %sys   %iowait    %steal      %irq     %soft    %guest    %gnice     %idle
21:56:23        all      6,16      0,00      0,09      0,00      0,00      0,00     50,05      0,00      0,00     43,70
21:56:23          0      0,00      0,00      0,00      0,00      0,00      0,00    100,00      0,00      0,00      0,00
21:56:23          1      0,00      0,00      0,00      0,00      0,00      0,00    100,00      0,00      0,00      0,00
21:56:23          2      0,00      0,00      0,00      0,00      0,00      0,00    100,00      0,00      0,00      0,00
21:56:23          3      0,00      0,00      0,00      0,00      0,00      0,00    100,00      0,00      0,00      0,00
21:56:23          4      0,00      0,00      0,00      0,00      0,00      0,00    100,00      0,00      0,00      0,00
21:56:23          5      0,00      0,00      0,00      0,00      0,00      0,00    100,00      0,00      0,00      0,00
21:56:23          6      0,00      0,00      0,00      0,00      0,00      0,00    100,00      0,00      0,00      0,00
21:56:23          7      0,00      0,00      0,00      0,00      0,00      0,00    100,00      0,00      0,00      0,00
21:56:23          8      0,00      0,00      0,00      0,00      0,00      0,00      0,00      0,00      0,00    100,00
21:56:23          9      0,00      0,00      0,00      0,00      0,00      0,00      0,00      0,00      0,00    100,00
21:56:23         10      0,00      0,00      0,00      0,00      0,00      0,00      0,00      0,00      0,00    100,00
21:56:23         11     98,50      0,00      1,50      0,00      0,00      0,00      0,00      0,00      0,00      0,00
21:56:23         12      0,00      0,00      0,00      0,00      0,00      0,00      0,00      0,00      0,00    100,00
21:56:23         13      0,00      0,00      0,00      0,00      0,00      0,00      0,00      0,00      0,00    100,00
21:56:23         14      0,00      0,00      0,00      0,00      0,00      0,00      0,00      0,00      0,00    100,00
21:56:23         15      0,00      0,00      0,00      0,00      0,00      0,00      0,00      0,00      0,00    100,00

21:56:21        IFACE   rxpck/s   txpck/s    rxkB/s    txkB/s   rxcmp/s   txcmp/s  rxmcst/s   %ifutil
21:56:23           lo      0,00      0,00      0,00      0,00      0,00      0,00      0,00      0,00
21:56:23         eno1      7,50 722980,50      0,47  45186,47      0,00      0,00      1,00     37,02
21:56:23         eno2      0,00      0,00      0,00      0,00      0,00      0,00      0,00      0,00
21:56:23      docker0      0,00      0,00      0,00      0,00      0,00      0,00      0,00      0,00
21:56:23      ens2np0 2064383,00  14256,00 120959,94    835,31      0,00      0,00      0,00      9,91
21:56:23      ens2np1      0,00      0,00      0,00      0,00      0,00      0,00      0,00      0,00

21:56:23        CPU      %usr     %nice      %sys   %iowait    %steal      %irq     %soft    %guest    %gnice     %idle
21:56:25        all      6,41      0,00      0,22      0,03      0,00      0,00     50,03      0,00      0,00     43,31
21:56:25          0      0,00      0,00      0,00      0,00      0,00      0,00    100,00      0,00      0,00      0,00
21:56:25          1      0,00      0,00      0,00      0,00      0,00      0,00    100,00      0,00      0,00      0,00
21:56:25          2      0,00      0,00      0,00      0,00      0,00      0,00    100,00      0,00      0,00      0,00
21:56:25          3      0,00      0,00      0,00      0,00      0,00      0,00    100,00      0,00      0,00      0,00
21:56:25          4      0,00      0,00      0,00      0,00      0,00      0,00    100,00      0,00      0,00      0,00
21:56:25          5      0,00      0,00      0,00      0,00      0,00      0,00    100,00      0,00      0,00      0,00
21:56:25          6      0,00      0,00      0,00      0,00      0,00      0,00    100,00      0,00      0,00      0,00
21:56:25          7      0,00      0,00      0,00      0,00      0,00      0,00    100,00      0,00      0,00      0,00
21:56:25          8      1,50      0,00      0,50      0,00      0,00      0,00      0,00      0,00      0,00     98,00
21:56:25          9      0,00      0,00      0,50      0,00      0,00      0,00      0,00      0,00      0,00     99,50
21:56:25         10      0,50      0,00      0,00      0,00      0,00      0,00      0,00      0,00      0,00     99,50
21:56:25         11     98,50      0,00      1,50      0,00      0,00      0,00      0,00      0,00      0,00      0,00
21:56:25         12      0,00      0,00      0,50      0,00      0,00      0,00      0,00      0,00      0,00     99,50
21:56:25         13      0,50      0,00      0,50      0,50      0,00      0,00      0,00      0,00      0,00     98,51
21:56:25         14      0,50      0,00      0,00      0,00      0,00      0,00      0,00      0,00      0,00     99,50
21:56:25         15      1,01      0,00      0,00      0,00      0,00      0,00      0,00      0,00      0,00     98,99

21:56:23        IFACE   rxpck/s   txpck/s    rxkB/s    txkB/s   rxcmp/s   txcmp/s  rxmcst/s   %ifutil
21:56:25           lo      0,00      0,00      0,00      0,00      0,00      0,00      0,00      0,00
21:56:25         eno1      7,50 633258,50      0,47  39578,66      0,00      0,00      1,00     32,42
21:56:25         eno2      0,00      0,00      0,00      0,00      0,00      0,00      0,00      0,00
21:56:25      docker0      0,00      0,00      0,00      0,00      0,00      0,00      0,00      0,00
21:56:25      ens2np0 2010125,00  14320,50 117780,76    839,10      0,00      0,00      0,00      9,65
21:56:25      ens2np1      0,00      0,00      0,00      0,00      0,00      0,00      0,00      0,00

21:56:25        CPU      %usr     %nice      %sys   %iowait    %steal      %irq     %soft    %guest    %gnice     %idle
21:56:27        all      6,19      0,00      0,06      0,00      0,00      0,00     50,02      0,00      0,00     43,73
21:56:27          0      0,00      0,00      0,00      0,00      0,00      0,00    100,00      0,00      0,00      0,00
21:56:27          1      0,00      0,00      0,00      0,00      0,00      0,00    100,00      0,00      0,00      0,00
21:56:27          2      0,00      0,00      0,00      0,00      0,00      0,00    100,00      0,00      0,00      0,00
21:56:27          3      0,00      0,00      0,00      0,00      0,00      0,00    100,00      0,00      0,00      0,00
21:56:27          4      0,00      0,00      0,00      0,00      0,00      0,00    100,00      0,00      0,00      0,00
21:56:27          5      0,00      0,00      0,00      0,00      0,00      0,00    100,00      0,00      0,00      0,00
21:56:27          6      0,00      0,00      0,00      0,00      0,00      0,00    100,00      0,00      0,00      0,00
21:56:27          7      0,00      0,00      0,00      0,00      0,00      0,00    100,00      0,00      0,00      0,00
21:56:27          8      0,00      0,00      0,00      0,00      0,00      0,00      0,00      0,00      0,00    100,00
21:56:27          9      0,00      0,00      0,00      0,00      0,00      0,00      0,00      0,00      0,00    100,00
21:56:27         10      0,00      0,00      0,00      0,00      0,00      0,00      0,00      0,00      0,00    100,00
21:56:27         11     99,00      0,00      1,00      0,00      0,00      0,00      0,00      0,00      0,00      0,00
21:56:27         12      0,00      0,00      0,00      0,00      0,00      0,00      0,00      0,00      0,00    100,00
21:56:27         13      0,00      0,00      0,00      0,00      0,00      0,00      0,00      0,00      0,00    100,00
21:56:27         14      0,00      0,00      0,00      0,00      0,00      0,00      0,00      0,00      0,00    100,00
21:56:27         15      0,00      0,00      0,00      0,00      0,00      0,00      0,00      0,00      0,00    100,00

21:56:25        IFACE   rxpck/s   txpck/s    rxkB/s    txkB/s   rxcmp/s   txcmp/s  rxmcst/s   %ifutil
21:56:27           lo      0,00      0,00      0,00      0,00      0,00      0,00      0,00      0,00
21:56:27         eno1      5,50 667014,00      0,35  41688,22      0,00      0,00      1,00     34,15
21:56:27         eno2      0,00      0,00      0,00      0,00      0,00      0,00      0,00      0,00
21:56:27      docker0      0,00      0,00      0,00      0,00      0,00      0,00      0,00      0,00
21:56:27      ens2np0 2062878,00  14240,00 120871,76    834,38      0,00      0,00      0,00      9,90
21:56:27      ens2np1      0,00      0,00      0,00      0,00      0,00      0,00      0,00      0,00

21:56:27        CPU      %usr     %nice      %sys   %iowait    %steal      %irq     %soft    %guest    %gnice     %idle
21:56:29        all      6,22      0,00      0,06      0,00      0,00      0,00     50,02      0,00      0,00     43,70
21:56:29          0      0,00      0,00      0,00      0,00      0,00      0,00    100,00      0,00      0,00      0,00
21:56:29          1      0,00      0,00      0,00      0,00      0,00      0,00    100,00      0,00      0,00      0,00
21:56:29          2      0,00      0,00      0,00      0,00      0,00      0,00    100,00      0,00      0,00      0,00
21:56:29          3      0,00      0,00      0,00      0,00      0,00      0,00    100,00      0,00      0,00      0,00
21:56:29          4      0,00      0,00      0,00      0,00      0,00      0,00    100,00      0,00      0,00      0,00
21:56:29          5      0,00      0,00      0,00      0,00      0,00      0,00    100,00      0,00      0,00      0,00
21:56:29          6      0,00      0,00      0,00      0,00      0,00      0,00    100,00      0,00      0,00      0,00
21:56:29          7      0,00      0,00      0,00      0,00      0,00      0,00    100,00      0,00      0,00      0,00
21:56:29          8      0,50      0,00      0,00      0,00      0,00      0,00      0,00      0,00      0,00     99,50
21:56:29          9      0,50      0,00      0,00      0,00      0,00      0,00      0,00      0,00      0,00     99,50
21:56:29         10      0,00      0,00      0,00      0,00      0,00      0,00      0,00      0,00      0,00    100,00
21:56:29         11     98,99      0,00      1,01      0,00      0,00      0,00      0,00      0,00      0,00      0,00
21:56:29         12      0,00      0,00      0,00      0,00      0,00      0,00      0,00      0,00      0,00    100,00
21:56:29         13      0,00      0,00      0,00      0,00      0,00      0,00      0,00      0,00      0,00    100,00
21:56:29         14      0,00      0,00      0,00      0,00      0,00      0,00      0,00      0,00      0,00    100,00
21:56:29         15      0,00      0,00      0,00      0,00      0,00      0,00      0,00      0,00      0,00    100,00

21:56:27        IFACE   rxpck/s   txpck/s    rxkB/s    txkB/s   rxcmp/s   txcmp/s  rxmcst/s   %ifutil
21:56:29           lo      0,00      0,00      0,00      0,00      0,00      0,00      0,00      0,00
21:56:29         eno1      7,50 687241,50      0,48  42952,75      0,00      0,00      1,50     35,19
21:56:29         eno2      0,00      0,00      0,00      0,00      0,00      0,00      0,00      0,00
21:56:29      docker0      0,00      0,00      0,00      0,00      0,00      0,00      0,00      0,00
21:56:29      ens2np0 2052325,50  14272,00 120253,45    836,25      0,00      0,00      0,00      9,85
21:56:29      ens2np1      0,00      0,00      0,00      0,00      0,00      0,00      0,00      0,00

21:56:29        CPU      %usr     %nice      %sys   %iowait    %steal      %irq     %soft    %guest    %gnice     %idle
21:56:31        all      6,15      0,00      0,19      0,00      0,00      0,00     49,97      0,00      0,00     43,69
21:56:31          0      0,00      0,00      0,50      0,00      0,00      0,00     99,50      0,00      0,00      0,00
21:56:31          1      0,00      0,00      0,00      0,00      0,00      0,00    100,00      0,00      0,00      0,00
21:56:31          2      0,00      0,00      0,00      0,00      0,00      0,00    100,00      0,00      0,00      0,00
21:56:31          3      0,00      0,00      0,00      0,00      0,00      0,00    100,00      0,00      0,00      0,00
21:56:31          4      0,00      0,00      0,00      0,00      0,00      0,00    100,00      0,00      0,00      0,00
21:56:31          5      0,00      0,00      0,00      0,00      0,00      0,00    100,00      0,00      0,00      0,00
21:56:31          6      0,00      0,00      0,00      0,00      0,00      0,00    100,00      0,00      0,00      0,00
21:56:31          7      0,00      0,00      0,00      0,00      0,00      0,00    100,00      0,00      0,00      0,00
21:56:31          8      0,00      0,00      0,50      0,00      0,00      0,00      0,00      0,00      0,00     99,50
21:56:31          9      0,00      0,00      0,00      0,00      0,00      0,00      0,00      0,00      0,00    100,00
21:56:31         10      0,00      0,00      0,00      0,00      0,00      0,00      0,00      0,00      0,00    100,00
21:56:31         11     98,01      0,00      1,99      0,00      0,00      0,00      0,00      0,00      0,00      0,00
21:56:31         12      0,00      0,00      0,00      0,00      0,00      0,00      0,00      0,00      0,00    100,00
21:56:31         13      0,00      0,00      0,00      0,00      0,00      0,00      0,00      0,00      0,00    100,00
21:56:31         14      0,00      0,00      0,00      0,00      0,00      0,00      0,00      0,00      0,00    100,00
21:56:31         15      0,00      0,00      0,00      0,00      0,00      0,00      0,00      0,00      0,00    100,00

21:56:29        IFACE   rxpck/s   txpck/s    rxkB/s    txkB/s   rxcmp/s   txcmp/s  rxmcst/s   %ifutil
21:56:31           lo      0,00      0,00      0,00      0,00      0,00      0,00      0,00      0,00
21:56:31         eno1      6,50 742693,00      0,41  46418,32      0,00      0,00      1,00     38,03
21:56:31         eno2      0,00      0,00      0,00      0,00      0,00      0,00      0,00      0,00
21:56:31      docker0      0,00      0,00      0,00      0,00      0,00      0,00      0,00      0,00
21:56:31      ens2np0 2087230,50  14224,00 122298,66    833,44      0,00      0,00      0,00     10,02
21:56:31      ens2np1      0,00      0,00      0,00      0,00      0,00      0,00      0,00      0,00

21:56:31        CPU      %usr     %nice      %sys   %iowait    %steal      %irq     %soft    %guest    %gnice     %idle
21:56:33        all      6,16      0,00      0,13      0,00      0,00      0,00     50,02      0,00      0,00     43,70
21:56:33          0      0,00      0,00      0,00      0,00      0,00      0,00    100,00      0,00      0,00      0,00
21:56:33          1      0,00      0,00      0,00      0,00      0,00      0,00    100,00      0,00      0,00      0,00
21:56:33          2      0,00      0,00      0,00      0,00      0,00      0,00    100,00      0,00      0,00      0,00
21:56:33          3      0,00      0,00      0,00      0,00      0,00      0,00    100,00      0,00      0,00      0,00
21:56:33          4      0,00      0,00      0,00      0,00      0,00      0,00    100,00      0,00      0,00      0,00
21:56:33          5      0,00      0,00      0,00      0,00      0,00      0,00    100,00      0,00      0,00      0,00
21:56:33          6      0,00      0,00      0,00      0,00      0,00      0,00    100,00      0,00      0,00      0,00
21:56:33          7      0,00      0,00      0,00      0,00      0,00      0,00    100,00      0,00      0,00      0,00
21:56:33          8      0,00      0,00      0,00      0,00      0,00      0,00      0,00      0,00      0,00    100,00
21:56:33          9      0,00      0,00      0,50      0,00      0,00      0,00      0,00      0,00      0,00     99,50
21:56:33         10      0,00      0,00      0,00      0,00      0,00      0,00      0,00      0,00      0,00    100,00
21:56:33         11     98,50      0,00      1,50      0,00      0,00      0,00      0,00      0,00      0,00      0,00
21:56:33         12      0,00      0,00      0,00      0,00      0,00      0,00      0,00      0,00      0,00    100,00
21:56:33         13      0,00      0,00      0,00      0,00      0,00      0,00      0,00      0,00      0,00    100,00
21:56:33         14      0,00      0,00      0,00      0,00      0,00      0,00      0,00      0,00      0,00    100,00
21:56:33         15      0,00      0,00      0,00      0,00      0,00      0,00      0,00      0,00      0,00    100,00

21:56:31        IFACE   rxpck/s   txpck/s    rxkB/s    txkB/s   rxcmp/s   txcmp/s  rxmcst/s   %ifutil
21:56:33           lo      0,00      0,00      0,00      0,00      0,00      0,00      0,00      0,00
21:56:33         eno1      6,50 728935,50      0,41  45558,47      0,00      0,00      1,00     37,32
21:56:33         eno2      0,00      0,00      0,00      0,00      0,00      0,00      0,00      0,00
21:56:33      docker0      0,00      0,00      0,00      0,00      0,00      0,00      0,00      0,00
21:56:33      ens2np0 2075896,00  14224,00 121634,53    833,44      0,00      0,00      0,00      9,96
21:56:33      ens2np1      0,00      0,00      0,00      0,00      0,00      0,00      0,00      0,00

21:56:33        CPU      %usr     %nice      %sys   %iowait    %steal      %irq     %soft    %guest    %gnice     %idle
21:56:35        all      6,44      0,00      0,22      0,00      0,00      0,00     50,02      0,00      0,00     43,32
21:56:35          0      0,00      0,00      0,00      0,00      0,00      0,00    100,00      0,00      0,00      0,00
21:56:35          1      0,00      0,00      0,00      0,00      0,00      0,00    100,00      0,00      0,00      0,00
21:56:35          2      0,00      0,00      0,00      0,00      0,00      0,00    100,00      0,00      0,00      0,00
21:56:35          3      0,00      0,00      0,00      0,00      0,00      0,00    100,00      0,00      0,00      0,00
21:56:35          4      0,00      0,00      0,00      0,00      0,00      0,00    100,00      0,00      0,00      0,00
21:56:35          5      0,00      0,00      0,00      0,00      0,00      0,00    100,00      0,00      0,00      0,00
21:56:35          6      0,00      0,00      0,00      0,00      0,00      0,00    100,00      0,00      0,00      0,00
21:56:35          7      0,00      0,00      0,00      0,00      0,00      0,00    100,00      0,00      0,00      0,00
21:56:35          8      0,00      0,00      0,50      0,00      0,00      0,00      0,00      0,00      0,00     99,50
21:56:35          9      0,50      0,00      0,00      0,00      0,00      0,00      0,00      0,00      0,00     99,50
21:56:35         10      0,00      0,00      0,50      0,00      0,00      0,00      0,00      0,00      0,00     99,50
21:56:35         11     99,00      0,00      1,00      0,00      0,00      0,00      0,00      0,00      0,00      0,00
21:56:35         12      0,50      0,00      0,00      0,00      0,00      0,00      0,00      0,00      0,00     99,50
21:56:35         13      2,00      0,00      1,50      0,00      0,00      0,00      0,00      0,00      0,00     96,50
21:56:35         14      0,00      0,00      0,00      0,00      0,00      0,00      0,00      0,00      0,00    100,00
21:56:35         15      1,00      0,00      0,00      0,00      0,00      0,00      0,00      0,00      0,00     99,00

21:56:33        IFACE   rxpck/s   txpck/s    rxkB/s    txkB/s   rxcmp/s   txcmp/s  rxmcst/s   %ifutil
21:56:35           lo      0,00      0,00      0,00      0,00      0,00      0,00      0,00      0,00
21:56:35         eno1      7,50 754587,00      0,47  47161,69      0,00      0,00      1,00     38,63
21:56:35         eno2      0,00      0,00      0,00      0,00      0,00      0,00      0,00      0,00
21:56:35      docker0      0,00      0,00      0,00      0,00      0,00      0,00      0,00      0,00
21:56:35      ens2np0 2072360,00  14240,00 121427,34    834,38      0,00      0,00      0,00      9,95
21:56:35      ens2np1      0,00      0,00      0,00      0,00      0,00      0,00      0,00      0,00

21:56:35        CPU      %usr     %nice      %sys   %iowait    %steal      %irq     %soft    %guest    %gnice     %idle
21:56:37        all      6,16      0,00      0,09      0,00      0,00      0,00     50,02      0,00      0,00     43,73
21:56:37          0      0,00      0,00      0,00      0,00      0,00      0,00    100,00      0,00      0,00      0,00
21:56:37          1      0,00      0,00      0,00      0,00      0,00      0,00    100,00      0,00      0,00      0,00
21:56:37          2      0,00      0,00      0,00      0,00      0,00      0,00    100,00      0,00      0,00      0,00
21:56:37          3      0,00      0,00      0,00      0,00      0,00      0,00    100,00      0,00      0,00      0,00
21:56:37          4      0,00      0,00      0,00      0,00      0,00      0,00    100,00      0,00      0,00      0,00
21:56:37          5      0,00      0,00      0,00      0,00      0,00      0,00    100,00      0,00      0,00      0,00
21:56:37          6      0,00      0,00      0,00      0,00      0,00      0,00    100,00      0,00      0,00      0,00
21:56:37          7      0,00      0,00      0,00      0,00      0,00      0,00    100,00      0,00      0,00      0,00
21:56:37          8      0,00      0,00      0,00      0,00      0,00      0,00      0,00      0,00      0,00    100,00
21:56:37          9      0,00      0,00      0,00      0,00      0,00      0,00      0,00      0,00      0,00    100,00
21:56:37         10      0,00      0,00      0,00      0,00      0,00      0,00      0,00      0,00      0,00    100,00
21:56:37         11     98,50      0,00      1,50      0,00      0,00      0,00      0,00      0,00      0,00      0,00
21:56:37         12      0,00      0,00      0,00      0,00      0,00      0,00      0,00      0,00      0,00    100,00
21:56:37         13      0,00      0,00      0,00      0,00      0,00      0,00      0,00      0,00      0,00    100,00
21:56:37         14      0,00      0,00      0,00      0,00      0,00      0,00      0,00      0,00      0,00    100,00
21:56:37         15      0,00      0,00      0,00      0,00      0,00      0,00      0,00      0,00      0,00    100,00

21:56:35        IFACE   rxpck/s   txpck/s    rxkB/s    txkB/s   rxcmp/s   txcmp/s  rxmcst/s   %ifutil
21:56:37           lo      0,00      0,00      0,00      0,00      0,00      0,00      0,00      0,00
21:56:37         eno1      7,00 686244,00      0,44  42889,62      0,00      0,00      1,00     35,14
21:56:37         eno2      0,00      0,00      0,00      0,00      0,00      0,00      0,00      0,00
21:56:37      docker0      0,00      0,00      0,00      0,00      0,00      0,00      0,00      0,00
21:56:37      ens2np0 2064416,00  14240,00 120961,88    834,38      0,00      0,00      0,00      9,91
21:56:37      ens2np1      0,00      0,00      0,00      0,00      0,00      0,00      0,00      0,00

21:56:37        CPU      %usr     %nice      %sys   %iowait    %steal      %irq     %soft    %guest    %gnice     %idle
21:56:39        all      6,13      0,00      0,16      0,03      0,00      0,00     49,98      0,00      0,00     43,70
21:56:39          0      0,00      0,00      0,50      0,00      0,00      0,00     99,50      0,00      0,00      0,00
21:56:39          1      0,00      0,00      0,00      0,00      0,00      0,00    100,00      0,00      0,00      0,00
21:56:39          2      0,00      0,00      0,00      0,00      0,00      0,00    100,00      0,00      0,00      0,00
21:56:39          3      0,00      0,00      0,00      0,00      0,00      0,00    100,00      0,00      0,00      0,00
21:56:39          4      0,00      0,00      0,00      0,00      0,00      0,00    100,00      0,00      0,00      0,00
21:56:39          5      0,00      0,00      0,00      0,00      0,00      0,00    100,00      0,00      0,00      0,00
21:56:39          6      0,00      0,00      0,00      0,00      0,00      0,00    100,00      0,00      0,00      0,00
21:56:39          7      0,00      0,00      0,00      0,00      0,00      0,00    100,00      0,00      0,00      0,00
21:56:39          8      0,00      0,00      0,00      0,00      0,00      0,00      0,00      0,00      0,00    100,00
21:56:39          9      0,00      0,00      0,00      0,50      0,00      0,00      0,00      0,00      0,00     99,50
21:56:39         10      0,00      0,00      0,00      0,00      0,00      0,00      0,00      0,00      0,00    100,00
21:56:39         11     98,00      0,00      2,00      0,00      0,00      0,00      0,00      0,00      0,00      0,00
21:56:39         12      0,00      0,00      0,00      0,00      0,00      0,00      0,00      0,00      0,00    100,00
21:56:39         13      0,00      0,00      0,00      0,00      0,00      0,00      0,00      0,00      0,00    100,00
21:56:39         14      0,00      0,00      0,00      0,00      0,00      0,00      0,00      0,00      0,00    100,00
21:56:39         15      0,00      0,00      0,00      0,00      0,00      0,00      0,00      0,00      0,00    100,00

21:56:37        IFACE   rxpck/s   txpck/s    rxkB/s    txkB/s   rxcmp/s   txcmp/s  rxmcst/s   %ifutil
21:56:39           lo      0,00      0,00      0,00      0,00      0,00      0,00      0,00      0,00
21:56:39         eno1      7,50 730805,00      0,47  45675,94      0,00      0,00      1,00     37,42
21:56:39         eno2      0,00      0,00      0,00      0,00      0,00      0,00      0,00      0,00
21:56:39      docker0      0,00      0,00      0,00      0,00      0,00      0,00      0,00      0,00
21:56:39      ens2np0 2076669,50  14208,00 121679,85    832,50      0,00      0,00      0,00      9,97
21:56:39      ens2np1      0,00      0,00      0,00      0,00      0,00      0,00      0,00      0,00

21:56:39        CPU      %usr     %nice      %sys   %iowait    %steal      %irq     %soft    %guest    %gnice     %idle
21:56:41        all      6,10      0,00      0,19      0,00      0,00      0,00     50,00      0,00      0,00     43,71
21:56:41          0      0,00      0,00      0,50      0,00      0,00      0,00     99,50      0,00      0,00      0,00
21:56:41          1      0,00      0,00      0,00      0,00      0,00      0,00    100,00      0,00      0,00      0,00
21:56:41          2      0,00      0,00      0,00      0,00      0,00      0,00    100,00      0,00      0,00      0,00
21:56:41          3      0,00      0,00      0,00      0,00      0,00      0,00    100,00      0,00      0,00      0,00
21:56:41          4      0,00      0,00      0,00      0,00      0,00      0,00    100,00      0,00      0,00      0,00
21:56:41          5      0,00      0,00      0,00      0,00      0,00      0,00    100,00      0,00      0,00      0,00
21:56:41          6      0,00      0,00      0,00      0,00      0,00      0,00    100,00      0,00      0,00      0,00
21:56:41          7      0,00      0,00      0,00      0,00      0,00      0,00    100,00      0,00      0,00      0,00
21:56:41          8      0,00      0,00      0,00      0,00      0,00      0,00      0,00      0,00      0,00    100,00
21:56:41          9      0,00      0,00      0,00      0,00      0,00      0,00      0,00      0,00      0,00    100,00
21:56:41         10      0,00      0,00      0,00      0,00      0,00      0,00      0,00      0,00      0,00    100,00
21:56:41         11     97,50      0,00      2,50      0,00      0,00      0,00      0,00      0,00      0,00      0,00
21:56:41         12      0,00      0,00      0,00      0,00      0,00      0,00      0,00      0,00      0,00    100,00
21:56:41         13      0,00      0,00      0,00      0,00      0,00      0,00      0,00      0,00      0,00    100,00
21:56:41         14      0,00      0,00      0,00      0,00      0,00      0,00      0,00      0,00      0,00    100,00
21:56:41         15      0,00      0,00      0,00      0,00      0,00      0,00      0,00      0,00      0,00    100,00

21:56:39        IFACE   rxpck/s   txpck/s    rxkB/s    txkB/s   rxcmp/s   txcmp/s  rxmcst/s   %ifutil
21:56:41           lo      0,00      0,00      0,00      0,00      0,00      0,00      0,00      0,00
21:56:41         eno1      6,00 722651,50      0,38  45165,72      0,00      0,00      1,00     37,00
21:56:41         eno2      0,00      0,00      0,00      0,00      0,00      0,00      0,00      0,00
21:56:41      docker0      0,00      0,00      0,00      0,00      0,00      0,00      0,00      0,00
21:56:41      ens2np0 2060371,50  14256,00 120724,89    835,31      0,00      0,00      0,00      9,89
21:56:41      ens2np1      0,00      0,00      0,00      0,00      0,00      0,00      0,00      0,00

21:56:41        CPU      %usr     %nice      %sys   %iowait    %steal      %irq     %soft    %guest    %gnice     %idle
21:56:43        all      6,16      0,00      0,13      0,00      0,00      0,00     49,98      0,00      0,00     43,73
21:56:43          0      0,00      0,00      0,50      0,00      0,00      0,00     99,50      0,00      0,00      0,00
21:56:43          1      0,00      0,00      0,00      0,00      0,00      0,00    100,00      0,00      0,00      0,00
21:56:43          2      0,00      0,00      0,00      0,00      0,00      0,00    100,00      0,00      0,00      0,00
21:56:43          3      0,00      0,00      0,00      0,00      0,00      0,00    100,00      0,00      0,00      0,00
21:56:43          4      0,00      0,00      0,00      0,00      0,00      0,00    100,00      0,00      0,00      0,00
21:56:43          5      0,00      0,00      0,00      0,00      0,00      0,00    100,00      0,00      0,00      0,00
21:56:43          6      0,00      0,00      0,00      0,00      0,00      0,00    100,00      0,00      0,00      0,00
21:56:43          7      0,00      0,00      0,00      0,00      0,00      0,00    100,00      0,00      0,00      0,00
21:56:43          8      0,50      0,00      0,00      0,00      0,00      0,00      0,00      0,00      0,00     99,50
21:56:43          9      0,00      0,00      0,00      0,00      0,00      0,00      0,00      0,00      0,00    100,00
21:56:43         10      0,00      0,00      0,00      0,00      0,00      0,00      0,00      0,00      0,00    100,00
21:56:43         11     98,49      0,00      1,51      0,00      0,00      0,00      0,00      0,00      0,00      0,00
21:56:43         12      0,00      0,00      0,00      0,00      0,00      0,00      0,00      0,00      0,00    100,00
21:56:43         13      0,00      0,00      0,00      0,00      0,00      0,00      0,00      0,00      0,00    100,00
21:56:43         14      0,00      0,00      0,00      0,00      0,00      0,00      0,00      0,00      0,00    100,00
21:56:43         15      0,00      0,00      0,00      0,00      0,00      0,00      0,00      0,00      0,00    100,00

21:56:41        IFACE   rxpck/s   txpck/s    rxkB/s    txkB/s   rxcmp/s   txcmp/s  rxmcst/s   %ifutil
21:56:43           lo      0,00      0,00      0,00      0,00      0,00      0,00      0,00      0,00
21:56:43         eno1      5,00 720765,50      0,31  45047,38      0,00      0,00      1,00     36,90
21:56:43         eno2      0,00      0,00      0,00      0,00      0,00      0,00      0,00      0,00
21:56:43      docker0      0,00      0,00      0,00      0,00      0,00      0,00      0,00      0,00
21:56:43      ens2np0 2071487,00  14208,00 121376,19    832,50      0,00      0,00      0,00      9,94
21:56:43      ens2np1      0,00      0,00      0,00      0,00      0,00      0,00      0,00      0,00

21:56:43        CPU      %usr     %nice      %sys   %iowait    %steal      %irq     %soft    %guest    %gnice     %idle
21:56:45        all      6,68      0,00      0,22      0,00      0,00      0,00     49,94      0,00      0,00     43,16
21:56:45          0      0,00      0,00      0,50      0,00      0,00      0,00     99,50      0,00      0,00      0,00
21:56:45          1      0,00      0,00      0,00      0,00      0,00      0,00    100,00      0,00      0,00      0,00
21:56:45          2      0,00      0,00      0,00      0,00      0,00      0,00    100,00      0,00      0,00      0,00
21:56:45          3      0,00      0,00      0,00      0,00      0,00      0,00    100,00      0,00      0,00      0,00
21:56:45          4      0,00      0,00      0,00      0,00      0,00      0,00    100,00      0,00      0,00      0,00
21:56:45          5      0,00      0,00      0,00      0,00      0,00      0,00    100,00      0,00      0,00      0,00
21:56:45          6      0,00      0,00      0,00      0,00      0,00      0,00    100,00      0,00      0,00      0,00
21:56:45          7      0,00      0,00      0,00      0,00      0,00      0,00    100,00      0,00      0,00      0,00
21:56:45          8      0,50      0,00      0,00      0,00      0,00      0,00      0,00      0,00      0,00     99,50
21:56:45          9      1,00      0,00      1,00      0,00      0,00      0,00      0,00      0,00      0,00     98,01
21:56:45         10      2,97      0,00      0,50      0,00      0,00      0,00      0,00      0,00      0,00     96,53
21:56:45         11     99,00      0,00      1,00      0,00      0,00      0,00      0,00      0,00      0,00      0,00
21:56:45         12      0,50      0,00      0,00      0,00      0,00      0,00      0,00      0,00      0,00     99,50
21:56:45         13      1,00      0,00      0,00      0,00      0,00      0,00      0,00      0,00      0,00     99,00
21:56:45         14      1,00      0,00      0,00      0,00      0,00      0,00      0,00      0,00      0,00     99,00
21:56:45         15      1,00      0,00      0,50      0,00      0,00      0,00      0,00      0,00      0,00     98,50

21:56:43        IFACE   rxpck/s   txpck/s    rxkB/s    txkB/s   rxcmp/s   txcmp/s  rxmcst/s   %ifutil
21:56:45           lo      0,00      0,00      0,00      0,00      0,00      0,00      0,00      0,00
21:56:45         eno1      7,00 711974,00      0,44  44498,84      0,00      0,00      1,00     36,45
21:56:45         eno2      0,00      0,00      0,00      0,00      0,00      0,00      0,00      0,00
21:56:45      docker0      0,00      0,00      0,00      0,00      0,00      0,00      0,00      0,00
21:56:45      ens2np0 2063104,00  14240,00 120885,00    834,38      0,00      0,00      0,00      9,90
21:56:45      ens2np1      0,00      0,00      0,00      0,00      0,00      0,00      0,00      0,00

21:56:45        CPU      %usr     %nice      %sys   %iowait    %steal      %irq     %soft    %guest    %gnice     %idle
21:56:47        all      6,40      0,00      0,25      0,00      0,00      0,00     49,95      0,00      0,00     43,39
21:56:47          0      0,00      0,00      0,50      0,00      0,00      0,00     99,50      0,00      0,00      0,00
21:56:47          1      0,00      0,00      0,00      0,00      0,00      0,00    100,00      0,00      0,00      0,00
21:56:47          2      0,00      0,00      0,00      0,00      0,00      0,00    100,00      0,00      0,00      0,00
21:56:47          3      0,00      0,00      0,00      0,00      0,00      0,00    100,00      0,00      0,00      0,00
21:56:47          4      0,00      0,00      0,00      0,00      0,00      0,00    100,00      0,00      0,00      0,00
21:56:47          5      0,00      0,00      0,00      0,00      0,00      0,00    100,00      0,00      0,00      0,00
21:56:47          6      0,00      0,00      0,00      0,00      0,00      0,00    100,00      0,00      0,00      0,00
21:56:47          7      0,00      0,00      0,00      0,00      0,00      0,00    100,00      0,00      0,00      0,00
21:56:47          8      0,00      0,00      0,00      0,00      0,00      0,00      0,00      0,00      0,00    100,00
21:56:47          9      0,00      0,00      0,50      0,00      0,00      0,00      0,00      0,00      0,00     99,50
21:56:47         10      0,00      0,00      0,00      0,00      0,00      0,00      0,00      0,00      0,00    100,00
21:56:47         11     98,00      0,00      2,00      0,00      0,00      0,00      0,00      0,00      0,00      0,00
21:56:47         12      4,00      0,00      1,00      0,00      0,00      0,00      0,00      0,00      0,00     95,00
21:56:47         13      0,00      0,00      0,00      0,00      0,00      0,00      0,00      0,00      0,00    100,00
21:56:47         14      0,00      0,00      0,00      0,00      0,00      0,00      0,00      0,00      0,00    100,00
21:56:47         15      0,50      0,00      0,00      0,00      0,00      0,00      0,00      0,00      0,00     99,50

21:56:45        IFACE   rxpck/s   txpck/s    rxkB/s    txkB/s   rxcmp/s   txcmp/s  rxmcst/s   %ifutil
21:56:47           lo      0,00      0,00      0,00      0,00      0,00      0,00      0,00      0,00
21:56:47         eno1      6,50 644906,00      0,41  40306,34      0,00      0,00      1,00     33,02
21:56:47         eno2      0,00      0,00      0,00      0,00      0,00      0,00      0,00      0,00
21:56:47      docker0      0,00      0,00      0,00      0,00      0,00      0,00      0,00      0,00
21:56:47      ens2np0 2034712,00  14272,00 119221,41    836,25      0,00      0,00      0,00      9,77
21:56:47      ens2np1      0,00      0,00      0,00      0,00      0,00      0,00      0,00      0,00

21:56:47        CPU      %usr     %nice      %sys   %iowait    %steal      %irq     %soft    %guest    %gnice     %idle
21:56:49        all      6,12      0,00      0,19      0,00      0,00      0,00     49,98      0,00      0,00     43,71
21:56:49          0      0,00      0,00      0,00      0,00      0,00      0,00    100,00      0,00      0,00      0,00
21:56:49          1      0,00      0,00      0,00      0,00      0,00      0,00    100,00      0,00      0,00      0,00
21:56:49          2      0,00      0,00      0,00      0,00      0,00      0,00    100,00      0,00      0,00      0,00
21:56:49          3      0,00      0,00      0,00      0,00      0,00      0,00    100,00      0,00      0,00      0,00
21:56:49          4      0,00      0,00      0,00      0,00      0,00      0,00    100,00      0,00      0,00      0,00
21:56:49          5      0,00      0,00      0,00      0,00      0,00      0,00    100,00      0,00      0,00      0,00
21:56:49          6      0,00      0,00      0,00      0,00      0,00      0,00    100,00      0,00      0,00      0,00
21:56:49          7      0,00      0,00      0,00      0,00      0,00      0,00    100,00      0,00      0,00      0,00
21:56:49          8      0,00      0,00      0,50      0,00      0,00      0,00      0,00      0,00      0,00     99,50
21:56:49          9      0,00      0,00      0,00      0,00      0,00      0,00      0,00      0,00      0,00    100,00
21:56:49         10      0,00      0,00      0,00      0,00      0,00      0,00      0,00      0,00      0,00    100,00
21:56:49         11     97,51      0,00      2,49      0,00      0,00      0,00      0,00      0,00      0,00      0,00
21:56:49         12      0,00      0,00      0,00      0,00      0,00      0,00      0,00      0,00      0,00    100,00
21:56:49         13      0,00      0,00      0,00      0,00      0,00      0,00      0,00      0,00      0,00    100,00
21:56:49         14      0,00      0,00      0,00      0,00      0,00      0,00      0,00      0,00      0,00    100,00
21:56:49         15      0,00      0,00      0,00      0,00      0,00      0,00      0,00      0,00      0,00    100,00

21:56:47        IFACE   rxpck/s   txpck/s    rxkB/s    txkB/s   rxcmp/s   txcmp/s  rxmcst/s   %ifutil
21:56:49           lo      0,00      0,00      0,00      0,00      0,00      0,00      0,00      0,00
21:56:49         eno1      7,50 725911,50      0,51  45369,75      0,00      0,00      2,00     37,17
21:56:49         eno2      0,00      0,00      0,00      0,00      0,00      0,00      0,00      0,00
21:56:49      docker0      0,00      0,00      0,00      0,00      0,00      0,00      0,00      0,00
21:56:49      ens2np0 2077729,50  14208,00 121741,96    832,50      0,00      0,00      0,00      9,97
21:56:49      ens2np1      0,00      0,00      0,00      0,00      0,00      0,00      0,00      0,00

Average:        CPU      %usr     %nice      %sys   %iowait    %steal      %irq     %soft    %guest    %gnice     %idle
Average:        all      6,27      0,00      0,13      0,01      0,00      0,00     39,41      0,00      0,00     54,20
Average:          0      0,04      0,00      0,18      0,00      0,00      0,00     78,66      0,00      0,00     21,12
Average:          1      0,04      0,00      0,02      0,00      0,00      0,00     78,80      0,00      0,00     21,14
Average:          2      0,00      0,00      0,02      0,00      0,00      0,00     78,82      0,00      0,00     21,16
Average:          3     13,70      0,00      0,00      0,00      0,00      0,00     78,84      0,00      0,00      7,46
Average:          4      0,00      0,00      0,00      0,00      0,00      0,00     78,83      0,00      0,00     21,17
Average:          5      0,06      0,00      0,00      0,00      0,00      0,00     78,82      0,00      0,00     21,12
Average:          6      0,00      0,00      0,00      0,00      0,00      0,00     78,83      0,00      0,00     21,17
Average:          7      0,02      0,00      0,00      0,00      0,00      0,00     78,82      0,00      0,00     21,16
Average:          8      0,16      0,00      0,08      0,00      0,00      0,00      0,00      0,00      0,00     99,76
Average:          9      0,12      0,00      0,12      0,02      0,00      0,00      0,00      0,00      0,00     99,74
Average:         10      0,16      0,00      0,06      0,00      0,00      0,00      0,00      0,00      0,00     99,78
Average:         11     85,06      0,00      1,24      0,00      0,00      0,00      0,00      0,00      0,00     13,70
Average:         12      0,32      0,00      0,10      0,00      0,00      0,00      0,00      0,00      0,00     99,58
Average:         13      0,22      0,00      0,12      0,02      0,00      0,00      0,00      0,00      0,00     99,64
Average:         14      0,16      0,00      0,02      0,06      0,00      0,00      0,00      0,00      0,00     99,76
Average:         15      0,20      0,00      0,06      0,00      0,00      0,00      0,00      0,00      0,00     99,74

Average:        IFACE   rxpck/s   txpck/s    rxkB/s    txkB/s   rxcmp/s   txcmp/s  rxmcst/s   %ifutil
Average:           lo      0,16      0,16      0,02      0,02      0,00      0,00      0,00      0,00
Average:         eno1      7,42 541424,14      0,59  33839,10      0,00      0,00      1,22     27,72
Average:         eno2      0,00      0,00      0,00      0,00      0,00      0,00      0,00      0,00
Average:      docker0      0,00      0,00      0,00      0,00      0,00      0,00      0,00      0,00
Average:      ens2np0 1623309,02  11236,58  95115,76    658,40      0,00      0,00      0,00      7,79
Average:      ens2np1      0,00      0,00      0,00      0,00      0,00      0,00      0,00      0,00
