Linux 5.13.0-52-generic (w1) 	22/07/2022 	_x86_64_	(16 CPU)

20:55:01        CPU      %usr     %nice      %sys   %iowait    %steal      %irq     %soft    %guest    %gnice     %idle
20:55:03        all      6,31      0,00      0,00      0,00      0,00      0,00      0,00      0,00      0,00     93,69
20:55:03          0      0,00      0,00      0,00      0,00      0,00      0,00      0,00      0,00      0,00    100,00
20:55:03          1    100,00      0,00      0,00      0,00      0,00      0,00      0,00      0,00      0,00      0,00
20:55:03          2      0,00      0,00      0,00      0,00      0,00      0,00      0,00      0,00      0,00    100,00
20:55:03          3      0,00      0,00      0,00      0,00      0,00      0,00      0,00      0,00      0,00    100,00
20:55:03          4      0,00      0,00      0,00      0,00      0,00      0,00      0,00      0,00      0,00    100,00
20:55:03          5      0,00      0,00      0,00      0,00      0,00      0,00      0,00      0,00      0,00    100,00
20:55:03          6      0,00      0,00      0,00      0,00      0,00      0,00      0,00      0,00      0,00    100,00
20:55:03          7      0,00      0,00      0,00      0,00      0,00      0,00      0,00      0,00      0,00    100,00
20:55:03          8      0,00      0,00      0,00      0,00      0,00      0,00      0,00      0,00      0,00    100,00
20:55:03          9      0,00      0,00      0,00      0,00      0,00      0,00      0,00      0,00      0,00    100,00
20:55:03         10      0,00      0,00      0,00      0,00      0,00      0,00      0,00      0,00      0,00    100,00
20:55:03         11      0,50      0,00      0,00      0,00      0,00      0,00      0,00      0,00      0,00     99,50
20:55:03         12      0,00      0,00      0,00      0,00      0,00      0,00      0,00      0,00      0,00    100,00
20:55:03         13      0,50      0,00      0,00      0,00      0,00      0,00      0,00      0,00      0,00     99,50
20:55:03         14      0,00      0,00      0,00      0,00      0,00      0,00      0,00      0,00      0,00    100,00
20:55:03         15      0,00      0,00      0,00      0,00      0,00      0,00      0,00      0,00      0,00    100,00

20:55:01        IFACE   rxpck/s   txpck/s    rxkB/s    txkB/s   rxcmp/s   txcmp/s  rxmcst/s   %ifutil
20:55:03           lo      0,00      0,00      0,00      0,00      0,00      0,00      0,00      0,00
20:55:03         eno1     23,00     16,50      3,79      3,22      0,00      0,00      1,00      0,00
20:55:03         eno2      0,00      0,00      0,00      0,00      0,00      0,00      0,00      0,00
20:55:03      docker0      0,00      0,00      0,00      0,00      0,00      0,00      0,00      0,00
20:55:03      ens2np0      0,00      0,00      0,00      0,00      0,00      0,00      0,00      0,00
20:55:03      ens2np1      0,00      0,00      0,00      0,00      0,00      0,00      0,00      0,00

20:55:03        CPU      %usr     %nice      %sys   %iowait    %steal      %irq     %soft    %guest    %gnice     %idle
20:55:05        all      6,60      0,00      0,19      0,00      0,00      0,00      0,00      0,00      0,00     93,21
20:55:05          0      0,50      0,00      0,50      0,00      0,00      0,00      0,00      0,00      0,00     99,00
20:55:05          1    100,00      0,00      0,00      0,00      0,00      0,00      0,00      0,00      0,00      0,00
20:55:05          2      0,50      0,00      0,00      0,00      0,00      0,00      0,00      0,00      0,00     99,50
20:55:05          3      0,50      0,00      0,00      0,00      0,00      0,00      0,00      0,00      0,00     99,50
20:55:05          4      0,00      0,00      0,00      0,00      0,00      0,00      0,00      0,00      0,00    100,00
20:55:05          5      0,00      0,00      0,00      0,00      0,00      0,00      0,00      0,00      0,00    100,00
20:55:05          6      0,50      0,00      0,50      0,00      0,00      0,00      0,00      0,00      0,00     99,00
20:55:05          7      0,00      0,00      0,00      0,00      0,00      0,00      0,00      0,00      0,00    100,00
20:55:05          8      0,50      0,00      0,00      0,00      0,00      0,00      0,00      0,00      0,00     99,50
20:55:05          9      0,50      0,00      0,00      0,00      0,00      0,00      0,00      0,00      0,00     99,50
20:55:05         10      0,00      0,00      0,50      0,00      0,00      0,00      0,00      0,00      0,00     99,50
20:55:05         11      0,00      0,00      0,00      0,00      0,00      0,00      0,00      0,00      0,00    100,00
20:55:05         12      0,50      0,00      1,00      0,00      0,00      0,00      0,00      0,00      0,00     98,50
20:55:05         13      0,00      0,00      0,00      0,00      0,00      0,00      0,00      0,00      0,00    100,00
20:55:05         14      1,49      0,00      0,50      0,00      0,00      0,00      0,00      0,00      0,00     98,01
20:55:05         15      0,50      0,00      0,00      0,00      0,00      0,00      0,00      0,00      0,00     99,50

20:55:03        IFACE   rxpck/s   txpck/s    rxkB/s    txkB/s   rxcmp/s   txcmp/s  rxmcst/s   %ifutil
20:55:05           lo      0,00      0,00      0,00      0,00      0,00      0,00      0,00      0,00
20:55:05         eno1      5,50      0,00      0,35      0,00      0,00      0,00      1,00      0,00
20:55:05         eno2      0,00      0,00      0,00      0,00      0,00      0,00      0,00      0,00
20:55:05      docker0      0,00      0,00      0,00      0,00      0,00      0,00      0,00      0,00
20:55:05      ens2np0      0,00      0,00      0,00      0,00      0,00      0,00      0,00      0,00
20:55:05      ens2np1      0,00      0,00      0,00      0,00      0,00      0,00      0,00      0,00

20:55:05        CPU      %usr     %nice      %sys   %iowait    %steal      %irq     %soft    %guest    %gnice     %idle
20:55:07        all      6,58      0,00      0,00      0,00      0,00      0,00      0,00      0,00      0,00     93,42
20:55:07          0      0,50      0,00      0,00      0,00      0,00      0,00      0,00      0,00      0,00     99,50
20:55:07          1    100,00      0,00      0,00      0,00      0,00      0,00      0,00      0,00      0,00      0,00
20:55:07          2      0,50      0,00      0,00      0,00      0,00      0,00      0,00      0,00      0,00     99,50
20:55:07          3      0,00      0,00      0,00      0,00      0,00      0,00      0,00      0,00      0,00    100,00
20:55:07          4      0,00      0,00      0,00      0,00      0,00      0,00      0,00      0,00      0,00    100,00
20:55:07          5      0,50      0,00      0,00      0,00      0,00      0,00      0,00      0,00      0,00     99,50
20:55:07          6      0,50      0,00      0,00      0,00      0,00      0,00      0,00      0,00      0,00     99,50
20:55:07          7      0,50      0,00      0,00      0,00      0,00      0,00      0,00      0,00      0,00     99,50
20:55:07          8      0,00      0,00      0,00      0,00      0,00      0,00      0,00      0,00      0,00    100,00
20:55:07          9      0,00      0,00      0,00      0,00      0,00      0,00      0,00      0,00      0,00    100,00
20:55:07         10      0,00      0,00      0,00      0,00      0,00      0,00      0,00      0,00      0,00    100,00
20:55:07         11      0,50      0,00      0,00      0,00      0,00      0,00      0,00      0,00      0,00     99,50
20:55:07         12      0,50      0,00      0,00      0,00      0,00      0,00      0,00      0,00      0,00     99,50
20:55:07         13      1,00      0,00      0,00      0,00      0,00      0,00      0,00      0,00      0,00     99,00
20:55:07         14      0,50      0,00      0,00      0,00      0,00      0,00      0,00      0,00      0,00     99,50
20:55:07         15      0,50      0,00      0,00      0,00      0,00      0,00      0,00      0,00      0,00     99,50

20:55:05        IFACE   rxpck/s   txpck/s    rxkB/s    txkB/s   rxcmp/s   txcmp/s  rxmcst/s   %ifutil
20:55:07           lo      0,00      0,00      0,00      0,00      0,00      0,00      0,00      0,00
20:55:07         eno1     10,00      5,50      0,98      1,08      0,00      0,00      1,00      0,00
20:55:07         eno2      0,00      0,00      0,00      0,00      0,00      0,00      0,00      0,00
20:55:07      docker0      0,00      0,00      0,00      0,00      0,00      0,00      0,00      0,00
20:55:07      ens2np0      0,00      0,00      0,00      0,00      0,00      0,00      0,00      0,00
20:55:07      ens2np1      0,00      0,00      0,00      0,00      0,00      0,00      0,00      0,00

20:55:07        CPU      %usr     %nice      %sys   %iowait    %steal      %irq     %soft    %guest    %gnice     %idle
20:55:09        all      6,25      0,00      0,03      0,00      0,00      0,00      0,00      0,00      0,00     93,72
20:55:09          0      0,00      0,00      0,00      0,00      0,00      0,00      0,00      0,00      0,00    100,00
20:55:09          1    100,00      0,00      0,00      0,00      0,00      0,00      0,00      0,00      0,00      0,00
20:55:09          2      0,00      0,00      0,00      0,00      0,00      0,00      0,00      0,00      0,00    100,00
20:55:09          3      0,00      0,00      0,00      0,00      0,00      0,00      0,00      0,00      0,00    100,00
20:55:09          4      0,00      0,00      0,00      0,00      0,00      0,00      0,00      0,00      0,00    100,00
20:55:09          5      0,00      0,00      0,00      0,00      0,00      0,00      0,00      0,00      0,00    100,00
20:55:09          6      0,00      0,00      0,00      0,00      0,00      0,00      0,00      0,00      0,00    100,00
20:55:09          7      0,00      0,00      0,00      0,00      0,00      0,00      0,00      0,00      0,00    100,00
20:55:09          8      0,00      0,00      0,00      0,00      0,00      0,00      0,00      0,00      0,00    100,00
20:55:09          9      0,00      0,00      0,00      0,00      0,00      0,00      0,00      0,00      0,00    100,00
20:55:09         10      0,00      0,00      0,00      0,00      0,00      0,00      0,00      0,00      0,00    100,00
20:55:09         11      0,00      0,00      0,00      0,00      0,00      0,00      0,00      0,00      0,00    100,00
20:55:09         12      0,00      0,00      0,50      0,00      0,00      0,00      0,00      0,00      0,00     99,50
20:55:09         13      0,00      0,00      0,00      0,00      0,00      0,00      0,00      0,00      0,00    100,00
20:55:09         14      0,00      0,00      0,00      0,00      0,00      0,00      0,00      0,00      0,00    100,00
20:55:09         15      0,00      0,00      0,00      0,00      0,00      0,00      0,00      0,00      0,00    100,00

20:55:07        IFACE   rxpck/s   txpck/s    rxkB/s    txkB/s   rxcmp/s   txcmp/s  rxmcst/s   %ifutil
20:55:09           lo      0,00      0,00      0,00      0,00      0,00      0,00      0,00      0,00
20:55:09         eno1      9,50      0,00      0,60      0,00      0,00      0,00      1,00      0,00
20:55:09         eno2      0,00      0,00      0,00      0,00      0,00      0,00      0,00      0,00
20:55:09      docker0      0,00      0,00      0,00      0,00      0,00      0,00      0,00      0,00
20:55:09      ens2np0      0,00      0,00      0,00      0,00      0,00      0,00      0,00      0,00
20:55:09      ens2np1      0,00      0,00      0,00      0,00      0,00      0,00      0,00      0,00

20:55:09        CPU      %usr     %nice      %sys   %iowait    %steal      %irq     %soft    %guest    %gnice     %idle
20:55:11        all      6,32      0,00      0,00      0,00      0,00      0,00      0,00      0,00      0,00     93,68
20:55:11          0      0,00      0,00      0,00      0,00      0,00      0,00      0,00      0,00      0,00    100,00
20:55:11          1    100,00      0,00      0,00      0,00      0,00      0,00      0,00      0,00      0,00      0,00
20:55:11          2      0,00      0,00      0,00      0,00      0,00      0,00      0,00      0,00      0,00    100,00
20:55:11          3      1,00      0,00      0,00      0,00      0,00      0,00      0,00      0,00      0,00     99,00
20:55:11          4      0,00      0,00      0,00      0,00      0,00      0,00      0,00      0,00      0,00    100,00
20:55:11          5      0,00      0,00      0,00      0,00      0,00      0,00      0,00      0,00      0,00    100,00
20:55:11          6      0,00      0,00      0,00      0,00      0,00      0,00      0,00      0,00      0,00    100,00
20:55:11          7      0,00      0,00      0,00      0,00      0,00      0,00      0,00      0,00      0,00    100,00
20:55:11          8      0,00      0,00      0,00      0,00      0,00      0,00      0,00      0,00      0,00    100,00
20:55:11          9      0,00      0,00      0,00      0,00      0,00      0,00      0,00      0,00      0,00    100,00
20:55:11         10      0,00      0,00      0,00      0,00      0,00      0,00      0,00      0,00      0,00    100,00
20:55:11         11      0,00      0,00      0,00      0,00      0,00      0,00      0,00      0,00      0,00    100,00
20:55:11         12      0,00      0,00      0,00      0,00      0,00      0,00      0,00      0,00      0,00    100,00
20:55:11         13      0,00      0,00      0,00      0,00      0,00      0,00      0,00      0,00      0,00    100,00
20:55:11         14      0,00      0,00      0,00      0,00      0,00      0,00      0,00      0,00      0,00    100,00
20:55:11         15      0,00      0,00      0,00      0,00      0,00      0,00      0,00      0,00      0,00    100,00

20:55:09        IFACE   rxpck/s   txpck/s    rxkB/s    txkB/s   rxcmp/s   txcmp/s  rxmcst/s   %ifutil
20:55:11           lo      0,00      0,00      0,00      0,00      0,00      0,00      0,00      0,00
20:55:11         eno1      7,00      2,50      0,60      0,20      0,00      0,00      1,00      0,00
20:55:11         eno2      0,00      0,00      0,00      0,00      0,00      0,00      0,00      0,00
20:55:11      docker0      0,00      0,00      0,00      0,00      0,00      0,00      0,00      0,00
20:55:11      ens2np0      0,00      0,00      0,00      0,00      0,00      0,00      0,00      0,00
20:55:11      ens2np1      0,00      0,00      0,00      0,00      0,00      0,00      0,00      0,00

20:55:11        CPU      %usr     %nice      %sys   %iowait    %steal      %irq     %soft    %guest    %gnice     %idle
20:55:13        all      4,51      0,00      1,60      0,00      0,00      0,00     27,53      0,00      0,00     66,36
20:55:13          0      0,00      0,00      0,00      0,00      0,00      0,00     55,05      0,00      0,00     44,95
20:55:13          1     44,50      0,00      0,50      0,00      0,00      0,00     55,00      0,00      0,00      0,00
20:55:13          2      0,00      0,00      0,00      0,00      0,00      0,00     55,28      0,00      0,00     44,72
20:55:13          3      0,00      0,00      0,00      0,00      0,00      0,00     55,28      0,00      0,00     44,72
20:55:13          4      0,00      0,00      0,00      0,00      0,00      0,00     55,00      0,00      0,00     45,00
20:55:13          5      0,00      0,00      0,00      0,00      0,00      0,00     55,28      0,00      0,00     44,72
20:55:13          6      0,00      0,00      0,00      0,00      0,00      0,00     55,22      0,00      0,00     44,78
20:55:13          7      0,00      0,00      0,00      0,00      0,00      0,00     55,00      0,00      0,00     45,00
20:55:13          8     27,50      0,00     25,00      0,00      0,00      0,00      0,00      0,00      0,00     47,50
20:55:13          9      0,00      0,00      0,00      0,00      0,00      0,00      0,00      0,00      0,00    100,00
20:55:13         10      0,00      0,00      0,00      0,00      0,00      0,00      0,00      0,00      0,00    100,00
20:55:13         11      0,00      0,00      0,00      0,00      0,00      0,00      0,00      0,00      0,00    100,00
20:55:13         12      0,00      0,00      0,00      0,00      0,00      0,00      0,00      0,00      0,00    100,00
20:55:13         13      0,00      0,00      0,00      0,00      0,00      0,00      0,00      0,00      0,00    100,00
20:55:13         14      0,00      0,00      0,00      0,00      0,00      0,00      0,00      0,00      0,00    100,00
20:55:13         15      0,00      0,00      0,00      0,00      0,00      0,00      0,00      0,00      0,00    100,00

20:55:11        IFACE   rxpck/s   txpck/s    rxkB/s    txkB/s   rxcmp/s   txcmp/s  rxmcst/s   %ifutil
20:55:13           lo      0,00      0,00      0,00      0,00      0,00      0,00      0,00      0,00
20:55:13         eno1      7,50  64107,00      0,47  16025,88      0,00      0,00      1,00     13,13
20:55:13         eno2      0,00      0,00      0,00      0,00      0,00      0,00      0,00      0,00
20:55:13      docker0      0,00      0,00      0,00      0,00      0,00      0,00      0,00      0,00
20:55:13      ens2np0 887417,50 298709,00 218387,90  73440,61      0,00      0,00      0,00     17,89
20:55:13      ens2np1      0,00      0,00      0,00      0,00      0,00      0,00      0,00      0,00

20:55:13        CPU      %usr     %nice      %sys   %iowait    %steal      %irq     %soft    %guest    %gnice     %idle
20:55:15        all      3,69      0,00      2,94      0,00      0,00      0,00     50,08      0,00      0,00     43,29
20:55:15          0      0,00      0,00      0,00      0,00      0,00      0,00    100,00      0,00      0,00      0,00
20:55:15          1      0,00      0,00      0,00      0,00      0,00      0,00    100,00      0,00      0,00      0,00
20:55:15          2      0,00      0,00      0,00      0,00      0,00      0,00    100,00      0,00      0,00      0,00
20:55:15          3      0,00      0,00      0,00      0,00      0,00      0,00    100,00      0,00      0,00      0,00
20:55:15          4      0,00      0,00      0,00      0,00      0,00      0,00    100,00      0,00      0,00      0,00
20:55:15          5      0,00      0,00      0,00      0,00      0,00      0,00    100,00      0,00      0,00      0,00
20:55:15          6      0,00      0,00      0,00      0,00      0,00      0,00    100,00      0,00      0,00      0,00
20:55:15          7      0,00      0,00      0,00      0,00      0,00      0,00    100,00      0,00      0,00      0,00
20:55:15          8     53,77      0,00     46,23      0,00      0,00      0,00      0,00      0,00      0,00      0,00
20:55:15          9      1,01      0,00      0,00      0,00      0,00      0,00      0,00      0,00      0,00     98,99
20:55:15         10      1,00      0,00      0,50      0,00      0,00      0,00      0,00      0,00      0,00     98,50
20:55:15         11      1,01      0,00      0,00      0,00      0,00      0,00      0,00      0,00      0,00     98,99
20:55:15         12      0,50      0,00      0,00      0,00      0,00      0,00      0,00      0,00      0,00     99,50
20:55:15         13      0,00      0,00      0,50      0,00      0,00      0,00      0,00      0,00      0,00     99,50
20:55:15         14      1,00      0,00      0,00      0,00      0,00      0,00      0,00      0,00      0,00     99,00
20:55:15         15      1,01      0,00      0,00      0,00      0,00      0,00      0,00      0,00      0,00     98,99

20:55:13        IFACE   rxpck/s   txpck/s    rxkB/s    txkB/s   rxcmp/s   txcmp/s  rxmcst/s   %ifutil
20:55:15           lo      0,00      0,00      0,00      0,00      0,00      0,00      0,00      0,00
20:55:15         eno1      8,00 463773,00      0,50 115943,25      0,00      0,00      1,00     94,98
20:55:15         eno2      0,00      0,00      0,00      0,00      0,00      0,00      0,00      0,00
20:55:15      docker0      0,00      0,00      0,00      0,00      0,00      0,00      0,00      0,00
20:55:15      ens2np0 1607125,00 561982,50 395503,42 138300,38      0,00      0,00      0,00     32,40
20:55:15      ens2np1      0,00      0,00      0,00      0,00      0,00      0,00      0,00      0,00

20:55:15        CPU      %usr     %nice      %sys   %iowait    %steal      %irq     %soft    %guest    %gnice     %idle
20:55:17        all      3,19      0,00      3,09      0,00      0,00      0,00     50,00      0,00      0,00     43,72
20:55:17          0      0,00      0,00      0,00      0,00      0,00      0,00    100,00      0,00      0,00      0,00
20:55:17          1      0,00      0,00      0,00      0,00      0,00      0,00    100,00      0,00      0,00      0,00
20:55:17          2      0,00      0,00      0,00      0,00      0,00      0,00    100,00      0,00      0,00      0,00
20:55:17          3      0,00      0,00      0,00      0,00      0,00      0,00    100,00      0,00      0,00      0,00
20:55:17          4      0,00      0,00      0,00      0,00      0,00      0,00    100,00      0,00      0,00      0,00
20:55:17          5      0,00      0,00      0,00      0,00      0,00      0,00    100,00      0,00      0,00      0,00
20:55:17          6      0,00      0,00      0,00      0,00      0,00      0,00    100,00      0,00      0,00      0,00
20:55:17          7      0,00      0,00      0,00      0,00      0,00      0,00    100,00      0,00      0,00      0,00
20:55:17          8     50,75      0,00     49,25      0,00      0,00      0,00      0,00      0,00      0,00      0,00
20:55:17          9      0,00      0,00      0,00      0,00      0,00      0,00      0,00      0,00      0,00    100,00
20:55:17         10      0,00      0,00      0,00      0,00      0,00      0,00      0,00      0,00      0,00    100,00
20:55:17         11      0,00      0,00      0,00      0,00      0,00      0,00      0,00      0,00      0,00    100,00
20:55:17         12      0,00      0,00      0,00      0,00      0,00      0,00      0,00      0,00      0,00    100,00
20:55:17         13      0,00      0,00      0,00      0,00      0,00      0,00      0,00      0,00      0,00    100,00
20:55:17         14      0,00      0,00      0,00      0,00      0,00      0,00      0,00      0,00      0,00    100,00
20:55:17         15      0,00      0,00      0,00      0,00      0,00      0,00      0,00      0,00      0,00    100,00

20:55:15        IFACE   rxpck/s   txpck/s    rxkB/s    txkB/s   rxcmp/s   txcmp/s  rxmcst/s   %ifutil
20:55:17           lo      0,00      0,00      0,00      0,00      0,00      0,00      0,00      0,00
20:55:17         eno1      6,50 463772,50      0,41 115943,25      0,00      0,00      1,00     94,98
20:55:17         eno2      0,00      0,00      0,00      0,00      0,00      0,00      0,00      0,00
20:55:17      docker0      0,00      0,00      0,00      0,00      0,00      0,00      0,00      0,00
20:55:17      ens2np0 1611365,50 562237,50 396546,98 138363,13      0,00      0,00      0,00     32,49
20:55:17      ens2np1      0,00      0,00      0,00      0,00      0,00      0,00      0,00      0,00

20:55:17        CPU      %usr     %nice      %sys   %iowait    %steal      %irq     %soft    %guest    %gnice     %idle
20:55:19        all      3,34      0,00      2,91      0,00      0,00      0,00     50,00      0,00      0,00     43,75
20:55:19          0      0,00      0,00      0,00      0,00      0,00      0,00    100,00      0,00      0,00      0,00
20:55:19          1      0,00      0,00      0,00      0,00      0,00      0,00    100,00      0,00      0,00      0,00
20:55:19          2      0,00      0,00      0,00      0,00      0,00      0,00    100,00      0,00      0,00      0,00
20:55:19          3      0,00      0,00      0,00      0,00      0,00      0,00    100,00      0,00      0,00      0,00
20:55:19          4      0,00      0,00      0,00      0,00      0,00      0,00    100,00      0,00      0,00      0,00
20:55:19          5      0,00      0,00      0,00      0,00      0,00      0,00    100,00      0,00      0,00      0,00
20:55:19          6      0,00      0,00      0,00      0,00      0,00      0,00    100,00      0,00      0,00      0,00
20:55:19          7      0,00      0,00      0,00      0,00      0,00      0,00    100,00      0,00      0,00      0,00
20:55:19          8     53,27      0,00     46,73      0,00      0,00      0,00      0,00      0,00      0,00      0,00
20:55:19          9      0,00      0,00      0,00      0,00      0,00      0,00      0,00      0,00      0,00    100,00
20:55:19         10      0,00      0,00      0,00      0,00      0,00      0,00      0,00      0,00      0,00    100,00
20:55:19         11      0,00      0,00      0,00      0,00      0,00      0,00      0,00      0,00      0,00    100,00
20:55:19         12      0,00      0,00      0,00      0,00      0,00      0,00      0,00      0,00      0,00    100,00
20:55:19         13      0,00      0,00      0,00      0,00      0,00      0,00      0,00      0,00      0,00    100,00
20:55:19         14      0,00      0,00      0,00      0,00      0,00      0,00      0,00      0,00      0,00    100,00
20:55:19         15      0,50      0,00      0,00      0,00      0,00      0,00      0,00      0,00      0,00     99,50

20:55:17        IFACE   rxpck/s   txpck/s    rxkB/s    txkB/s   rxcmp/s   txcmp/s  rxmcst/s   %ifutil
20:55:19           lo      0,00      0,00      0,00      0,00      0,00      0,00      0,00      0,00
20:55:19         eno1      8,00 463773,00      0,50 115943,25      0,00      0,00      1,00     94,98
20:55:19         eno2      0,00      0,00      0,00      0,00      0,00      0,00      0,00      0,00
20:55:19      docker0      0,00      0,00      0,00      0,00      0,00      0,00      0,00      0,00
20:55:19      ens2np0 1610042,50 562242,00 396221,40 138364,24      0,00      0,00      0,00     32,46
20:55:19      ens2np1      0,00      0,00      0,00      0,00      0,00      0,00      0,00      0,00

20:55:19        CPU      %usr     %nice      %sys   %iowait    %steal      %irq     %soft    %guest    %gnice     %idle
20:55:21        all      3,28      0,00      3,00      0,00      0,00      0,00     50,00      0,00      0,00     43,72
20:55:21          0      0,00      0,00      0,00      0,00      0,00      0,00    100,00      0,00      0,00      0,00
20:55:21          1      0,00      0,00      0,00      0,00      0,00      0,00    100,00      0,00      0,00      0,00
20:55:21          2      0,00      0,00      0,00      0,00      0,00      0,00    100,00      0,00      0,00      0,00
20:55:21          3      0,00      0,00      0,00      0,00      0,00      0,00    100,00      0,00      0,00      0,00
20:55:21          4      0,00      0,00      0,00      0,00      0,00      0,00    100,00      0,00      0,00      0,00
20:55:21          5      0,00      0,00      0,00      0,00      0,00      0,00    100,00      0,00      0,00      0,00
20:55:21          6      0,00      0,00      0,00      0,00      0,00      0,00    100,00      0,00      0,00      0,00
20:55:21          7      0,00      0,00      0,00      0,00      0,00      0,00    100,00      0,00      0,00      0,00
20:55:21          8     52,24      0,00     47,76      0,00      0,00      0,00      0,00      0,00      0,00      0,00
20:55:21          9      0,00      0,00      0,00      0,00      0,00      0,00      0,00      0,00      0,00    100,00
20:55:21         10      0,00      0,00      0,00      0,00      0,00      0,00      0,00      0,00      0,00    100,00
20:55:21         11      0,00      0,00      0,00      0,00      0,00      0,00      0,00      0,00      0,00    100,00
20:55:21         12      0,00      0,00      0,00      0,00      0,00      0,00      0,00      0,00      0,00    100,00
20:55:21         13      0,00      0,00      0,00      0,00      0,00      0,00      0,00      0,00      0,00    100,00
20:55:21         14      0,00      0,00      0,00      0,00      0,00      0,00      0,00      0,00      0,00    100,00
20:55:21         15      0,00      0,00      0,00      0,00      0,00      0,00      0,00      0,00      0,00    100,00

20:55:19        IFACE   rxpck/s   txpck/s    rxkB/s    txkB/s   rxcmp/s   txcmp/s  rxmcst/s   %ifutil
20:55:21           lo      0,00      0,00      0,00      0,00      0,00      0,00      0,00      0,00
20:55:21         eno1      6,50 463772,50      0,46 115943,00      0,00      0,00      2,00     94,98
20:55:21         eno2      0,00      0,00      0,00      0,00      0,00      0,00      0,00      0,00
20:55:21      docker0      0,00      0,00      0,00      0,00      0,00      0,00      0,00      0,00
20:55:21      ens2np0 1609835,00 562496,00 396170,33 138426,75      0,00      0,00      0,00     32,45
20:55:21      ens2np1      0,00      0,00      0,00      0,00      0,00      0,00      0,00      0,00

20:55:21        CPU      %usr     %nice      %sys   %iowait    %steal      %irq     %soft    %guest    %gnice     %idle
20:55:23        all      3,16      0,00      3,06      0,00      0,00      0,00     50,03      0,00      0,00     43,75
20:55:23          0      0,00      0,00      0,00      0,00      0,00      0,00    100,00      0,00      0,00      0,00
20:55:23          1      0,00      0,00      0,00      0,00      0,00      0,00    100,00      0,00      0,00      0,00
20:55:23          2      0,00      0,00      0,00      0,00      0,00      0,00    100,00      0,00      0,00      0,00
20:55:23          3      0,00      0,00      0,00      0,00      0,00      0,00    100,00      0,00      0,00      0,00
20:55:23          4      0,00      0,00      0,00      0,00      0,00      0,00    100,00      0,00      0,00      0,00
20:55:23          5      0,00      0,00      0,00      0,00      0,00      0,00    100,00      0,00      0,00      0,00
20:55:23          6      0,00      0,00      0,00      0,00      0,00      0,00    100,00      0,00      0,00      0,00
20:55:23          7      0,00      0,00      0,00      0,00      0,00      0,00    100,00      0,00      0,00      0,00
20:55:23          8     50,75      0,00     49,25      0,00      0,00      0,00      0,00      0,00      0,00      0,00
20:55:23          9      0,00      0,00      0,00      0,00      0,00      0,00      0,00      0,00      0,00    100,00
20:55:23         10      0,00      0,00      0,00      0,00      0,00      0,00      0,00      0,00      0,00    100,00
20:55:23         11      0,00      0,00      0,00      0,00      0,00      0,00      0,00      0,00      0,00    100,00
20:55:23         12      0,00      0,00      0,00      0,00      0,00      0,00      0,00      0,00      0,00    100,00
20:55:23         13      0,00      0,00      0,00      0,00      0,00      0,00      0,00      0,00      0,00    100,00
20:55:23         14      0,00      0,00      0,00      0,00      0,00      0,00      0,00      0,00      0,00    100,00
20:55:23         15      0,00      0,00      0,00      0,00      0,00      0,00      0,00      0,00      0,00    100,00

20:55:21        IFACE   rxpck/s   txpck/s    rxkB/s    txkB/s   rxcmp/s   txcmp/s  rxmcst/s   %ifutil
20:55:23           lo      0,00      0,00      0,00      0,00      0,00      0,00      0,00      0,00
20:55:23         eno1      9,00 463773,50      0,56 115943,30      0,00      0,00      1,00     94,98
20:55:23         eno2      0,00      0,00      0,00      0,00      0,00      0,00      0,00      0,00
20:55:23      docker0      0,00      0,00      0,00      0,00      0,00      0,00      0,00      0,00
20:55:23      ens2np0 1609989,00 562463,00 396208,23 138418,63      0,00      0,00      0,00     32,46
20:55:23      ens2np1      0,00      0,00      0,00      0,00      0,00      0,00      0,00      0,00

20:55:23        CPU      %usr     %nice      %sys   %iowait    %steal      %irq     %soft    %guest    %gnice     %idle
20:55:25        all      3,63      0,00      3,13      0,00      0,00      0,00     50,02      0,00      0,00     43,23
20:55:25          0      0,00      0,00      0,00      0,00      0,00      0,00    100,00      0,00      0,00      0,00
20:55:25          1      0,00      0,00      0,00      0,00      0,00      0,00    100,00      0,00      0,00      0,00
20:55:25          2      0,00      0,00      0,00      0,00      0,00      0,00    100,00      0,00      0,00      0,00
20:55:25          3      0,00      0,00      0,00      0,00      0,00      0,00    100,00      0,00      0,00      0,00
20:55:25          4      0,00      0,00      0,00      0,00      0,00      0,00    100,00      0,00      0,00      0,00
20:55:25          5      0,00      0,00      0,00      0,00      0,00      0,00    100,00      0,00      0,00      0,00
20:55:25          6      0,00      0,00      0,00      0,00      0,00      0,00    100,00      0,00      0,00      0,00
20:55:25          7      0,00      0,00      0,00      0,00      0,00      0,00    100,00      0,00      0,00      0,00
20:55:25          8     52,74      0,00     47,26      0,00      0,00      0,00      0,00      0,00      0,00      0,00
20:55:25          9      0,51      0,00      0,51      0,00      0,00      0,00      0,00      0,00      0,00     98,99
20:55:25         10      1,52      0,00      0,00      0,00      0,00      0,00      0,00      0,00      0,00     98,48
20:55:25         11      0,50      0,00      1,49      0,00      0,00      0,00      0,00      0,00      0,00     98,02
20:55:25         12      0,50      0,00      0,00      0,00      0,00      0,00      0,00      0,00      0,00     99,50
20:55:25         13      0,50      0,00      0,00      0,00      0,00      0,00      0,00      0,00      0,00     99,50
20:55:25         14      1,00      0,00      0,50      0,00      0,00      0,00      0,00      0,00      0,00     98,51
20:55:25         15      0,50      0,00      0,00      0,00      0,00      0,00      0,00      0,00      0,00     99,50

20:55:23        IFACE   rxpck/s   txpck/s    rxkB/s    txkB/s   rxcmp/s   txcmp/s  rxmcst/s   %ifutil
20:55:25           lo      0,00      0,00      0,00      0,00      0,00      0,00      0,00      0,00
20:55:25         eno1      4,00 463772,50      0,25 115943,13      0,00      0,00      1,00     94,98
20:55:25         eno2      0,00      0,00      0,00      0,00      0,00      0,00      0,00      0,00
20:55:25      docker0      0,00      0,00      0,00      0,00      0,00      0,00      0,00      0,00
20:55:25      ens2np0 1608152,00 561952,00 395756,16 138292,88      0,00      0,00      0,00     32,42
20:55:25      ens2np1      0,00      0,00      0,00      0,00      0,00      0,00      0,00      0,00

20:55:25        CPU      %usr     %nice      %sys   %iowait    %steal      %irq     %soft    %guest    %gnice     %idle
20:55:27        all      3,22      0,00      3,03      0,00      0,00      0,00     50,02      0,00      0,00     43,73
20:55:27          0      0,00      0,00      0,00      0,00      0,00      0,00    100,00      0,00      0,00      0,00
20:55:27          1      0,00      0,00      0,00      0,00      0,00      0,00    100,00      0,00      0,00      0,00
20:55:27          2      0,00      0,00      0,00      0,00      0,00      0,00    100,00      0,00      0,00      0,00
20:55:27          3      0,00      0,00      0,00      0,00      0,00      0,00    100,00      0,00      0,00      0,00
20:55:27          4      0,00      0,00      0,00      0,00      0,00      0,00    100,00      0,00      0,00      0,00
20:55:27          5      0,00      0,00      0,00      0,00      0,00      0,00    100,00      0,00      0,00      0,00
20:55:27          6      0,00      0,00      0,00      0,00      0,00      0,00    100,00      0,00      0,00      0,00
20:55:27          7      0,00      0,00      0,00      0,00      0,00      0,00    100,00      0,00      0,00      0,00
20:55:27          8     51,50      0,00     48,50      0,00      0,00      0,00      0,00      0,00      0,00      0,00
20:55:27          9      0,00      0,00      0,00      0,00      0,00      0,00      0,00      0,00      0,00    100,00
20:55:27         10      0,00      0,00      0,00      0,00      0,00      0,00      0,00      0,00      0,00    100,00
20:55:27         11      0,00      0,00      0,00      0,00      0,00      0,00      0,00      0,00      0,00    100,00
20:55:27         12      0,00      0,00      0,00      0,00      0,00      0,00      0,00      0,00      0,00    100,00
20:55:27         13      0,00      0,00      0,00      0,00      0,00      0,00      0,00      0,00      0,00    100,00
20:55:27         14      0,00      0,00      0,00      0,00      0,00      0,00      0,00      0,00      0,00    100,00
20:55:27         15      0,00      0,00      0,00      0,00      0,00      0,00      0,00      0,00      0,00    100,00

20:55:25        IFACE   rxpck/s   txpck/s    rxkB/s    txkB/s   rxcmp/s   txcmp/s  rxmcst/s   %ifutil
20:55:27           lo      0,00      0,00      0,00      0,00      0,00      0,00      0,00      0,00
20:55:27         eno1      9,00 463773,50      0,56 115943,33      0,00      0,00      1,00     94,98
20:55:27         eno2      0,00      0,00      0,00      0,00      0,00      0,00      0,00      0,00
20:55:27      docker0      0,00      0,00      0,00      0,00      0,00      0,00      0,00      0,00
20:55:27      ens2np0 1610015,50 562559,00 396214,75 138442,25      0,00      0,00      0,00     32,46
20:55:27      ens2np1      0,00      0,00      0,00      0,00      0,00      0,00      0,00      0,00

20:55:27        CPU      %usr     %nice      %sys   %iowait    %steal      %irq     %soft    %guest    %gnice     %idle
20:55:29        all      3,47      0,00      2,78      0,00      0,00      0,00     50,02      0,00      0,00     43,73
20:55:29          0      0,00      0,00      0,00      0,00      0,00      0,00    100,00      0,00      0,00      0,00
20:55:29          1      0,00      0,00      0,00      0,00      0,00      0,00    100,00      0,00      0,00      0,00
20:55:29          2      0,00      0,00      0,00      0,00      0,00      0,00    100,00      0,00      0,00      0,00
20:55:29          3      0,00      0,00      0,00      0,00      0,00      0,00    100,00      0,00      0,00      0,00
20:55:29          4      0,00      0,00      0,00      0,00      0,00      0,00    100,00      0,00      0,00      0,00
20:55:29          5      0,00      0,00      0,00      0,00      0,00      0,00    100,00      0,00      0,00      0,00
20:55:29          6      0,00      0,00      0,00      0,00      0,00      0,00    100,00      0,00      0,00      0,00
20:55:29          7      0,00      0,00      0,00      0,00      0,00      0,00    100,00      0,00      0,00      0,00
20:55:29          8     55,50      0,00     44,50      0,00      0,00      0,00      0,00      0,00      0,00      0,00
20:55:29          9      0,00      0,00      0,00      0,00      0,00      0,00      0,00      0,00      0,00    100,00
20:55:29         10      0,00      0,00      0,00      0,00      0,00      0,00      0,00      0,00      0,00    100,00
20:55:29         11      0,00      0,00      0,00      0,00      0,00      0,00      0,00      0,00      0,00    100,00
20:55:29         12      0,00      0,00      0,00      0,00      0,00      0,00      0,00      0,00      0,00    100,00
20:55:29         13      0,00      0,00      0,00      0,00      0,00      0,00      0,00      0,00      0,00    100,00
20:55:29         14      0,00      0,00      0,00      0,00      0,00      0,00      0,00      0,00      0,00    100,00
20:55:29         15      0,00      0,00      0,00      0,00      0,00      0,00      0,00      0,00      0,00    100,00

20:55:27        IFACE   rxpck/s   txpck/s    rxkB/s    txkB/s   rxcmp/s   txcmp/s  rxmcst/s   %ifutil
20:55:29           lo      0,00      0,00      0,00      0,00      0,00      0,00      0,00      0,00
20:55:29         eno1      9,00 463772,50      0,56 115943,00      0,00      0,00      1,00     94,98
20:55:29         eno2      0,00      0,00      0,00      0,00      0,00      0,00      0,00      0,00
20:55:29      docker0      0,00      0,00      0,00      0,00      0,00      0,00      0,00      0,00
20:55:29      ens2np0 1611936,50 561889,00 396687,50 138277,37      0,00      0,00      0,00     32,50
20:55:29      ens2np1      0,00      0,00      0,00      0,00      0,00      0,00      0,00      0,00

20:55:29        CPU      %usr     %nice      %sys   %iowait    %steal      %irq     %soft    %guest    %gnice     %idle
20:55:31        all      3,26      0,00      2,97      0,00      0,00      0,00     50,08      0,00      0,00     43,69
20:55:31          0      0,00      0,00      0,00      0,00      0,00      0,00    100,00      0,00      0,00      0,00
20:55:31          1      0,00      0,00      0,00      0,00      0,00      0,00    100,00      0,00      0,00      0,00
20:55:31          2      0,00      0,00      0,00      0,00      0,00      0,00    100,00      0,00      0,00      0,00
20:55:31          3      0,00      0,00      0,00      0,00      0,00      0,00    100,00      0,00      0,00      0,00
20:55:31          4      0,00      0,00      0,00      0,00      0,00      0,00    100,00      0,00      0,00      0,00
20:55:31          5      0,00      0,00      0,00      0,00      0,00      0,00    100,00      0,00      0,00      0,00
20:55:31          6      0,00      0,00      0,00      0,00      0,00      0,00    100,00      0,00      0,00      0,00
20:55:31          7      0,00      0,00      0,00      0,00      0,00      0,00    100,00      0,00      0,00      0,00
20:55:31          8     52,26      0,00     47,74      0,00      0,00      0,00      0,00      0,00      0,00      0,00
20:55:31          9      0,00      0,00      0,00      0,00      0,00      0,00      0,00      0,00      0,00    100,00
20:55:31         10      0,00      0,00      0,00      0,00      0,00      0,00      0,00      0,00      0,00    100,00
20:55:31         11      0,00      0,00      0,00      0,00      0,00      0,00      0,00      0,00      0,00    100,00
20:55:31         12      0,00      0,00      0,00      0,00      0,00      0,00      0,00      0,00      0,00    100,00
20:55:31         13      0,00      0,00      0,00      0,00      0,00      0,00      0,00      0,00      0,00    100,00
20:55:31         14      0,00      0,00      0,00      0,00      0,00      0,00      0,00      0,00      0,00    100,00
20:55:31         15      0,00      0,00      0,00      0,00      0,00      0,00      0,00      0,00      0,00    100,00

20:55:29        IFACE   rxpck/s   txpck/s    rxkB/s    txkB/s   rxcmp/s   txcmp/s  rxmcst/s   %ifutil
20:55:31           lo      0,00      0,00      0,00      0,00      0,00      0,00      0,00      0,00
20:55:31         eno1      5,50 463773,00      0,35 115943,25      0,00      0,00      1,00     94,98
20:55:31         eno2      0,00      0,00      0,00      0,00      0,00      0,00      0,00      0,00
20:55:31      docker0      0,00      0,00      0,00      0,00      0,00      0,00      0,00      0,00
20:55:31      ens2np0 1613296,00 562079,00 397022,06 138324,13      0,00      0,00      0,00     32,52
20:55:31      ens2np1      0,00      0,00      0,00      0,00      0,00      0,00      0,00      0,00

20:55:31        CPU      %usr     %nice      %sys   %iowait    %steal      %irq     %soft    %guest    %gnice     %idle
20:55:33        all      3,22      0,00      3,06      0,00      0,00      0,00     49,98      0,00      0,00     43,74
20:55:33          0      0,00      0,00      0,00      0,00      0,00      0,00    100,00      0,00      0,00      0,00
20:55:33          1      0,00      0,00      0,00      0,00      0,00      0,00    100,00      0,00      0,00      0,00
20:55:33          2      0,00      0,00      0,00      0,00      0,00      0,00    100,00      0,00      0,00      0,00
20:55:33          3      0,00      0,00      0,00      0,00      0,00      0,00    100,00      0,00      0,00      0,00
20:55:33          4      0,00      0,00      0,00      0,00      0,00      0,00    100,00      0,00      0,00      0,00
20:55:33          5      0,00      0,00      0,00      0,00      0,00      0,00    100,00      0,00      0,00      0,00
20:55:33          6      0,00      0,00      0,00      0,00      0,00      0,00    100,00      0,00      0,00      0,00
20:55:33          7      0,00      0,00      0,00      0,00      0,00      0,00    100,00      0,00      0,00      0,00
20:55:33          8     51,24      0,00     48,76      0,00      0,00      0,00      0,00      0,00      0,00      0,00
20:55:33          9      0,00      0,00      0,00      0,00      0,00      0,00      0,00      0,00      0,00    100,00
20:55:33         10      0,00      0,00      0,00      0,00      0,00      0,00      0,00      0,00      0,00    100,00
20:55:33         11      0,00      0,00      0,00      0,00      0,00      0,00      0,00      0,00      0,00    100,00
20:55:33         12      0,00      0,00      0,00      0,00      0,00      0,00      0,00      0,00      0,00    100,00
20:55:33         13      0,00      0,00      0,00      0,00      0,00      0,00      0,00      0,00      0,00    100,00
20:55:33         14      0,00      0,00      0,00      0,00      0,00      0,00      0,00      0,00      0,00    100,00
20:55:33         15      0,00      0,00      0,00      0,00      0,00      0,00      0,00      0,00      0,00    100,00

20:55:31        IFACE   rxpck/s   txpck/s    rxkB/s    txkB/s   rxcmp/s   txcmp/s  rxmcst/s   %ifutil
20:55:33           lo      0,00      0,00      0,00      0,00      0,00      0,00      0,00      0,00
20:55:33         eno1      9,50 463772,50      0,60 115943,17      0,00      0,00      1,00     94,98
20:55:33         eno2      0,00      0,00      0,00      0,00      0,00      0,00      0,00      0,00
20:55:33      docker0      0,00      0,00      0,00      0,00      0,00      0,00      0,00      0,00
20:55:33      ens2np0 1612051,00 562880,00 396715,68 138521,25      0,00      0,00      0,00     32,50
20:55:33      ens2np1      0,00      0,00      0,00      0,00      0,00      0,00      0,00      0,00

20:55:33        CPU      %usr     %nice      %sys   %iowait    %steal      %irq     %soft    %guest    %gnice     %idle
20:55:35        all      3,56      0,00      3,22      0,00      0,00      0,00     49,97      0,00      0,00     43,25
20:55:35          0      0,00      0,00      0,00      0,00      0,00      0,00    100,00      0,00      0,00      0,00
20:55:35          1      0,00      0,00      0,00      0,00      0,00      0,00    100,00      0,00      0,00      0,00
20:55:35          2      0,00      0,00      0,00      0,00      0,00      0,00    100,00      0,00      0,00      0,00
20:55:35          3      0,00      0,00      0,00      0,00      0,00      0,00    100,00      0,00      0,00      0,00
20:55:35          4      0,00      0,00      0,00      0,00      0,00      0,00    100,00      0,00      0,00      0,00
20:55:35          5      0,00      0,00      0,00      0,00      0,00      0,00    100,00      0,00      0,00      0,00
20:55:35          6      0,00      0,00      0,00      0,00      0,00      0,00    100,00      0,00      0,00      0,00
20:55:35          7      0,00      0,00      0,00      0,00      0,00      0,00    100,00      0,00      0,00      0,00
20:55:35          8     51,00      0,00     49,00      0,00      0,00      0,00      0,00      0,00      0,00      0,00
20:55:35          9      0,50      0,00      0,00      0,00      0,00      0,00      0,00      0,00      0,00     99,50
20:55:35         10      0,50      0,00      0,50      0,00      0,00      0,00      0,00      0,00      0,00     99,00
20:55:35         11      1,00      0,00      0,00      0,00      0,00      0,00      0,00      0,00      0,00     99,00
20:55:35         12      0,50      0,00      0,00      0,00      0,00      0,00      0,00      0,00      0,00     99,50
20:55:35         13      0,50      0,00      0,50      0,00      0,00      0,00      0,00      0,00      0,00     99,00
20:55:35         14      1,00      0,00      1,00      0,00      0,00      0,00      0,00      0,00      0,00     98,01
20:55:35         15      1,99      0,00      0,50      0,00      0,00      0,00      0,00      0,00      0,00     97,51

20:55:33        IFACE   rxpck/s   txpck/s    rxkB/s    txkB/s   rxcmp/s   txcmp/s  rxmcst/s   %ifutil
20:55:35           lo      0,00      0,00      0,00      0,00      0,00      0,00      0,00      0,00
20:55:35         eno1      4,00 463773,00      0,25 115943,13      0,00      0,00      1,00     94,98
20:55:35         eno2      0,00      0,00      0,00      0,00      0,00      0,00      0,00      0,00
20:55:35      docker0      0,00      0,00      0,00      0,00      0,00      0,00      0,00      0,00
20:55:35      ens2np0 1606791,50 562304,00 395421,35 138379,50      0,00      0,00      0,00     32,39
20:55:35      ens2np1      0,00      0,00      0,00      0,00      0,00      0,00      0,00      0,00

20:55:35        CPU      %usr     %nice      %sys   %iowait    %steal      %irq     %soft    %guest    %gnice     %idle
20:55:37        all      3,19      0,00      3,03      0,00      0,00      0,00     50,03      0,00      0,00     43,75
20:55:37          0      0,00      0,00      0,00      0,00      0,00      0,00    100,00      0,00      0,00      0,00
20:55:37          1      0,00      0,00      0,00      0,00      0,00      0,00    100,00      0,00      0,00      0,00
20:55:37          2      0,00      0,00      0,00      0,00      0,00      0,00    100,00      0,00      0,00      0,00
20:55:37          3      0,00      0,00      0,00      0,00      0,00      0,00    100,00      0,00      0,00      0,00
20:55:37          4      0,00      0,00      0,00      0,00      0,00      0,00    100,00      0,00      0,00      0,00
20:55:37          5      0,00      0,00      0,00      0,00      0,00      0,00    100,00      0,00      0,00      0,00
20:55:37          6      0,00      0,00      0,00      0,00      0,00      0,00    100,00      0,00      0,00      0,00
20:55:37          7      0,00      0,00      0,00      0,00      0,00      0,00    100,00      0,00      0,00      0,00
20:55:37          8     51,26      0,00     48,74      0,00      0,00      0,00      0,00      0,00      0,00      0,00
20:55:37          9      0,00      0,00      0,00      0,00      0,00      0,00      0,00      0,00      0,00    100,00
20:55:37         10      0,00      0,00      0,00      0,00      0,00      0,00      0,00      0,00      0,00    100,00
20:55:37         11      0,00      0,00      0,00      0,00      0,00      0,00      0,00      0,00      0,00    100,00
20:55:37         12      0,00      0,00      0,00      0,00      0,00      0,00      0,00      0,00      0,00    100,00
20:55:37         13      0,00      0,00      0,00      0,00      0,00      0,00      0,00      0,00      0,00    100,00
20:55:37         14      0,00      0,00      0,00      0,00      0,00      0,00      0,00      0,00      0,00    100,00
20:55:37         15      0,00      0,00      0,00      0,00      0,00      0,00      0,00      0,00      0,00    100,00

20:55:35        IFACE   rxpck/s   txpck/s    rxkB/s    txkB/s   rxcmp/s   txcmp/s  rxmcst/s   %ifutil
20:55:37           lo      0,00      0,00      0,00      0,00      0,00      0,00      0,00      0,00
20:55:37         eno1      8,00 463773,00      0,51 115943,08      0,00      0,00      1,00     94,98
20:55:37         eno2      0,00      0,00      0,00      0,00      0,00      0,00      0,00      0,00
20:55:37      docker0      0,00      0,00      0,00      0,00      0,00      0,00      0,00      0,00
20:55:37      ens2np0 1611557,50 562592,00 396594,23 138450,38      0,00      0,00      0,00     32,49
20:55:37      ens2np1      0,00      0,00      0,00      0,00      0,00      0,00      0,00      0,00

20:55:37        CPU      %usr     %nice      %sys   %iowait    %steal      %irq     %soft    %guest    %gnice     %idle
20:55:39        all      3,16      0,00      3,12      0,00      0,00      0,00     50,00      0,00      0,00     43,72
20:55:39          0      0,00      0,00      0,00      0,00      0,00      0,00    100,00      0,00      0,00      0,00
20:55:39          1      0,00      0,00      0,00      0,00      0,00      0,00    100,00      0,00      0,00      0,00
20:55:39          2      0,00      0,00      0,00      0,00      0,00      0,00    100,00      0,00      0,00      0,00
20:55:39          3      0,00      0,00      0,00      0,00      0,00      0,00    100,00      0,00      0,00      0,00
20:55:39          4      0,00      0,00      0,00      0,00      0,00      0,00    100,00      0,00      0,00      0,00
20:55:39          5      0,00      0,00      0,00      0,00      0,00      0,00    100,00      0,00      0,00      0,00
20:55:39          6      0,00      0,00      0,00      0,00      0,00      0,00    100,00      0,00      0,00      0,00
20:55:39          7      0,00      0,00      0,00      0,00      0,00      0,00    100,00      0,00      0,00      0,00
20:55:39          8     50,25      0,00     49,75      0,00      0,00      0,00      0,00      0,00      0,00      0,00
20:55:39          9      0,00      0,00      0,00      0,00      0,00      0,00      0,00      0,00      0,00    100,00
20:55:39         10      0,00      0,00      0,00      0,00      0,00      0,00      0,00      0,00      0,00    100,00
20:55:39         11      0,00      0,00      0,00      0,00      0,00      0,00      0,00      0,00      0,00    100,00
20:55:39         12      0,00      0,00      0,00      0,00      0,00      0,00      0,00      0,00      0,00    100,00
20:55:39         13      0,00      0,00      0,00      0,00      0,00      0,00      0,00      0,00      0,00    100,00
20:55:39         14      0,00      0,00      0,00      0,00      0,00      0,00      0,00      0,00      0,00    100,00
20:55:39         15      0,00      0,00      0,00      0,00      0,00      0,00      0,00      0,00      0,00    100,00

20:55:37        IFACE   rxpck/s   txpck/s    rxkB/s    txkB/s   rxcmp/s   txcmp/s  rxmcst/s   %ifutil
20:55:39           lo      0,00      0,00      0,00      0,00      0,00      0,00      0,00      0,00
20:55:39         eno1      8,50 463773,50      0,54 115943,20      0,00      0,00      1,00     94,98
20:55:39         eno2      0,00      0,00      0,00      0,00      0,00      0,00      0,00      0,00
20:55:39      docker0      0,00      0,00      0,00      0,00      0,00      0,00      0,00      0,00
20:55:39      ens2np0 1612028,00 563072,00 396710,02 138568,50      0,00      0,00      0,00     32,50
20:55:39      ens2np1      0,00      0,00      0,00      0,00      0,00      0,00      0,00      0,00

20:55:39        CPU      %usr     %nice      %sys   %iowait    %steal      %irq     %soft    %guest    %gnice     %idle
20:55:41        all      3,25      0,00      2,97      0,00      0,00      0,00     50,06      0,00      0,00     43,71
20:55:41          0      0,00      0,00      0,00      0,00      0,00      0,00    100,00      0,00      0,00      0,00
20:55:41          1      0,00      0,00      0,00      0,00      0,00      0,00    100,00      0,00      0,00      0,00
20:55:41          2      0,00      0,00      0,00      0,00      0,00      0,00    100,00      0,00      0,00      0,00
20:55:41          3      0,00      0,00      0,00      0,00      0,00      0,00    100,00      0,00      0,00      0,00
20:55:41          4      0,00      0,00      0,00      0,00      0,00      0,00    100,00      0,00      0,00      0,00
20:55:41          5      0,00      0,00      0,00      0,00      0,00      0,00    100,00      0,00      0,00      0,00
20:55:41          6      0,00      0,00      0,00      0,00      0,00      0,00    100,00      0,00      0,00      0,00
20:55:41          7      0,00      0,00      0,00      0,00      0,00      0,00    100,00      0,00      0,00      0,00
20:55:41          8     52,26      0,00     47,74      0,00      0,00      0,00      0,00      0,00      0,00      0,00
20:55:41          9      0,00      0,00      0,00      0,00      0,00      0,00      0,00      0,00      0,00    100,00
20:55:41         10      0,00      0,00      0,00      0,00      0,00      0,00      0,00      0,00      0,00    100,00
20:55:41         11      0,00      0,00      0,00      0,00      0,00      0,00      0,00      0,00      0,00    100,00
20:55:41         12      0,00      0,00      0,00      0,00      0,00      0,00      0,00      0,00      0,00    100,00
20:55:41         13      0,00      0,00      0,00      0,00      0,00      0,00      0,00      0,00      0,00    100,00
20:55:41         14      0,00      0,00      0,00      0,00      0,00      0,00      0,00      0,00      0,00    100,00
20:55:41         15      0,00      0,00      0,00      0,00      0,00      0,00      0,00      0,00      0,00    100,00

20:55:39        IFACE   rxpck/s   txpck/s    rxkB/s    txkB/s   rxcmp/s   txcmp/s  rxmcst/s   %ifutil
20:55:41           lo      0,00      0,00      0,00      0,00      0,00      0,00      0,00      0,00
20:55:41         eno1      6,50 463773,00      0,42 115943,25      0,00      0,00      1,00     94,98
20:55:41         eno2      0,00      0,00      0,00      0,00      0,00      0,00      0,00      0,00
20:55:41      docker0      0,00      0,00      0,00      0,00      0,00      0,00      0,00      0,00
20:55:41      ens2np0 1611987,00 563456,00 396699,93 138663,00      0,00      0,00      0,00     32,50
20:55:41      ens2np1      0,00      0,00      0,00      0,00      0,00      0,00      0,00      0,00

20:55:41        CPU      %usr     %nice      %sys   %iowait    %steal      %irq     %soft    %guest    %gnice     %idle
20:55:43        all      3,03      0,00      3,22      0,00      0,00      0,00     50,03      0,00      0,00     43,71
20:55:43          0      0,00      0,00      0,00      0,00      0,00      0,00    100,00      0,00      0,00      0,00
20:55:43          1      0,00      0,00      0,00      0,00      0,00      0,00    100,00      0,00      0,00      0,00
20:55:43          2      0,00      0,00      0,00      0,00      0,00      0,00    100,00      0,00      0,00      0,00
20:55:43          3      0,00      0,00      0,00      0,00      0,00      0,00    100,00      0,00      0,00      0,00
20:55:43          4      0,00      0,00      0,00      0,00      0,00      0,00    100,00      0,00      0,00      0,00
20:55:43          5      0,00      0,00      0,00      0,00      0,00      0,00    100,00      0,00      0,00      0,00
20:55:43          6      0,00      0,00      0,00      0,00      0,00      0,00    100,00      0,00      0,00      0,00
20:55:43          7      0,00      0,00      0,00      0,00      0,00      0,00    100,00      0,00      0,00      0,00
20:55:43          8     48,50      0,00     51,50      0,00      0,00      0,00      0,00      0,00      0,00      0,00
20:55:43          9      0,00      0,00      0,00      0,00      0,00      0,00      0,00      0,00      0,00    100,00
20:55:43         10      0,00      0,00      0,00      0,00      0,00      0,00      0,00      0,00      0,00    100,00
20:55:43         11      0,00      0,00      0,00      0,00      0,00      0,00      0,00      0,00      0,00    100,00
20:55:43         12      0,00      0,00      0,00      0,00      0,00      0,00      0,00      0,00      0,00    100,00
20:55:43         13      0,00      0,00      0,00      0,00      0,00      0,00      0,00      0,00      0,00    100,00
20:55:43         14      0,00      0,00      0,00      0,00      0,00      0,00      0,00      0,00      0,00    100,00
20:55:43         15      0,00      0,00      0,00      0,00      0,00      0,00      0,00      0,00      0,00    100,00

20:55:41        IFACE   rxpck/s   txpck/s    rxkB/s    txkB/s   rxcmp/s   txcmp/s  rxmcst/s   %ifutil
20:55:43           lo      0,00      0,00      0,00      0,00      0,00      0,00      0,00      0,00
20:55:43         eno1     10,00 463772,50      0,63 115942,96      0,00      0,00      1,00     94,98
20:55:43         eno2      0,00      0,00      0,00      0,00      0,00      0,00      0,00      0,00
20:55:43      docker0      0,00      0,00      0,00      0,00      0,00      0,00      0,00      0,00
20:55:43      ens2np0 1612713,50 563805,00 396878,71 138748,89      0,00      0,00      0,00     32,51
20:55:43      ens2np1      0,00      0,00      0,00      0,00      0,00      0,00      0,00      0,00

20:55:43        CPU      %usr     %nice      %sys   %iowait    %steal      %irq     %soft    %guest    %gnice     %idle
20:55:45        all      3,81      0,00      3,03      0,00      0,00      0,00     49,91      0,00      0,00     43,26
20:55:45          0      0,00      0,00      0,00      0,00      0,00      0,00    100,00      0,00      0,00      0,00
20:55:45          1      0,00      0,00      0,00      0,00      0,00      0,00    100,00      0,00      0,00      0,00
20:55:45          2      0,00      0,00      0,00      0,00      0,00      0,00    100,00      0,00      0,00      0,00
20:55:45          3      0,00      0,00      0,00      0,00      0,00      0,00    100,00      0,00      0,00      0,00
20:55:45          4      0,00      0,00      0,00      0,00      0,00      0,00    100,00      0,00      0,00      0,00
20:55:45          5      0,00      0,00      0,00      0,00      0,00      0,00    100,00      0,00      0,00      0,00
20:55:45          6      0,00      0,00      0,00      0,00      0,00      0,00    100,00      0,00      0,00      0,00
20:55:45          7      0,00      0,00      0,00      0,00      0,00      0,00    100,00      0,00      0,00      0,00
20:55:45          8     53,23      0,00     46,77      0,00      0,00      0,00      0,00      0,00      0,00      0,00
20:55:45          9      0,99      0,00      0,50      0,00      0,00      0,00      0,00      0,00      0,00     98,51
20:55:45         10      1,00      0,00      0,00      0,00      0,00      0,00      0,00      0,00      0,00     99,00
20:55:45         11      1,00      0,00      0,50      0,00      0,00      0,00      0,00      0,00      0,00     98,50
20:55:45         12      0,50      0,00      0,00      0,00      0,00      0,00      0,00      0,00      0,00     99,50
20:55:45         13      1,49      0,00      0,50      0,00      0,00      0,00      0,00      0,00      0,00     98,01
20:55:45         14      1,00      0,00      0,00      0,00      0,00      0,00      0,00      0,00      0,00     99,00
20:55:45         15      1,50      0,00      0,00      0,00      0,00      0,00      0,00      0,00      0,00     98,50

20:55:43        IFACE   rxpck/s   txpck/s    rxkB/s    txkB/s   rxcmp/s   txcmp/s  rxmcst/s   %ifutil
20:55:45           lo      0,00      0,00      0,00      0,00      0,00      0,00      0,00      0,00
20:55:45         eno1      6,00 463773,00      0,38 115943,29      0,00      0,00      1,00     94,98
20:55:45         eno2      0,00      0,00      0,00      0,00      0,00      0,00      0,00      0,00
20:55:45      docker0      0,00      0,00      0,00      0,00      0,00      0,00      0,00      0,00
20:55:45      ens2np0 1608394,50 563011,00 395815,83 138553,49      0,00      0,00      0,00     32,43
20:55:45      ens2np1      0,00      0,00      0,00      0,00      0,00      0,00      0,00      0,00

20:55:45        CPU      %usr     %nice      %sys   %iowait    %steal      %irq     %soft    %guest    %gnice     %idle
20:55:47        all      3,16      0,00      3,07      0,00      0,00      0,00     50,08      0,00      0,00     43,69
20:55:47          0      0,00      0,00      0,00      0,00      0,00      0,00    100,00      0,00      0,00      0,00
20:55:47          1      0,00      0,00      0,00      0,00      0,00      0,00    100,00      0,00      0,00      0,00
20:55:47          2      0,00      0,00      0,00      0,00      0,00      0,00    100,00      0,00      0,00      0,00
20:55:47          3      0,00      0,00      0,00      0,00      0,00      0,00    100,00      0,00      0,00      0,00
20:55:47          4      0,00      0,00      0,00      0,00      0,00      0,00    100,00      0,00      0,00      0,00
20:55:47          5      0,00      0,00      0,00      0,00      0,00      0,00    100,00      0,00      0,00      0,00
20:55:47          6      0,00      0,00      0,00      0,00      0,00      0,00    100,00      0,00      0,00      0,00
20:55:47          7      0,00      0,00      0,00      0,00      0,00      0,00    100,00      0,00      0,00      0,00
20:55:47          8     50,75      0,00     49,25      0,00      0,00      0,00      0,00      0,00      0,00      0,00
20:55:47          9      0,00      0,00      0,00      0,00      0,00      0,00      0,00      0,00      0,00    100,00
20:55:47         10      0,00      0,00      0,00      0,00      0,00      0,00      0,00      0,00      0,00    100,00
20:55:47         11      0,00      0,00      0,00      0,00      0,00      0,00      0,00      0,00      0,00    100,00
20:55:47         12      0,00      0,00      0,00      0,00      0,00      0,00      0,00      0,00      0,00    100,00
20:55:47         13      0,00      0,00      0,00      0,00      0,00      0,00      0,00      0,00      0,00    100,00
20:55:47         14      0,00      0,00      0,00      0,00      0,00      0,00      0,00      0,00      0,00    100,00
20:55:47         15      0,00      0,00      0,00      0,00      0,00      0,00      0,00      0,00      0,00    100,00

20:55:45        IFACE   rxpck/s   txpck/s    rxkB/s    txkB/s   rxcmp/s   txcmp/s  rxmcst/s   %ifutil
20:55:47           lo      0,50      0,50      0,04      0,04      0,00      0,00      0,00      0,00
20:55:47         eno1      8,00 463774,50      0,50 115943,33      0,00      0,00      1,00     94,98
20:55:47         eno2      0,00      0,00      0,00      0,00      0,00      0,00      0,00      0,00
20:55:47      docker0      0,00      0,00      0,00      0,00      0,00      0,00      0,00      0,00
20:55:47      ens2np0 1612821,00 563998,50 396905,17 138796,51      0,00      0,00      0,00     32,51
20:55:47      ens2np1      0,00      0,00      0,00      0,00      0,00      0,00      0,00      0,00

20:55:47        CPU      %usr     %nice      %sys   %iowait    %steal      %irq     %soft    %guest    %gnice     %idle
20:55:49        all      3,34      0,00      2,94      0,03      0,00      0,00     49,98      0,00      0,00     43,71
20:55:49          0      0,00      0,00      0,00      0,00      0,00      0,00    100,00      0,00      0,00      0,00
20:55:49          1      0,00      0,00      0,00      0,00      0,00      0,00    100,00      0,00      0,00      0,00
20:55:49          2      0,00      0,00      0,00      0,00      0,00      0,00    100,00      0,00      0,00      0,00
20:55:49          3      0,00      0,00      0,00      0,00      0,00      0,00    100,00      0,00      0,00      0,00
20:55:49          4      0,00      0,00      0,00      0,00      0,00      0,00    100,00      0,00      0,00      0,00
20:55:49          5      0,00      0,00      0,00      0,00      0,00      0,00    100,00      0,00      0,00      0,00
20:55:49          6      0,00      0,00      0,00      0,00      0,00      0,00    100,00      0,00      0,00      0,00
20:55:49          7      0,00      0,00      0,00      0,00      0,00      0,00    100,00      0,00      0,00      0,00
20:55:49          8     53,23      0,00     46,77      0,00      0,00      0,00      0,00      0,00      0,00      0,00
20:55:49          9      0,00      0,00      0,00      0,00      0,00      0,00      0,00      0,00      0,00    100,00
20:55:49         10      0,00      0,00      0,00      0,00      0,00      0,00      0,00      0,00      0,00    100,00
20:55:49         11      0,00      0,00      0,00      0,00      0,00      0,00      0,00      0,00      0,00    100,00
20:55:49         12      0,00      0,00      0,00      0,50      0,00      0,00      0,00      0,00      0,00     99,50
20:55:49         13      0,00      0,00      0,00      0,00      0,00      0,00      0,00      0,00      0,00    100,00
20:55:49         14      0,00      0,00      0,00      0,00      0,00      0,00      0,00      0,00      0,00    100,00
20:55:49         15      0,00      0,00      0,00      0,00      0,00      0,00      0,00      0,00      0,00    100,00

20:55:47        IFACE   rxpck/s   txpck/s    rxkB/s    txkB/s   rxcmp/s   txcmp/s  rxmcst/s   %ifutil
20:55:49           lo      0,00      0,00      0,00      0,00      0,00      0,00      0,00      0,00
20:55:49         eno1      6,00 231885,50      0,38  57971,29      0,00      0,00      1,00     47,49
20:55:49         eno2      0,00      0,00      0,00      0,00      0,00      0,00      0,00      0,00
20:55:49      docker0      0,00      0,00      0,00      0,00      0,00      0,00      0,00      0,00
20:55:49      ens2np0 1613460,00 564419,50 397062,42 138900,11      0,00      0,00      0,00     32,53
20:55:49      ens2np1      0,00      0,00      0,00      0,00      0,00      0,00      0,00      0,00

20:55:49        CPU      %usr     %nice      %sys   %iowait    %steal      %irq     %soft    %guest    %gnice     %idle
20:55:51        all      3,13      0,00      3,10      0,00      0,00      0,00     50,05      0,00      0,00     43,73
20:55:51          0      0,00      0,00      0,00      0,00      0,00      0,00    100,00      0,00      0,00      0,00
20:55:51          1      0,00      0,00      0,00      0,00      0,00      0,00    100,00      0,00      0,00      0,00
20:55:51          2      0,00      0,00      0,00      0,00      0,00      0,00    100,00      0,00      0,00      0,00
20:55:51          3      0,00      0,00      0,00      0,00      0,00      0,00    100,00      0,00      0,00      0,00
20:55:51          4      0,00      0,00      0,00      0,00      0,00      0,00    100,00      0,00      0,00      0,00
20:55:51          5      0,00      0,00      0,00      0,00      0,00      0,00    100,00      0,00      0,00      0,00
20:55:51          6      0,00      0,00      0,00      0,00      0,00      0,00    100,00      0,00      0,00      0,00
20:55:51          7      0,00      0,00      0,00      0,00      0,00      0,00    100,00      0,00      0,00      0,00
20:55:51          8     50,25      0,00     49,75      0,00      0,00      0,00      0,00      0,00      0,00      0,00
20:55:51          9      0,00      0,00      0,00      0,00      0,00      0,00      0,00      0,00      0,00    100,00
20:55:51         10      0,00      0,00      0,00      0,00      0,00      0,00      0,00      0,00      0,00    100,00
20:55:51         11      0,00      0,00      0,00      0,00      0,00      0,00      0,00      0,00      0,00    100,00
20:55:51         12      0,00      0,00      0,00      0,00      0,00      0,00      0,00      0,00      0,00    100,00
20:55:51         13      0,00      0,00      0,00      0,00      0,00      0,00      0,00      0,00      0,00    100,00
20:55:51         14      0,00      0,00      0,00      0,00      0,00      0,00      0,00      0,00      0,00    100,00
20:55:51         15      0,00      0,00      0,00      0,00      0,00      0,00      0,00      0,00      0,00    100,00

20:55:49        IFACE   rxpck/s   txpck/s    rxkB/s    txkB/s   rxcmp/s   txcmp/s  rxmcst/s   %ifutil
20:55:51           lo      0,50      0,50      0,04      0,04      0,00      0,00      0,00      0,00
20:55:51         eno1      5,50 463772,50      0,35 115943,16      0,00      0,00      1,50     94,98
20:55:51         eno2      0,00      0,00      0,00      0,00      0,00      0,00      0,00      0,00
20:55:51      docker0      0,00      0,00      0,00      0,00      0,00      0,00      0,00      0,00
20:55:51      ens2np0 1615367,00 564988,50 397531,72 139040,14      0,00      0,00      0,00     32,57
20:55:51      ens2np1      0,00      0,00      0,00      0,00      0,00      0,00      0,00      0,00

Average:        CPU      %usr     %nice      %sys   %iowait    %steal      %irq     %soft    %guest    %gnice     %idle
Average:        all      3,99      0,00      2,38      0,00      0,00      0,00     39,11      0,00      0,00     54,52
Average:          0      0,04      0,00      0,02      0,00      0,00      0,00     78,21      0,00      0,00     21,73
Average:          1     21,78      0,00      0,02      0,00      0,00      0,00     78,20      0,00      0,00      0,00
Average:          2      0,04      0,00      0,00      0,00      0,00      0,00     78,22      0,00      0,00     21,74
Average:          3      0,06      0,00      0,00      0,00      0,00      0,00     78,22      0,00      0,00     21,72
Average:          4      0,00      0,00      0,00      0,00      0,00      0,00     78,22      0,00      0,00     21,78
Average:          5      0,02      0,00      0,00      0,00      0,00      0,00     78,22      0,00      0,00     21,76
Average:          6      0,04      0,00      0,02      0,00      0,00      0,00     78,20      0,00      0,00     21,74
Average:          7      0,02      0,00      0,00      0,00      0,00      0,00     78,22      0,00      0,00     21,76
Average:          8     40,51      0,00     37,61      0,00      0,00      0,00      0,00      0,00      0,00     21,88
Average:          9      0,14      0,00      0,04      0,00      0,00      0,00      0,00      0,00      0,00     99,82
Average:         10      0,16      0,00      0,06      0,00      0,00      0,00      0,00      0,00      0,00     99,78
Average:         11      0,18      0,00      0,08      0,00      0,00      0,00      0,00      0,00      0,00     99,74
Average:         12      0,12      0,00      0,06      0,02      0,00      0,00      0,00      0,00      0,00     99,80
Average:         13      0,16      0,00      0,06      0,00      0,00      0,00      0,00      0,00      0,00     99,78
Average:         14      0,24      0,00      0,08      0,00      0,00      0,00      0,00      0,00      0,00     99,68
Average:         15      0,26      0,00      0,02      0,00      0,00      0,00      0,00      0,00      0,00     99,72

Average:        IFACE   rxpck/s   txpck/s    rxkB/s    txkB/s   rxcmp/s   txcmp/s  rxmcst/s   %ifutil
Average:           lo      0,04      0,04      0,00      0,00      0,00      0,00      0,00      0,00
Average:         eno1      8,00 345757,22      0,62  86439,16      0,00      0,00      1,06     70,81
Average:         eno2      0,00      0,00      0,00      0,00      0,00      0,00      0,00      0,00
Average:      docker0      0,00      0,00      0,00      0,00      0,00      0,00      0,00      0,00
Average:      ens2np0 1259853,82 439725,42 310042,15 108210,89      0,00      0,00      0,00     25,40
Average:      ens2np1      0,00      0,00      0,00      0,00      0,00      0,00      0,00      0,00
