Linux 5.13.0-52-generic (w1) 	22/07/2022 	_x86_64_	(16 CPU)

18:18:25        CPU      %usr     %nice      %sys   %iowait    %steal      %irq     %soft    %guest    %gnice     %idle
18:18:27        all      6,60      0,00      0,16      0,00      0,00      0,00      0,00      0,00      0,00     93,24
18:18:27          0      0,50      0,00      0,00      0,00      0,00      0,00      0,00      0,00      0,00     99,50
18:18:27          1      1,01      0,00      1,01      0,00      0,00      0,00      0,00      0,00      0,00     97,99
18:18:27          2      0,00      0,00      0,50      0,00      0,00      0,00      0,00      0,00      0,00     99,50
18:18:27          3      1,00      0,00      0,00      0,00      0,00      0,00      0,00      0,00      0,00     99,00
18:18:27          4      0,50      0,00      0,50      0,00      0,00      0,00      0,00      0,00      0,00     98,99
18:18:27          5      0,00      0,00      0,00      0,00      0,00      0,00      0,00      0,00      0,00    100,00
18:18:27          6      0,50      0,00      0,00      0,00      0,00      0,00      0,00      0,00      0,00     99,50
18:18:27          7      0,50      0,00      0,00      0,00      0,00      0,00      0,00      0,00      0,00     99,50
18:18:27          8      0,50      0,00      0,00      0,00      0,00      0,00      0,00      0,00      0,00     99,50
18:18:27          9      0,00      0,00      0,00      0,00      0,00      0,00      0,00      0,00      0,00    100,00
18:18:27         10      0,00      0,00      0,00      0,00      0,00      0,00      0,00      0,00      0,00    100,00
18:18:27         11      0,00      0,00      0,00      0,00      0,00      0,00      0,00      0,00      0,00    100,00
18:18:27         12      0,50      0,00      0,00      0,00      0,00      0,00      0,00      0,00      0,00     99,50
18:18:27         13      0,00      0,00      0,50      0,00      0,00      0,00      0,00      0,00      0,00     99,50
18:18:27         14      0,50      0,00      0,00      0,00      0,00      0,00      0,00      0,00      0,00     99,50
18:18:27         15    100,00      0,00      0,00      0,00      0,00      0,00      0,00      0,00      0,00      0,00

18:18:25        IFACE   rxpck/s   txpck/s    rxkB/s    txkB/s   rxcmp/s   txcmp/s  rxmcst/s   %ifutil
18:18:27           lo      0,00      0,00      0,00      0,00      0,00      0,00      0,00      0,00
18:18:27         eno1     15,00     13,50      2,66      3,01      0,00      0,00      1,00      0,00
18:18:27         eno2      0,00      0,00      0,00      0,00      0,00      0,00      0,00      0,00
18:18:27      docker0      0,00      0,00      0,00      0,00      0,00      0,00      0,00      0,00
18:18:27      ens2np0      0,00      0,00      0,00      0,00      0,00      0,00      0,00      0,00
18:18:27      ens2np1      0,00      0,00      0,00      0,00      0,00      0,00      0,00      0,00

18:18:27        CPU      %usr     %nice      %sys   %iowait    %steal      %irq     %soft    %guest    %gnice     %idle
18:18:29        all      6,28      0,00      0,03      0,00      0,00      0,00      0,00      0,00      0,00     93,69
18:18:29          0      0,50      0,00      0,00      0,00      0,00      0,00      0,00      0,00      0,00     99,50
18:18:29          1      0,00      0,00      0,00      0,00      0,00      0,00      0,00      0,00      0,00    100,00
18:18:29          2      0,00      0,00      0,00      0,00      0,00      0,00      0,00      0,00      0,00    100,00
18:18:29          3      0,00      0,00      0,00      0,00      0,00      0,00      0,00      0,00      0,00    100,00
18:18:29          4      0,00      0,00      0,00      0,00      0,00      0,00      0,00      0,00      0,00    100,00
18:18:29          5      0,00      0,00      0,00      0,00      0,00      0,00      0,00      0,00      0,00    100,00
18:18:29          6      0,00      0,00      0,00      0,00      0,00      0,00      0,00      0,00      0,00    100,00
18:18:29          7      0,00      0,00      0,00      0,00      0,00      0,00      0,00      0,00      0,00    100,00
18:18:29          8      0,00      0,00      0,50      0,00      0,00      0,00      0,00      0,00      0,00     99,50
18:18:29          9      0,00      0,00      0,00      0,00      0,00      0,00      0,00      0,00      0,00    100,00
18:18:29         10      0,00      0,00      0,00      0,00      0,00      0,00      0,00      0,00      0,00    100,00
18:18:29         11      0,00      0,00      0,00      0,00      0,00      0,00      0,00      0,00      0,00    100,00
18:18:29         12      0,00      0,00      0,00      0,00      0,00      0,00      0,00      0,00      0,00    100,00
18:18:29         13      0,00      0,00      0,00      0,00      0,00      0,00      0,00      0,00      0,00    100,00
18:18:29         14      0,00      0,00      0,00      0,00      0,00      0,00      0,00      0,00      0,00    100,00
18:18:29         15    100,00      0,00      0,00      0,00      0,00      0,00      0,00      0,00      0,00      0,00

18:18:27        IFACE   rxpck/s   txpck/s    rxkB/s    txkB/s   rxcmp/s   txcmp/s  rxmcst/s   %ifutil
18:18:29           lo      0,00      0,00      0,00      0,00      0,00      0,00      0,00      0,00
18:18:29         eno1     12,50      0,00      0,92      0,00      0,00      0,00      1,00      0,00
18:18:29         eno2      0,00      0,00      0,00      0,00      0,00      0,00      0,00      0,00
18:18:29      docker0      0,00      0,00      0,00      0,00      0,00      0,00      0,00      0,00
18:18:29      ens2np0      0,00      0,00      0,00      0,00      0,00      0,00      0,00      0,00
18:18:29      ens2np1      0,00      0,00      0,00      0,00      0,00      0,00      0,00      0,00

18:18:29        CPU      %usr     %nice      %sys   %iowait    %steal      %irq     %soft    %guest    %gnice     %idle
18:18:31        all      6,25      0,00      0,03      0,03      0,00      0,00      0,00      0,00      0,00     93,69
18:18:31          0      0,00      0,00      0,00      0,00      0,00      0,00      0,00      0,00      0,00    100,00
18:18:31          1      0,00      0,00      0,00      0,00      0,00      0,00      0,00      0,00      0,00    100,00
18:18:31          2      0,00      0,00      0,00      0,00      0,00      0,00      0,00      0,00      0,00    100,00
18:18:31          3      0,00      0,00      0,00      0,00      0,00      0,00      0,00      0,00      0,00    100,00
18:18:31          4      0,00      0,00      0,00      0,00      0,00      0,00      0,00      0,00      0,00    100,00
18:18:31          5      0,00      0,00      0,00      0,00      0,00      0,00      0,00      0,00      0,00    100,00
18:18:31          6      0,00      0,00      0,00      0,00      0,00      0,00      0,00      0,00      0,00    100,00
18:18:31          7      0,00      0,00      0,00      0,00      0,00      0,00      0,00      0,00      0,00    100,00
18:18:31          8      0,00      0,00      0,00      0,00      0,00      0,00      0,00      0,00      0,00    100,00
18:18:31          9      0,00      0,00      0,00      0,00      0,00      0,00      0,00      0,00      0,00    100,00
18:18:31         10      0,00      0,00      0,00      0,00      0,00      0,00      0,00      0,00      0,00    100,00
18:18:31         11      0,00      0,00      0,50      0,00      0,00      0,00      0,00      0,00      0,00     99,50
18:18:31         12      0,00      0,00      0,00      0,00      0,00      0,00      0,00      0,00      0,00    100,00
18:18:31         13      0,00      0,00      0,00      0,50      0,00      0,00      0,00      0,00      0,00     99,50
18:18:31         14      0,00      0,00      0,00      0,00      0,00      0,00      0,00      0,00      0,00    100,00
18:18:31         15    100,00      0,00      0,00      0,00      0,00      0,00      0,00      0,00      0,00      0,00

18:18:29        IFACE   rxpck/s   txpck/s    rxkB/s    txkB/s   rxcmp/s   txcmp/s  rxmcst/s   %ifutil
18:18:31           lo      0,00      0,00      0,00      0,00      0,00      0,00      0,00      0,00
18:18:31         eno1      4,00      0,00      0,25      0,00      0,00      0,00      1,00      0,00
18:18:31         eno2      0,00      0,00      0,00      0,00      0,00      0,00      0,00      0,00
18:18:31      docker0      0,00      0,00      0,00      0,00      0,00      0,00      0,00      0,00
18:18:31      ens2np0      0,00      0,00      0,00      0,00      0,00      0,00      0,00      0,00
18:18:31      ens2np1      0,00      0,00      0,00      0,00      0,00      0,00      0,00      0,00

18:18:31        CPU      %usr     %nice      %sys   %iowait    %steal      %irq     %soft    %guest    %gnice     %idle
18:18:33        all      6,28      0,00      0,03      0,00      0,00      0,00      0,00      0,00      0,00     93,69
18:18:33          0      0,00      0,00      0,00      0,00      0,00      0,00      0,00      0,00      0,00    100,00
18:18:33          1      0,00      0,00      0,50      0,00      0,00      0,00      0,00      0,00      0,00     99,50
18:18:33          2      0,00      0,00      0,00      0,00      0,00      0,00      0,00      0,00      0,00    100,00
18:18:33          3      0,00      0,00      0,00      0,00      0,00      0,00      0,00      0,00      0,00    100,00
18:18:33          4      0,00      0,00      0,00      0,00      0,00      0,00      0,00      0,00      0,00    100,00
18:18:33          5      0,00      0,00      0,00      0,00      0,00      0,00      0,00      0,00      0,00    100,00
18:18:33          6      0,00      0,00      0,00      0,00      0,00      0,00      0,00      0,00      0,00    100,00
18:18:33          7      0,00      0,00      0,00      0,00      0,00      0,00      0,00      0,00      0,00    100,00
18:18:33          8      0,50      0,00      0,00      0,00      0,00      0,00      0,00      0,00      0,00     99,50
18:18:33          9      0,00      0,00      0,00      0,00      0,00      0,00      0,00      0,00      0,00    100,00
18:18:33         10      0,00      0,00      0,00      0,00      0,00      0,00      0,00      0,00      0,00    100,00
18:18:33         11      0,00      0,00      0,00      0,00      0,00      0,00      0,00      0,00      0,00    100,00
18:18:33         12      0,00      0,00      0,00      0,00      0,00      0,00      0,00      0,00      0,00    100,00
18:18:33         13      0,00      0,00      0,00      0,00      0,00      0,00      0,00      0,00      0,00    100,00
18:18:33         14      0,00      0,00      0,00      0,00      0,00      0,00      0,00      0,00      0,00    100,00
18:18:33         15    100,00      0,00      0,00      0,00      0,00      0,00      0,00      0,00      0,00      0,00

18:18:31        IFACE   rxpck/s   txpck/s    rxkB/s    txkB/s   rxcmp/s   txcmp/s  rxmcst/s   %ifutil
18:18:33           lo      0,00      0,00      0,00      0,00      0,00      0,00      0,00      0,00
18:18:33         eno1      4,50      0,00      0,28      0,00      0,00      0,00      1,00      0,00
18:18:33         eno2      0,00      0,00      0,00      0,00      0,00      0,00      0,00      0,00
18:18:33      docker0      0,00      0,00      0,00      0,00      0,00      0,00      0,00      0,00
18:18:33      ens2np0      0,00      0,00      0,00      0,00      0,00      0,00      0,00      0,00
18:18:33      ens2np1      0,00      0,00      0,00      0,00      0,00      0,00      0,00      0,00

18:18:33        CPU      %usr     %nice      %sys   %iowait    %steal      %irq     %soft    %guest    %gnice     %idle
18:18:35        all      6,25      0,00      0,03      0,00      0,00      0,00      0,00      0,00      0,00     93,72
18:18:35          0      0,00      0,00      0,00      0,00      0,00      0,00      0,00      0,00      0,00    100,00
18:18:35          1      0,00      0,00      0,00      0,00      0,00      0,00      0,00      0,00      0,00    100,00
18:18:35          2      0,00      0,00      0,00      0,00      0,00      0,00      0,00      0,00      0,00    100,00
18:18:35          3      0,00      0,00      0,00      0,00      0,00      0,00      0,00      0,00      0,00    100,00
18:18:35          4      0,00      0,00      0,00      0,00      0,00      0,00      0,00      0,00      0,00    100,00
18:18:35          5      0,00      0,00      0,00      0,00      0,00      0,00      0,00      0,00      0,00    100,00
18:18:35          6      0,00      0,00      0,00      0,00      0,00      0,00      0,00      0,00      0,00    100,00
18:18:35          7      0,00      0,00      0,00      0,00      0,00      0,00      0,00      0,00      0,00    100,00
18:18:35          8      0,00      0,00      0,00      0,00      0,00      0,00      0,00      0,00      0,00    100,00
18:18:35          9      0,00      0,00      0,00      0,00      0,00      0,00      0,00      0,00      0,00    100,00
18:18:35         10      0,00      0,00      0,00      0,00      0,00      0,00      0,00      0,00      0,00    100,00
18:18:35         11      0,00      0,00      0,50      0,00      0,00      0,00      0,00      0,00      0,00     99,50
18:18:35         12      0,00      0,00      0,00      0,00      0,00      0,00      0,00      0,00      0,00    100,00
18:18:35         13      0,00      0,00      0,00      0,00      0,00      0,00      0,00      0,00      0,00    100,00
18:18:35         14      0,00      0,00      0,00      0,00      0,00      0,00      0,00      0,00      0,00    100,00
18:18:35         15    100,00      0,00      0,00      0,00      0,00      0,00      0,00      0,00      0,00      0,00

18:18:33        IFACE   rxpck/s   txpck/s    rxkB/s    txkB/s   rxcmp/s   txcmp/s  rxmcst/s   %ifutil
18:18:35           lo      0,00      0,00      0,00      0,00      0,00      0,00      0,00      0,00
18:18:35         eno1     12,44      0,00      0,78      0,00      0,00      0,00      1,49      0,00
18:18:35         eno2      0,00      0,00      0,00      0,00      0,00      0,00      0,00      0,00
18:18:35      docker0      0,00      0,00      0,00      0,00      0,00      0,00      0,00      0,00
18:18:35      ens2np0      0,00      0,00      0,00      0,00      0,00      0,00      0,00      0,00
18:18:35      ens2np1      0,00      0,00      0,00      0,00      0,00      0,00      0,00      0,00

18:18:35        CPU      %usr     %nice      %sys   %iowait    %steal      %irq     %soft    %guest    %gnice     %idle
18:18:37        all      6,63      0,00      0,16      0,00      0,00      0,00      0,00      0,00      0,00     93,22
18:18:37          0      0,50      0,00      0,00      0,00      0,00      0,00      0,00      0,00      0,00     99,50
18:18:37          1      0,00      0,00      0,00      0,00      0,00      0,00      0,00      0,00      0,00    100,00
18:18:37          2      1,00      0,00      0,00      0,00      0,00      0,00      0,00      0,00      0,00     99,00
18:18:37          3      0,00      0,00      0,50      0,00      0,00      0,00      0,00      0,00      0,00     99,50
18:18:37          4      0,50      0,00      0,00      0,00      0,00      0,00      0,00      0,00      0,00     99,50
18:18:37          5      0,00      0,00      1,00      0,00      0,00      0,00      0,00      0,00      0,00     99,00
18:18:37          6      1,00      0,00      0,50      0,00      0,00      0,00      0,00      0,00      0,00     98,50
18:18:37          7      0,00      0,00      0,00      0,00      0,00      0,00      0,00      0,00      0,00    100,00
18:18:37          8      0,00      0,00      0,00      0,00      0,00      0,00      0,00      0,00      0,00    100,00
18:18:37          9      0,50      0,00      0,00      0,00      0,00      0,00      0,00      0,00      0,00     99,50
18:18:37         10      0,50      0,00      0,00      0,00      0,00      0,00      0,00      0,00      0,00     99,50
18:18:37         11      0,50      0,00      0,00      0,00      0,00      0,00      0,00      0,00      0,00     99,50
18:18:37         12      0,50      0,00      0,00      0,00      0,00      0,00      0,00      0,00      0,00     99,50
18:18:37         13      0,00      0,00      0,00      0,00      0,00      0,00      0,00      0,00      0,00    100,00
18:18:37         14      1,00      0,00      0,50      0,00      0,00      0,00      0,00      0,00      0,00     98,51
18:18:37         15    100,00      0,00      0,00      0,00      0,00      0,00      0,00      0,00      0,00      0,00

18:18:35        IFACE   rxpck/s   txpck/s    rxkB/s    txkB/s   rxcmp/s   txcmp/s  rxmcst/s   %ifutil
18:18:37           lo      0,00      0,00      0,00      0,00      0,00      0,00      0,00      0,00
18:18:37         eno1      5,50      0,00      0,35      0,00      0,00      0,00      1,00      0,00
18:18:37         eno2      0,00      0,00      0,00      0,00      0,00      0,00      0,00      0,00
18:18:37      docker0      0,00      0,00      0,00      0,00      0,00      0,00      0,00      0,00
18:18:37      ens2np0      0,00      0,00      0,00      0,00      0,00      0,00      0,00      0,00
18:18:37      ens2np1      0,00      0,00      0,00      0,00      0,00      0,00      0,00      0,00

18:18:37        CPU      %usr     %nice      %sys   %iowait    %steal      %irq     %soft    %guest    %gnice     %idle
18:18:39        all      6,25      0,00      0,00      0,00      0,00      0,00      0,00      0,00      0,00     93,75
18:18:39          0      0,00      0,00      0,00      0,00      0,00      0,00      0,00      0,00      0,00    100,00
18:18:39          1      0,00      0,00      0,00      0,00      0,00      0,00      0,00      0,00      0,00    100,00
18:18:39          2      0,00      0,00      0,00      0,00      0,00      0,00      0,00      0,00      0,00    100,00
18:18:39          3      0,00      0,00      0,00      0,00      0,00      0,00      0,00      0,00      0,00    100,00
18:18:39          4      0,00      0,00      0,00      0,00      0,00      0,00      0,00      0,00      0,00    100,00
18:18:39          5      0,00      0,00      0,00      0,00      0,00      0,00      0,00      0,00      0,00    100,00
18:18:39          6      0,00      0,00      0,00      0,00      0,00      0,00      0,00      0,00      0,00    100,00
18:18:39          7      0,00      0,00      0,00      0,00      0,00      0,00      0,00      0,00      0,00    100,00
18:18:39          8      0,00      0,00      0,00      0,00      0,00      0,00      0,00      0,00      0,00    100,00
18:18:39          9      0,00      0,00      0,00      0,00      0,00      0,00      0,00      0,00      0,00    100,00
18:18:39         10      0,00      0,00      0,00      0,00      0,00      0,00      0,00      0,00      0,00    100,00
18:18:39         11      0,00      0,00      0,00      0,00      0,00      0,00      0,00      0,00      0,00    100,00
18:18:39         12      0,00      0,00      0,00      0,00      0,00      0,00      0,00      0,00      0,00    100,00
18:18:39         13      0,00      0,00      0,00      0,00      0,00      0,00      0,00      0,00      0,00    100,00
18:18:39         14      0,00      0,00      0,00      0,00      0,00      0,00      0,00      0,00      0,00    100,00
18:18:39         15    100,00      0,00      0,00      0,00      0,00      0,00      0,00      0,00      0,00      0,00

18:18:37        IFACE   rxpck/s   txpck/s    rxkB/s    txkB/s   rxcmp/s   txcmp/s  rxmcst/s   %ifutil
18:18:39           lo      0,00      0,00      0,00      0,00      0,00      0,00      0,00      0,00
18:18:39         eno1      6,00      0,00      0,51      0,00      0,00      0,00      1,00      0,00
18:18:39         eno2      0,00      0,00      0,00      0,00      0,00      0,00      0,00      0,00
18:18:39      docker0      0,00      0,00      0,00      0,00      0,00      0,00      0,00      0,00
18:18:39      ens2np0      0,00      0,00      0,00      0,00      0,00      0,00      0,00      0,00
18:18:39      ens2np1      0,00      0,00      0,00      0,00      0,00      0,00      0,00      0,00

18:18:39        CPU      %usr     %nice      %sys   %iowait    %steal      %irq     %soft    %guest    %gnice     %idle
18:18:41        all      6,28      0,00      0,00      0,00      0,00      0,00      0,03      0,00      0,00     93,69
18:18:41          0      0,00      0,00      0,00      0,00      0,00      0,00      0,50      0,00      0,00     99,50
18:18:41          1      0,00      0,00      0,00      0,00      0,00      0,00      0,00      0,00      0,00    100,00
18:18:41          2      0,00      0,00      0,00      0,00      0,00      0,00      0,00      0,00      0,00    100,00
18:18:41          3      0,00      0,00      0,00      0,00      0,00      0,00      0,00      0,00      0,00    100,00
18:18:41          4      0,00      0,00      0,00      0,00      0,00      0,00      0,00      0,00      0,00    100,00
18:18:41          5      0,00      0,00      0,00      0,00      0,00      0,00      0,00      0,00      0,00    100,00
18:18:41          6      0,00      0,00      0,00      0,00      0,00      0,00      0,00      0,00      0,00    100,00
18:18:41          7      0,00      0,00      0,00      0,00      0,00      0,00      0,00      0,00      0,00    100,00
18:18:41          8      0,00      0,00      0,00      0,00      0,00      0,00      0,00      0,00      0,00    100,00
18:18:41          9      0,00      0,00      0,00      0,00      0,00      0,00      0,00      0,00      0,00    100,00
18:18:41         10      0,00      0,00      0,00      0,00      0,00      0,00      0,00      0,00      0,00    100,00
18:18:41         11      0,50      0,00      0,00      0,00      0,00      0,00      0,00      0,00      0,00     99,50
18:18:41         12      0,00      0,00      0,00      0,00      0,00      0,00      0,00      0,00      0,00    100,00
18:18:41         13      0,00      0,00      0,00      0,00      0,00      0,00      0,00      0,00      0,00    100,00
18:18:41         14      0,00      0,00      0,00      0,00      0,00      0,00      0,00      0,00      0,00    100,00
18:18:41         15    100,00      0,00      0,00      0,00      0,00      0,00      0,00      0,00      0,00      0,00

18:18:39        IFACE   rxpck/s   txpck/s    rxkB/s    txkB/s   rxcmp/s   txcmp/s  rxmcst/s   %ifutil
18:18:41           lo      0,00      0,00      0,00      0,00      0,00      0,00      0,00      0,00
18:18:41         eno1     12,50      0,00      0,78      0,00      0,00      0,00      1,00      0,00
18:18:41         eno2      0,00      0,00      0,00      0,00      0,00      0,00      0,00      0,00
18:18:41      docker0      0,00      0,00      0,00      0,00      0,00      0,00      0,00      0,00
18:18:41      ens2np0      0,00      0,00      0,00      0,00      0,00      0,00      0,00      0,00
18:18:41      ens2np1      0,00      0,00      0,00      0,00      0,00      0,00      0,00      0,00

18:18:41        CPU      %usr     %nice      %sys   %iowait    %steal      %irq     %soft    %guest    %gnice     %idle
18:18:43        all      6,25      0,00      0,00      0,00      0,00      0,00      0,00      0,00      0,00     93,75
18:18:43          0      0,00      0,00      0,00      0,00      0,00      0,00      0,00      0,00      0,00    100,00
18:18:43          1      0,00      0,00      0,00      0,00      0,00      0,00      0,00      0,00      0,00    100,00
18:18:43          2      0,00      0,00      0,00      0,00      0,00      0,00      0,00      0,00      0,00    100,00
18:18:43          3      0,00      0,00      0,00      0,00      0,00      0,00      0,00      0,00      0,00    100,00
18:18:43          4      0,00      0,00      0,00      0,00      0,00      0,00      0,00      0,00      0,00    100,00
18:18:43          5      0,00      0,00      0,00      0,00      0,00      0,00      0,00      0,00      0,00    100,00
18:18:43          6      0,00      0,00      0,00      0,00      0,00      0,00      0,00      0,00      0,00    100,00
18:18:43          7      0,00      0,00      0,00      0,00      0,00      0,00      0,00      0,00      0,00    100,00
18:18:43          8      0,00      0,00      0,00      0,00      0,00      0,00      0,00      0,00      0,00    100,00
18:18:43          9      0,00      0,00      0,00      0,00      0,00      0,00      0,00      0,00      0,00    100,00
18:18:43         10      0,00      0,00      0,00      0,00      0,00      0,00      0,00      0,00      0,00    100,00
18:18:43         11      0,00      0,00      0,00      0,00      0,00      0,00      0,00      0,00      0,00    100,00
18:18:43         12      0,00      0,00      0,00      0,00      0,00      0,00      0,00      0,00      0,00    100,00
18:18:43         13      0,00      0,00      0,00      0,00      0,00      0,00      0,00      0,00      0,00    100,00
18:18:43         14      0,00      0,00      0,00      0,00      0,00      0,00      0,00      0,00      0,00    100,00
18:18:43         15    100,00      0,00      0,00      0,00      0,00      0,00      0,00      0,00      0,00      0,00

18:18:41        IFACE   rxpck/s   txpck/s    rxkB/s    txkB/s   rxcmp/s   txcmp/s  rxmcst/s   %ifutil
18:18:43           lo      0,00      0,00      0,00      0,00      0,00      0,00      0,00      0,00
18:18:43         eno1      5,50      0,00      0,35      0,00      0,00      0,00      1,00      0,00
18:18:43         eno2      0,00      0,00      0,00      0,00      0,00      0,00      0,00      0,00
18:18:43      docker0      0,00      0,00      0,00      0,00      0,00      0,00      0,00      0,00
18:18:43      ens2np0      0,00      0,00      0,00      0,00      0,00      0,00      0,00      0,00
18:18:43      ens2np1      0,00      0,00      0,00      0,00      0,00      0,00      0,00      0,00

18:18:43        CPU      %usr     %nice      %sys   %iowait    %steal      %irq     %soft    %guest    %gnice     %idle
18:18:45        all      6,25      0,00      0,00      0,00      0,00      0,00      0,00      0,00      0,00     93,75
18:18:45          0      0,00      0,00      0,00      0,00      0,00      0,00      0,00      0,00      0,00    100,00
18:18:45          1      0,00      0,00      0,00      0,00      0,00      0,00      0,00      0,00      0,00    100,00
18:18:45          2      0,00      0,00      0,00      0,00      0,00      0,00      0,00      0,00      0,00    100,00
18:18:45          3      0,00      0,00      0,00      0,00      0,00      0,00      0,00      0,00      0,00    100,00
18:18:45          4      0,00      0,00      0,00      0,00      0,00      0,00      0,00      0,00      0,00    100,00
18:18:45          5      0,00      0,00      0,00      0,00      0,00      0,00      0,00      0,00      0,00    100,00
18:18:45          6      0,00      0,00      0,00      0,00      0,00      0,00      0,00      0,00      0,00    100,00
18:18:45          7      0,00      0,00      0,00      0,00      0,00      0,00      0,00      0,00      0,00    100,00
18:18:45          8      0,00      0,00      0,00      0,00      0,00      0,00      0,00      0,00      0,00    100,00
18:18:45          9      0,00      0,00      0,00      0,00      0,00      0,00      0,00      0,00      0,00    100,00
18:18:45         10      0,00      0,00      0,00      0,00      0,00      0,00      0,00      0,00      0,00    100,00
18:18:45         11      0,00      0,00      0,00      0,00      0,00      0,00      0,00      0,00      0,00    100,00
18:18:45         12      0,00      0,00      0,00      0,00      0,00      0,00      0,00      0,00      0,00    100,00
18:18:45         13      0,00      0,00      0,00      0,00      0,00      0,00      0,00      0,00      0,00    100,00
18:18:45         14      0,00      0,00      0,00      0,00      0,00      0,00      0,00      0,00      0,00    100,00
18:18:45         15    100,00      0,00      0,00      0,00      0,00      0,00      0,00      0,00      0,00      0,00

18:18:43        IFACE   rxpck/s   txpck/s    rxkB/s    txkB/s   rxcmp/s   txcmp/s  rxmcst/s   %ifutil
18:18:45           lo      0,00      0,00      0,00      0,00      0,00      0,00      0,00      0,00
18:18:45         eno1     12,50      0,00      0,78      0,00      0,00      0,00      1,00      0,00
18:18:45         eno2      0,00      0,00      0,00      0,00      0,00      0,00      0,00      0,00
18:18:45      docker0      0,00      0,00      0,00      0,00      0,00      0,00      0,00      0,00
18:18:45      ens2np0      0,00      0,00      0,00      0,00      0,00      0,00      0,00      0,00
18:18:45      ens2np1      0,00      0,00      0,00      0,00      0,00      0,00      0,00      0,00

18:18:45        CPU      %usr     %nice      %sys   %iowait    %steal      %irq     %soft    %guest    %gnice     %idle
18:18:47        all      6,75      0,00      0,09      0,00      0,00      0,00      0,00      0,00      0,00     93,15
18:18:47          0      0,50      0,00      0,50      0,00      0,00      0,00      0,00      0,00      0,00     99,00
18:18:47          1      0,50      0,00      0,00      0,00      0,00      0,00      0,00      0,00      0,00     99,50
18:18:47          2      0,00      0,00      0,00      0,00      0,00      0,00      0,00      0,00      0,00    100,00
18:18:47          3      1,00      0,00      0,00      0,00      0,00      0,00      0,00      0,00      0,00     99,00
18:18:47          4      0,50      0,00      0,50      0,00      0,00      0,00      0,00      0,00      0,00     99,00
18:18:47          5      1,00      0,00      0,00      0,00      0,00      0,00      0,00      0,00      0,00     99,00
18:18:47          6      0,00      0,00      0,00      0,00      0,00      0,00      0,00      0,00      0,00    100,00
18:18:47          7      0,00      0,00      0,00      0,00      0,00      0,00      0,00      0,00      0,00    100,00
18:18:47          8      1,00      0,00      0,00      0,00      0,00      0,00      0,00      0,00      0,00     99,00
18:18:47          9      0,00      0,00      0,00      0,00      0,00      0,00      0,00      0,00      0,00    100,00
18:18:47         10      0,50      0,00      0,00      0,00      0,00      0,00      0,00      0,00      0,00     99,50
18:18:47         11      1,00      0,00      0,00      0,00      0,00      0,00      0,00      0,00      0,00     99,00
18:18:47         12      0,00      0,00      0,00      0,00      0,00      0,00      0,00      0,00      0,00    100,00
18:18:47         13      0,50      0,00      0,00      0,00      0,00      0,00      0,00      0,00      0,00     99,50
18:18:47         14      1,51      0,00      0,50      0,00      0,00      0,00      0,00      0,00      0,00     97,99
18:18:47         15    100,00      0,00      0,00      0,00      0,00      0,00      0,00      0,00      0,00      0,00

18:18:45        IFACE   rxpck/s   txpck/s    rxkB/s    txkB/s   rxcmp/s   txcmp/s  rxmcst/s   %ifutil
18:18:47           lo      0,00      0,00      0,00      0,00      0,00      0,00      0,00      0,00
18:18:47         eno1      4,50      1,00      0,28      0,07      0,00      0,00      1,00      0,00
18:18:47         eno2      0,00      0,00      0,00      0,00      0,00      0,00      0,00      0,00
18:18:47      docker0      0,00      0,00      0,00      0,00      0,00      0,00      0,00      0,00
18:18:47      ens2np0      0,00      0,00      0,00      0,00      0,00      0,00      0,00      0,00
18:18:47      ens2np1      0,00      0,00      0,00      0,00      0,00      0,00      0,00      0,00

18:18:47        CPU      %usr     %nice      %sys   %iowait    %steal      %irq     %soft    %guest    %gnice     %idle
18:18:49        all      6,25      0,00      0,03      0,00      0,00      0,00      0,03      0,00      0,00     93,69
18:18:49          0      0,00      0,00      0,00      0,00      0,00      0,00      0,50      0,00      0,00     99,50
18:18:49          1      0,00      0,00      0,00      0,00      0,00      0,00      0,00      0,00      0,00    100,00
18:18:49          2      0,00      0,00      0,00      0,00      0,00      0,00      0,00      0,00      0,00    100,00
18:18:49          3      0,00      0,00      0,00      0,00      0,00      0,00      0,00      0,00      0,00    100,00
18:18:49          4      0,00      0,00      0,00      0,00      0,00      0,00      0,00      0,00      0,00    100,00
18:18:49          5      0,00      0,00      0,00      0,00      0,00      0,00      0,00      0,00      0,00    100,00
18:18:49          6      0,00      0,00      0,00      0,00      0,00      0,00      0,00      0,00      0,00    100,00
18:18:49          7      0,00      0,00      0,00      0,00      0,00      0,00      0,00      0,00      0,00    100,00
18:18:49          8      0,00      0,00      0,00      0,00      0,00      0,00      0,00      0,00      0,00    100,00
18:18:49          9      0,00      0,00      0,00      0,00      0,00      0,00      0,00      0,00      0,00    100,00
18:18:49         10      0,00      0,00      0,00      0,00      0,00      0,00      0,00      0,00      0,00    100,00
18:18:49         11      0,00      0,00      0,50      0,00      0,00      0,00      0,00      0,00      0,00     99,50
18:18:49         12      0,00      0,00      0,00      0,00      0,00      0,00      0,00      0,00      0,00    100,00
18:18:49         13      0,00      0,00      0,00      0,00      0,00      0,00      0,00      0,00      0,00    100,00
18:18:49         14      0,00      0,00      0,00      0,00      0,00      0,00      0,00      0,00      0,00    100,00
18:18:49         15    100,00      0,00      0,00      0,00      0,00      0,00      0,00      0,00      0,00      0,00

18:18:47        IFACE   rxpck/s   txpck/s    rxkB/s    txkB/s   rxcmp/s   txcmp/s  rxmcst/s   %ifutil
18:18:49           lo      0,00      0,00      0,00      0,00      0,00      0,00      0,00      0,00
18:18:49         eno1     13,00      0,50      0,81      0,03      0,00      0,00      1,00      0,00
18:18:49         eno2      0,00      0,00      0,00      0,00      0,00      0,00      0,00      0,00
18:18:49      docker0      0,00      0,00      0,00      0,00      0,00      0,00      0,00      0,00
18:18:49      ens2np0      0,00      0,00      0,00      0,00      0,00      0,00      0,00      0,00
18:18:49      ens2np1      0,00      0,00      0,00      0,00      0,00      0,00      0,00      0,00

18:18:49        CPU      %usr     %nice      %sys   %iowait    %steal      %irq     %soft    %guest    %gnice     %idle
18:18:51        all      6,25      0,00      0,00      0,00      0,00      0,00      0,00      0,00      0,00     93,75
18:18:51          0      0,00      0,00      0,00      0,00      0,00      0,00      0,00      0,00      0,00    100,00
18:18:51          1      0,00      0,00      0,00      0,00      0,00      0,00      0,00      0,00      0,00    100,00
18:18:51          2      0,00      0,00      0,00      0,00      0,00      0,00      0,00      0,00      0,00    100,00
18:18:51          3      0,00      0,00      0,00      0,00      0,00      0,00      0,00      0,00      0,00    100,00
18:18:51          4      0,00      0,00      0,00      0,00      0,00      0,00      0,00      0,00      0,00    100,00
18:18:51          5      0,00      0,00      0,00      0,00      0,00      0,00      0,00      0,00      0,00    100,00
18:18:51          6      0,00      0,00      0,00      0,00      0,00      0,00      0,00      0,00      0,00    100,00
18:18:51          7      0,00      0,00      0,00      0,00      0,00      0,00      0,00      0,00      0,00    100,00
18:18:51          8      0,00      0,00      0,00      0,00      0,00      0,00      0,00      0,00      0,00    100,00
18:18:51          9      0,00      0,00      0,00      0,00      0,00      0,00      0,00      0,00      0,00    100,00
18:18:51         10      0,00      0,00      0,00      0,00      0,00      0,00      0,00      0,00      0,00    100,00
18:18:51         11      0,00      0,00      0,00      0,00      0,00      0,00      0,00      0,00      0,00    100,00
18:18:51         12      0,00      0,00      0,00      0,00      0,00      0,00      0,00      0,00      0,00    100,00
18:18:51         13      0,00      0,00      0,00      0,00      0,00      0,00      0,00      0,00      0,00    100,00
18:18:51         14      0,00      0,00      0,00      0,00      0,00      0,00      0,00      0,00      0,00    100,00
18:18:51         15    100,00      0,00      0,00      0,00      0,00      0,00      0,00      0,00      0,00      0,00

18:18:49        IFACE   rxpck/s   txpck/s    rxkB/s    txkB/s   rxcmp/s   txcmp/s  rxmcst/s   %ifutil
18:18:51           lo      0,00      0,00      0,00      0,00      0,00      0,00      0,00      0,00
18:18:51         eno1      5,50      0,50      0,35      0,03      0,00      0,00      1,50      0,00
18:18:51         eno2      0,00      0,00      0,00      0,00      0,00      0,00      0,00      0,00
18:18:51      docker0      0,00      0,00      0,00      0,00      0,00      0,00      0,00      0,00
18:18:51      ens2np0      0,00      0,00      0,00      0,00      0,00      0,00      0,00      0,00
18:18:51      ens2np1      0,00      0,00      0,00      0,00      0,00      0,00      0,00      0,00

18:18:51        CPU      %usr     %nice      %sys   %iowait    %steal      %irq     %soft    %guest    %gnice     %idle
18:18:53        all      6,28      0,00      0,00      0,00      0,00      0,00      0,00      0,00      0,00     93,72
18:18:53          0      0,00      0,00      0,00      0,00      0,00      0,00      0,00      0,00      0,00    100,00
18:18:53          1      0,00      0,00      0,00      0,00      0,00      0,00      0,00      0,00      0,00    100,00
18:18:53          2      0,00      0,00      0,00      0,00      0,00      0,00      0,00      0,00      0,00    100,00
18:18:53          3      0,00      0,00      0,00      0,00      0,00      0,00      0,00      0,00      0,00    100,00
18:18:53          4      0,00      0,00      0,00      0,00      0,00      0,00      0,00      0,00      0,00    100,00
18:18:53          5      0,00      0,00      0,00      0,00      0,00      0,00      0,00      0,00      0,00    100,00
18:18:53          6      0,00      0,00      0,00      0,00      0,00      0,00      0,00      0,00      0,00    100,00
18:18:53          7      0,00      0,00      0,00      0,00      0,00      0,00      0,00      0,00      0,00    100,00
18:18:53          8      0,00      0,00      0,00      0,00      0,00      0,00      0,00      0,00      0,00    100,00
18:18:53          9      0,00      0,00      0,00      0,00      0,00      0,00      0,00      0,00      0,00    100,00
18:18:53         10      0,00      0,00      0,00      0,00      0,00      0,00      0,00      0,00      0,00    100,00
18:18:53         11      0,50      0,00      0,00      0,00      0,00      0,00      0,00      0,00      0,00     99,50
18:18:53         12      0,00      0,00      0,00      0,00      0,00      0,00      0,00      0,00      0,00    100,00
18:18:53         13      0,00      0,00      0,00      0,00      0,00      0,00      0,00      0,00      0,00    100,00
18:18:53         14      0,00      0,00      0,00      0,00      0,00      0,00      0,00      0,00      0,00    100,00
18:18:53         15    100,00      0,00      0,00      0,00      0,00      0,00      0,00      0,00      0,00      0,00

18:18:51        IFACE   rxpck/s   txpck/s    rxkB/s    txkB/s   rxcmp/s   txcmp/s  rxmcst/s   %ifutil
18:18:53           lo      0,00      0,00      0,00      0,00      0,00      0,00      0,00      0,00
18:18:53         eno1      6,50      0,00      0,41      0,00      0,00      0,00      1,00      0,00
18:18:53         eno2      0,00      0,00      0,00      0,00      0,00      0,00      0,00      0,00
18:18:53      docker0      0,00      0,00      0,00      0,00      0,00      0,00      0,00      0,00
18:18:53      ens2np0      0,00      0,00      0,00      0,00      0,00      0,00      0,00      0,00
18:18:53      ens2np1      0,00      0,00      0,00      0,00      0,00      0,00      0,00      0,00

18:18:53        CPU      %usr     %nice      %sys   %iowait    %steal      %irq     %soft    %guest    %gnice     %idle
18:18:55        all      6,25      0,00      0,03      0,00      0,00      0,00      0,00      0,00      0,00     93,71
18:18:55          0      0,00      0,00      0,00      0,00      0,00      0,00      0,00      0,00      0,00    100,00
18:18:55          1      0,00      0,00      0,00      0,00      0,00      0,00      0,00      0,00      0,00    100,00
18:18:55          2      0,00      0,00      0,00      0,00      0,00      0,00      0,00      0,00      0,00    100,00
18:18:55          3      0,00      0,00      0,00      0,00      0,00      0,00      0,00      0,00      0,00    100,00
18:18:55          4      0,00      0,00      0,00      0,00      0,00      0,00      0,00      0,00      0,00    100,00
18:18:55          5      0,00      0,00      0,50      0,00      0,00      0,00      0,00      0,00      0,00     99,50
18:18:55          6      0,00      0,00      0,00      0,00      0,00      0,00      0,00      0,00      0,00    100,00
18:18:55          7      0,00      0,00      0,00      0,00      0,00      0,00      0,00      0,00      0,00    100,00
18:18:55          8      0,00      0,00      0,00      0,00      0,00      0,00      0,00      0,00      0,00    100,00
18:18:55          9      0,00      0,00      0,00      0,00      0,00      0,00      0,00      0,00      0,00    100,00
18:18:55         10      0,00      0,00      0,00      0,00      0,00      0,00      0,00      0,00      0,00    100,00
18:18:55         11      0,00      0,00      0,00      0,00      0,00      0,00      0,00      0,00      0,00    100,00
18:18:55         12      0,00      0,00      0,00      0,00      0,00      0,00      0,00      0,00      0,00    100,00
18:18:55         13      0,00      0,00      0,00      0,00      0,00      0,00      0,00      0,00      0,00    100,00
18:18:55         14      0,00      0,00      0,00      0,00      0,00      0,00      0,00      0,00      0,00    100,00
18:18:55         15    100,00      0,00      0,00      0,00      0,00      0,00      0,00      0,00      0,00      0,00

18:18:53        IFACE   rxpck/s   txpck/s    rxkB/s    txkB/s   rxcmp/s   txcmp/s  rxmcst/s   %ifutil
18:18:55           lo      0,00      0,00      0,00      0,00      0,00      0,00      0,00      0,00
18:18:55         eno1     13,50      1,50      0,87      0,13      0,00      0,00      1,00      0,00
18:18:55         eno2      0,00      0,00      0,00      0,00      0,00      0,00      0,00      0,00
18:18:55      docker0      0,00      0,00      0,00      0,00      0,00      0,00      0,00      0,00
18:18:55      ens2np0      0,00      0,00      0,00      0,00      0,00      0,00      0,00      0,00
18:18:55      ens2np1      0,00      0,00      0,00      0,00      0,00      0,00      0,00      0,00

18:18:55        CPU      %usr     %nice      %sys   %iowait    %steal      %irq     %soft    %guest    %gnice     %idle
18:18:57        all      6,25      0,00      0,00      0,00      0,00      0,00      0,00      0,00      0,00     93,75
18:18:57          0      0,00      0,00      0,00      0,00      0,00      0,00      0,00      0,00      0,00    100,00
18:18:57          1      0,00      0,00      0,00      0,00      0,00      0,00      0,00      0,00      0,00    100,00
18:18:57          2      0,00      0,00      0,00      0,00      0,00      0,00      0,00      0,00      0,00    100,00
18:18:57          3      0,00      0,00      0,00      0,00      0,00      0,00      0,00      0,00      0,00    100,00
18:18:57          4      0,00      0,00      0,00      0,00      0,00      0,00      0,00      0,00      0,00    100,00
18:18:57          5      0,00      0,00      0,00      0,00      0,00      0,00      0,00      0,00      0,00    100,00
18:18:57          6      0,00      0,00      0,00      0,00      0,00      0,00      0,00      0,00      0,00    100,00
18:18:57          7      0,00      0,00      0,00      0,00      0,00      0,00      0,00      0,00      0,00    100,00
18:18:57          8      0,00      0,00      0,00      0,00      0,00      0,00      0,00      0,00      0,00    100,00
18:18:57          9      0,00      0,00      0,00      0,00      0,00      0,00      0,00      0,00      0,00    100,00
18:18:57         10      0,00      0,00      0,00      0,00      0,00      0,00      0,00      0,00      0,00    100,00
18:18:57         11      0,00      0,00      0,00      0,00      0,00      0,00      0,00      0,00      0,00    100,00
18:18:57         12      0,00      0,00      0,00      0,00      0,00      0,00      0,00      0,00      0,00    100,00
18:18:57         13      0,00      0,00      0,00      0,00      0,00      0,00      0,00      0,00      0,00    100,00
18:18:57         14      0,00      0,00      0,00      0,00      0,00      0,00      0,00      0,00      0,00    100,00
18:18:57         15    100,00      0,00      0,00      0,00      0,00      0,00      0,00      0,00      0,00      0,00

18:18:55        IFACE   rxpck/s   txpck/s    rxkB/s    txkB/s   rxcmp/s   txcmp/s  rxmcst/s   %ifutil
18:18:57           lo      0,00      0,00      0,00      0,00      0,00      0,00      0,00      0,00
18:18:57         eno1      5,50      0,00      0,48      0,00      0,00      0,00      1,00      0,00
18:18:57         eno2      0,00      0,00      0,00      0,00      0,00      0,00      0,00      0,00
18:18:57      docker0      0,00      0,00      0,00      0,00      0,00      0,00      0,00      0,00
18:18:57      ens2np0      0,00      0,00      0,00      0,00      0,00      0,00      0,00      0,00
18:18:57      ens2np1      0,00      0,00      0,00      0,00      0,00      0,00      0,00      0,00

18:18:57        CPU      %usr     %nice      %sys   %iowait    %steal      %irq     %soft    %guest    %gnice     %idle
18:18:59        all      6,85      0,00      0,28      0,00      0,00      0,00      0,00      0,00      0,00     92,87
18:18:59          0      0,50      0,00      0,00      0,00      0,00      0,00      0,00      0,00      0,00     99,50
18:18:59          1      0,50      0,00      1,00      0,00      0,00      0,00      0,00      0,00      0,00     98,51
18:18:59          2      1,49      0,00      0,00      0,00      0,00      0,00      0,00      0,00      0,00     98,51
18:18:59          3      1,00      0,00      0,50      0,00      0,00      0,00      0,00      0,00      0,00     98,51
18:18:59          4      0,50      0,00      0,00      0,00      0,00      0,00      0,00      0,00      0,00     99,50
18:18:59          5      0,99      0,00      0,50      0,00      0,00      0,00      0,00      0,00      0,00     98,51
18:18:59          6      0,50      0,00      0,50      0,00      0,00      0,00      0,00      0,00      0,00     99,00
18:18:59          7      1,99      0,00      0,00      0,00      0,00      0,00      0,00      0,00      0,00     98,01
18:18:59          8      0,50      0,00      0,00      0,00      0,00      0,00      0,00      0,00      0,00     99,50
18:18:59          9      0,50      0,00      0,50      0,00      0,00      0,00      0,00      0,00      0,00     99,01
18:18:59         10      0,00      0,00      0,50      0,00      0,00      0,00      0,00      0,00      0,00     99,50
18:18:59         11      0,50      0,00      0,50      0,00      0,00      0,00      0,00      0,00      0,00     99,00
18:18:59         12      0,50      0,00      0,00      0,00      0,00      0,00      0,00      0,00      0,00     99,50
18:18:59         13      0,00      0,00      0,50      0,00      0,00      0,00      0,00      0,00      0,00     99,50
18:18:59         14      0,50      0,00      0,00      0,00      0,00      0,00      0,00      0,00      0,00     99,50
18:18:59         15    100,00      0,00      0,00      0,00      0,00      0,00      0,00      0,00      0,00      0,00

18:18:57        IFACE   rxpck/s   txpck/s    rxkB/s    txkB/s   rxcmp/s   txcmp/s  rxmcst/s   %ifutil
18:18:59           lo      0,00      0,00      0,00      0,00      0,00      0,00      0,00      0,00
18:18:59         eno1     13,50      0,00      1,29      0,00      0,00      0,00      1,00      0,00
18:18:59         eno2      0,00      0,00      0,00      0,00      0,00      0,00      0,00      0,00
18:18:59      docker0      0,00      0,00      0,00      0,00      0,00      0,00      0,00      0,00
18:18:59      ens2np0      0,00      0,00      0,00      0,00      0,00      0,00      0,00      0,00
18:18:59      ens2np1      0,00      0,00      0,00      0,00      0,00      0,00      0,00      0,00

18:18:59        CPU      %usr     %nice      %sys   %iowait    %steal      %irq     %soft    %guest    %gnice     %idle
18:19:01        all      6,31      0,00      0,03      0,00      0,00      0,00      0,00      0,00      0,00     93,65
18:19:01          0      0,00      0,00      0,00      0,00      0,00      0,00      0,00      0,00      0,00    100,00
18:19:01          1      0,00      0,00      0,00      0,00      0,00      0,00      0,00      0,00      0,00    100,00
18:19:01          2      0,00      0,00      0,00      0,00      0,00      0,00      0,00      0,00      0,00    100,00
18:19:01          3      0,00      0,00      0,00      0,00      0,00      0,00      0,00      0,00      0,00    100,00
18:19:01          4      0,50      0,00      0,00      0,00      0,00      0,00      0,00      0,00      0,00     99,50
18:19:01          5      0,00      0,00      0,00      0,00      0,00      0,00      0,00      0,00      0,00    100,00
18:19:01          6      0,00      0,00      0,00      0,00      0,00      0,00      0,00      0,00      0,00    100,00
18:19:01          7      0,00      0,00      0,00      0,00      0,00      0,00      0,00      0,00      0,00    100,00
18:19:01          8      0,00      0,00      0,00      0,00      0,00      0,00      0,00      0,00      0,00    100,00
18:19:01          9      0,00      0,00      0,00      0,00      0,00      0,00      0,00      0,00      0,00    100,00
18:19:01         10      0,00      0,00      0,00      0,00      0,00      0,00      0,00      0,00      0,00    100,00
18:19:01         11      0,00      0,00      0,50      0,00      0,00      0,00      0,00      0,00      0,00     99,50
18:19:01         12      0,00      0,00      0,00      0,00      0,00      0,00      0,00      0,00      0,00    100,00
18:19:01         13      0,50      0,00      0,00      0,00      0,00      0,00      0,00      0,00      0,00     99,50
18:19:01         14      0,00      0,00      0,00      0,00      0,00      0,00      0,00      0,00      0,00    100,00
18:19:01         15    100,00      0,00      0,00      0,00      0,00      0,00      0,00      0,00      0,00      0,00

18:18:59        IFACE   rxpck/s   txpck/s    rxkB/s    txkB/s   rxcmp/s   txcmp/s  rxmcst/s   %ifutil
18:19:01           lo      0,00      0,00      0,00      0,00      0,00      0,00      0,00      0,00
18:19:01         eno1      4,50      0,00      0,28      0,00      0,00      0,00      1,00      0,00
18:19:01         eno2      0,00      0,00      0,00      0,00      0,00      0,00      0,00      0,00
18:19:01      docker0      0,00      0,00      0,00      0,00      0,00      0,00      0,00      0,00
18:19:01      ens2np0      0,00      0,00      0,00      0,00      0,00      0,00      0,00      0,00
18:19:01      ens2np1      0,00      0,00      0,00      0,00      0,00      0,00      0,00      0,00

18:19:01        CPU      %usr     %nice      %sys   %iowait    %steal      %irq     %soft    %guest    %gnice     %idle
18:19:03        all      6,26      0,00      0,00      0,00      0,00      0,00      0,00      0,00      0,00     93,74
18:19:03          0      0,00      0,00      0,00      0,00      0,00      0,00      0,00      0,00      0,00    100,00
18:19:03          1      0,00      0,00      0,00      0,00      0,00      0,00      0,00      0,00      0,00    100,00
18:19:03          2      0,00      0,00      0,00      0,00      0,00      0,00      0,00      0,00      0,00    100,00
18:19:03          3      0,00      0,00      0,00      0,00      0,00      0,00      0,00      0,00      0,00    100,00
18:19:03          4      0,00      0,00      0,00      0,00      0,00      0,00      0,00      0,00      0,00    100,00
18:19:03          5      0,00      0,00      0,00      0,00      0,00      0,00      0,00      0,00      0,00    100,00
18:19:03          6      0,00      0,00      0,00      0,00      0,00      0,00      0,00      0,00      0,00    100,00
18:19:03          7      0,00      0,00      0,00      0,00      0,00      0,00      0,00      0,00      0,00    100,00
18:19:03          8      0,00      0,00      0,00      0,00      0,00      0,00      0,00      0,00      0,00    100,00
18:19:03          9      0,00      0,00      0,00      0,00      0,00      0,00      0,00      0,00      0,00    100,00
18:19:03         10      0,00      0,00      0,00      0,00      0,00      0,00      0,00      0,00      0,00    100,00
18:19:03         11      0,00      0,00      0,00      0,00      0,00      0,00      0,00      0,00      0,00    100,00
18:19:03         12      0,00      0,00      0,00      0,00      0,00      0,00      0,00      0,00      0,00    100,00
18:19:03         13      0,00      0,00      0,00      0,00      0,00      0,00      0,00      0,00      0,00    100,00
18:19:03         14      0,00      0,00      0,00      0,00      0,00      0,00      0,00      0,00      0,00    100,00
18:19:03         15    100,00      0,00      0,00      0,00      0,00      0,00      0,00      0,00      0,00      0,00

18:19:01        IFACE   rxpck/s   txpck/s    rxkB/s    txkB/s   rxcmp/s   txcmp/s  rxmcst/s   %ifutil
18:19:03           lo      0,00      0,00      0,00      0,00      0,00      0,00      0,00      0,00
18:19:03         eno1      6,00      0,50      0,38      0,03      0,00      0,00      1,00      0,00
18:19:03         eno2      0,00      0,00      0,00      0,00      0,00      0,00      0,00      0,00
18:19:03      docker0      0,00      0,00      0,00      0,00      0,00      0,00      0,00      0,00
18:19:03      ens2np0      0,00      0,00      0,00      0,00      0,00      0,00      0,00      0,00
18:19:03      ens2np1      0,00      0,00      0,00      0,00      0,00      0,00      0,00      0,00

18:19:03        CPU      %usr     %nice      %sys   %iowait    %steal      %irq     %soft    %guest    %gnice     %idle
18:19:05        all      6,25      0,00      0,00      0,00      0,00      0,00      0,00      0,00      0,00     93,75
18:19:05          0      0,00      0,00      0,00      0,00      0,00      0,00      0,00      0,00      0,00    100,00
18:19:05          1      0,00      0,00      0,00      0,00      0,00      0,00      0,00      0,00      0,00    100,00
18:19:05          2      0,00      0,00      0,00      0,00      0,00      0,00      0,00      0,00      0,00    100,00
18:19:05          3      0,00      0,00      0,00      0,00      0,00      0,00      0,00      0,00      0,00    100,00
18:19:05          4      0,00      0,00      0,00      0,00      0,00      0,00      0,00      0,00      0,00    100,00
18:19:05          5      0,00      0,00      0,00      0,00      0,00      0,00      0,00      0,00      0,00    100,00
18:19:05          6      0,00      0,00      0,00      0,00      0,00      0,00      0,00      0,00      0,00    100,00
18:19:05          7      0,00      0,00      0,00      0,00      0,00      0,00      0,00      0,00      0,00    100,00
18:19:05          8      0,00      0,00      0,00      0,00      0,00      0,00      0,00      0,00      0,00    100,00
18:19:05          9      0,00      0,00      0,00      0,00      0,00      0,00      0,00      0,00      0,00    100,00
18:19:05         10      0,00      0,00      0,00      0,00      0,00      0,00      0,00      0,00      0,00    100,00
18:19:05         11      0,00      0,00      0,00      0,00      0,00      0,00      0,00      0,00      0,00    100,00
18:19:05         12      0,00      0,00      0,00      0,00      0,00      0,00      0,00      0,00      0,00    100,00
18:19:05         13      0,00      0,00      0,00      0,00      0,00      0,00      0,00      0,00      0,00    100,00
18:19:05         14      0,00      0,00      0,00      0,00      0,00      0,00      0,00      0,00      0,00    100,00
18:19:05         15    100,00      0,00      0,00      0,00      0,00      0,00      0,00      0,00      0,00      0,00

18:19:03        IFACE   rxpck/s   txpck/s    rxkB/s    txkB/s   rxcmp/s   txcmp/s  rxmcst/s   %ifutil
18:19:05           lo      0,00      0,00      0,00      0,00      0,00      0,00      0,00      0,00
18:19:05         eno1     10,50      0,00      0,66      0,00      0,00      0,00      1,00      0,00
18:19:05         eno2      0,00      0,00      0,00      0,00      0,00      0,00      0,00      0,00
18:19:05      docker0      0,00      0,00      0,00      0,00      0,00      0,00      0,00      0,00
18:19:05      ens2np0      0,00      0,00      0,00      0,00      0,00      0,00      0,00      0,00
18:19:05      ens2np1      0,00      0,00      0,00      0,00      0,00      0,00      0,00      0,00

18:19:05        CPU      %usr     %nice      %sys   %iowait    %steal      %irq     %soft    %guest    %gnice     %idle
18:19:07        all      6,25      0,00      0,03      0,00      0,00      0,00      0,00      0,00      0,00     93,72
18:19:07          0      0,00      0,00      0,00      0,00      0,00      0,00      0,00      0,00      0,00    100,00
18:19:07          1      0,00      0,00      0,00      0,00      0,00      0,00      0,00      0,00      0,00    100,00
18:19:07          2      0,00      0,00      0,00      0,00      0,00      0,00      0,00      0,00      0,00    100,00
18:19:07          3      0,00      0,00      0,00      0,00      0,00      0,00      0,00      0,00      0,00    100,00
18:19:07          4      0,00      0,00      0,00      0,00      0,00      0,00      0,00      0,00      0,00    100,00
18:19:07          5      0,00      0,00      0,00      0,00      0,00      0,00      0,00      0,00      0,00    100,00
18:19:07          6      0,00      0,00      0,00      0,00      0,00      0,00      0,00      0,00      0,00    100,00
18:19:07          7      0,00      0,00      0,00      0,00      0,00      0,00      0,00      0,00      0,00    100,00
18:19:07          8      0,00      0,00      0,00      0,00      0,00      0,00      0,00      0,00      0,00    100,00
18:19:07          9      0,00      0,00      0,00      0,00      0,00      0,00      0,00      0,00      0,00    100,00
18:19:07         10      0,00      0,00      0,00      0,00      0,00      0,00      0,00      0,00      0,00    100,00
18:19:07         11      0,00      0,00      0,50      0,00      0,00      0,00      0,00      0,00      0,00     99,50
18:19:07         12      0,00      0,00      0,00      0,00      0,00      0,00      0,00      0,00      0,00    100,00
18:19:07         13      0,00      0,00      0,00      0,00      0,00      0,00      0,00      0,00      0,00    100,00
18:19:07         14      0,00      0,00      0,00      0,00      0,00      0,00      0,00      0,00      0,00    100,00
18:19:07         15    100,00      0,00      0,00      0,00      0,00      0,00      0,00      0,00      0,00      0,00

18:19:05        IFACE   rxpck/s   txpck/s    rxkB/s    txkB/s   rxcmp/s   txcmp/s  rxmcst/s   %ifutil
18:19:07           lo      0,00      0,00      0,00      0,00      0,00      0,00      0,00      0,00
18:19:07         eno1      5,00      0,50      0,31      0,03      0,00      0,00      1,00      0,00
18:19:07         eno2      0,00      0,00      0,00      0,00      0,00      0,00      0,00      0,00
18:19:07      docker0      0,00      0,00      0,00      0,00      0,00      0,00      0,00      0,00
18:19:07      ens2np0      0,00      0,00      0,00      0,00      0,00      0,00      0,00      0,00
18:19:07      ens2np1      0,00      0,00      0,00      0,00      0,00      0,00      0,00      0,00

18:19:07        CPU      %usr     %nice      %sys   %iowait    %steal      %irq     %soft    %guest    %gnice     %idle
18:19:09        all      6,80      0,00      0,12      0,00      0,00      0,00      0,03      0,00      0,00     93,04
18:19:09          0      1,98      0,00      0,50      0,00      0,00      0,00      0,50      0,00      0,00     97,03
18:19:09          1      0,50      0,00      0,00      0,00      0,00      0,00      0,00      0,00      0,00     99,50
18:19:09          2      0,50      0,00      0,00      0,00      0,00      0,00      0,00      0,00      0,00     99,50
18:19:09          3      0,50      0,00      0,50      0,00      0,00      0,00      0,00      0,00      0,00     99,00
18:19:09          4      0,50      0,00      0,00      0,00      0,00      0,00      0,00      0,00      0,00     99,50
18:19:09          5      0,50      0,00      0,00      0,00      0,00      0,00      0,00      0,00      0,00     99,50
18:19:09          6      0,50      0,00      0,00      0,00      0,00      0,00      0,00      0,00      0,00     99,50
18:19:09          7      0,00      0,00      0,00      0,00      0,00      0,00      0,00      0,00      0,00    100,00
18:19:09          8      0,50      0,00      0,00      0,00      0,00      0,00      0,00      0,00      0,00     99,50
18:19:09          9      0,50      0,00      0,00      0,00      0,00      0,00      0,00      0,00      0,00     99,50
18:19:09         10      0,50      0,00      0,00      0,00      0,00      0,00      0,00      0,00      0,00     99,50
18:19:09         11      0,50      0,00      0,00      0,00      0,00      0,00      0,00      0,00      0,00     99,50
18:19:09         12      0,50      0,00      0,00      0,00      0,00      0,00      0,00      0,00      0,00     99,50
18:19:09         13      0,50      0,00      0,00      0,00      0,00      0,00      0,00      0,00      0,00     99,50
18:19:09         14      1,00      0,00      1,00      0,00      0,00      0,00      0,00      0,00      0,00     98,01
18:19:09         15    100,00      0,00      0,00      0,00      0,00      0,00      0,00      0,00      0,00      0,00

18:19:07        IFACE   rxpck/s   txpck/s    rxkB/s    txkB/s   rxcmp/s   txcmp/s  rxmcst/s   %ifutil
18:19:09           lo      0,00      0,00      0,00      0,00      0,00      0,00      0,00      0,00
18:19:09         eno1     12,00      0,00      0,75      0,00      0,00      0,00      1,00      0,00
18:19:09         eno2      0,00      0,00      0,00      0,00      0,00      0,00      0,00      0,00
18:19:09      docker0      0,00      0,00      0,00      0,00      0,00      0,00      0,00      0,00
18:19:09      ens2np0      0,00      0,00      0,00      0,00      0,00      0,00      0,00      0,00
18:19:09      ens2np1      0,00      0,00      0,00      0,00      0,00      0,00      0,00      0,00

18:19:09        CPU      %usr     %nice      %sys   %iowait    %steal      %irq     %soft    %guest    %gnice     %idle
18:19:11        all      6,32      0,00      0,03      0,00      0,00      0,00      0,00      0,00      0,00     93,65
18:19:11          0      0,00      0,00      0,00      0,00      0,00      0,00      0,00      0,00      0,00    100,00
18:19:11          1      0,00      0,00      0,00      0,00      0,00      0,00      0,00      0,00      0,00    100,00
18:19:11          2      0,00      0,00      0,00      0,00      0,00      0,00      0,00      0,00      0,00    100,00
18:19:11          3      0,00      0,00      0,00      0,00      0,00      0,00      0,00      0,00      0,00    100,00
18:19:11          4      0,00      0,00      0,00      0,00      0,00      0,00      0,00      0,00      0,00    100,00
18:19:11          5      0,00      0,00      0,00      0,00      0,00      0,00      0,00      0,00      0,00    100,00
18:19:11          6      1,00      0,00      0,00      0,00      0,00      0,00      0,00      0,00      0,00     99,00
18:19:11          7      0,00      0,00      0,00      0,00      0,00      0,00      0,00      0,00      0,00    100,00
18:19:11          8      0,00      0,00      0,00      0,00      0,00      0,00      0,00      0,00      0,00    100,00
18:19:11          9      0,00      0,00      0,00      0,00      0,00      0,00      0,00      0,00      0,00    100,00
18:19:11         10      0,00      0,00      0,00      0,00      0,00      0,00      0,00      0,00      0,00    100,00
18:19:11         11      0,00      0,00      0,50      0,00      0,00      0,00      0,00      0,00      0,00     99,50
18:19:11         12      0,00      0,00      0,00      0,00      0,00      0,00      0,00      0,00      0,00    100,00
18:19:11         13      0,00      0,00      0,00      0,00      0,00      0,00      0,00      0,00      0,00    100,00
18:19:11         14      0,00      0,00      0,00      0,00      0,00      0,00      0,00      0,00      0,00    100,00
18:19:11         15    100,00      0,00      0,00      0,00      0,00      0,00      0,00      0,00      0,00      0,00

18:19:09        IFACE   rxpck/s   txpck/s    rxkB/s    txkB/s   rxcmp/s   txcmp/s  rxmcst/s   %ifutil
18:19:11           lo      0,00      0,00      0,00      0,00      0,00      0,00      0,00      0,00
18:19:11         eno1      4,50      0,00      0,28      0,00      0,00      0,00      1,00      0,00
18:19:11         eno2      0,00      0,00      0,00      0,00      0,00      0,00      0,00      0,00
18:19:11      docker0      0,00      0,00      0,00      0,00      0,00      0,00      0,00      0,00
18:19:11      ens2np0      0,00      0,00      0,00      0,00      0,00      0,00      0,00      0,00
18:19:11      ens2np1      0,00      0,00      0,00      0,00      0,00      0,00      0,00      0,00

18:19:11        CPU      %usr     %nice      %sys   %iowait    %steal      %irq     %soft    %guest    %gnice     %idle
18:19:13        all      6,28      0,00      0,00      0,00      0,00      0,00      0,00      0,00      0,00     93,72
18:19:13          0      0,00      0,00      0,00      0,00      0,00      0,00      0,00      0,00      0,00    100,00
18:19:13          1      0,00      0,00      0,00      0,00      0,00      0,00      0,00      0,00      0,00    100,00
18:19:13          2      0,00      0,00      0,00      0,00      0,00      0,00      0,00      0,00      0,00    100,00
18:19:13          3      0,00      0,00      0,00      0,00      0,00      0,00      0,00      0,00      0,00    100,00
18:19:13          4      0,50      0,00      0,00      0,00      0,00      0,00      0,00      0,00      0,00     99,50
18:19:13          5      0,00      0,00      0,00      0,00      0,00      0,00      0,00      0,00      0,00    100,00
18:19:13          6      0,00      0,00      0,00      0,00      0,00      0,00      0,00      0,00      0,00    100,00
18:19:13          7      0,00      0,00      0,00      0,00      0,00      0,00      0,00      0,00      0,00    100,00
18:19:13          8      0,00      0,00      0,00      0,00      0,00      0,00      0,00      0,00      0,00    100,00
18:19:13          9      0,00      0,00      0,00      0,00      0,00      0,00      0,00      0,00      0,00    100,00
18:19:13         10      0,00      0,00      0,00      0,00      0,00      0,00      0,00      0,00      0,00    100,00
18:19:13         11      0,00      0,00      0,00      0,00      0,00      0,00      0,00      0,00      0,00    100,00
18:19:13         12      0,00      0,00      0,00      0,00      0,00      0,00      0,00      0,00      0,00    100,00
18:19:13         13      0,00      0,00      0,00      0,00      0,00      0,00      0,00      0,00      0,00    100,00
18:19:13         14      0,00      0,00      0,00      0,00      0,00      0,00      0,00      0,00      0,00    100,00
18:19:13         15    100,00      0,00      0,00      0,00      0,00      0,00      0,00      0,00      0,00      0,00

18:19:11        IFACE   rxpck/s   txpck/s    rxkB/s    txkB/s   rxcmp/s   txcmp/s  rxmcst/s   %ifutil
18:19:13           lo      0,00      0,00      0,00      0,00      0,00      0,00      0,00      0,00
18:19:13         eno1      2,00      0,00      0,12      0,00      0,00      0,00      0,50      0,00
18:19:13         eno2      0,00      0,00      0,00      0,00      0,00      0,00      0,00      0,00
18:19:13      docker0      0,00      0,00      0,00      0,00      0,00      0,00      0,00      0,00
18:19:13      ens2np0      0,00      0,00      0,00      0,00      0,00      0,00      0,00      0,00
18:19:13      ens2np1      0,00      0,00      0,00      0,00      0,00      0,00      0,00      0,00

18:19:13        CPU      %usr     %nice      %sys   %iowait    %steal      %irq     %soft    %guest    %gnice     %idle
18:19:15        all      6,25      0,00      0,03      0,00      0,00      0,00      0,00      0,00      0,00     93,72
18:19:15          0      0,00      0,00      0,00      0,00      0,00      0,00      0,00      0,00      0,00    100,00
18:19:15          1      0,00      0,00      0,00      0,00      0,00      0,00      0,00      0,00      0,00    100,00
18:19:15          2      0,00      0,00      0,00      0,00      0,00      0,00      0,00      0,00      0,00    100,00
18:19:15          3      0,00      0,00      0,00      0,00      0,00      0,00      0,00      0,00      0,00    100,00
18:19:15          4      0,00      0,00      0,00      0,00      0,00      0,00      0,00      0,00      0,00    100,00
18:19:15          5      0,00      0,00      0,00      0,00      0,00      0,00      0,00      0,00      0,00    100,00
18:19:15          6      0,00      0,00      0,00      0,00      0,00      0,00      0,00      0,00      0,00    100,00
18:19:15          7      0,00      0,00      0,00      0,00      0,00      0,00      0,00      0,00      0,00    100,00
18:19:15          8      0,00      0,00      0,00      0,00      0,00      0,00      0,00      0,00      0,00    100,00
18:19:15          9      0,00      0,00      0,00      0,00      0,00      0,00      0,00      0,00      0,00    100,00
18:19:15         10      0,00      0,00      0,00      0,00      0,00      0,00      0,00      0,00      0,00    100,00
18:19:15         11      0,00      0,00      0,50      0,00      0,00      0,00      0,00      0,00      0,00     99,50
18:19:15         12      0,00      0,00      0,00      0,00      0,00      0,00      0,00      0,00      0,00    100,00
18:19:15         13      0,00      0,00      0,00      0,00      0,00      0,00      0,00      0,00      0,00    100,00
18:19:15         14      0,00      0,00      0,00      0,00      0,00      0,00      0,00      0,00      0,00    100,00
18:19:15         15    100,00      0,00      0,00      0,00      0,00      0,00      0,00      0,00      0,00      0,00

18:19:13        IFACE   rxpck/s   txpck/s    rxkB/s    txkB/s   rxcmp/s   txcmp/s  rxmcst/s   %ifutil
18:19:15           lo      0,00      0,00      0,00      0,00      0,00      0,00      0,00      0,00
18:19:15         eno1     13,50      0,00      0,85      0,00      0,00      0,00      1,50      0,00
18:19:15         eno2      0,00      0,00      0,00      0,00      0,00      0,00      0,00      0,00
18:19:15      docker0      0,00      0,00      0,00      0,00      0,00      0,00      0,00      0,00
18:19:15      ens2np0      0,00      0,00      0,00      0,00      0,00      0,00      0,00      0,00
18:19:15      ens2np1      0,00      0,00      0,00      0,00      0,00      0,00      0,00      0,00

Average:        CPU      %usr     %nice      %sys   %iowait    %steal      %irq     %soft    %guest    %gnice     %idle
Average:        all      6,36      0,00      0,04      0,00      0,00      0,00      0,00      0,00      0,00     93,59
Average:          0      0,18      0,00      0,04      0,00      0,00      0,00      0,06      0,00      0,00     99,72
Average:          1      0,10      0,00      0,10      0,00      0,00      0,00      0,00      0,00      0,00     99,80
Average:          2      0,12      0,00      0,02      0,00      0,00      0,00      0,00      0,00      0,00     99,86
Average:          3      0,14      0,00      0,06      0,00      0,00      0,00      0,00      0,00      0,00     99,80
Average:          4      0,14      0,00      0,04      0,00      0,00      0,00      0,00      0,00      0,00     99,82
Average:          5      0,10      0,00      0,08      0,00      0,00      0,00      0,00      0,00      0,00     99,82
Average:          6      0,14      0,00      0,04      0,00      0,00      0,00      0,00      0,00      0,00     99,82
Average:          7      0,10      0,00      0,00      0,00      0,00      0,00      0,00      0,00      0,00     99,90
Average:          8      0,12      0,00      0,02      0,00      0,00      0,00      0,00      0,00      0,00     99,86
Average:          9      0,06      0,00      0,02      0,00      0,00      0,00      0,00      0,00      0,00     99,92
Average:         10      0,06      0,00      0,02      0,00      0,00      0,00      0,00      0,00      0,00     99,92
Average:         11      0,14      0,00      0,16      0,00      0,00      0,00      0,00      0,00      0,00     99,70
Average:         12      0,08      0,00      0,00      0,00      0,00      0,00      0,00      0,00      0,00     99,92
Average:         13      0,06      0,00      0,04      0,02      0,00      0,00      0,00      0,00      0,00     99,88
Average:         14      0,18      0,00      0,08      0,00      0,00      0,00      0,00      0,00      0,00     99,74
Average:         15    100,00      0,00      0,00      0,00      0,00      0,00      0,00      0,00      0,00      0,00

Average:        IFACE   rxpck/s   txpck/s    rxkB/s    txkB/s   rxcmp/s   txcmp/s  rxmcst/s   %ifutil
Average:           lo      0,00      0,00      0,00      0,00      0,00      0,00      0,00      0,00
Average:         eno1      8,42      0,72      0,63      0,13      0,00      0,00      1,04      0,00
Average:         eno2      0,00      0,00      0,00      0,00      0,00      0,00      0,00      0,00
Average:      docker0      0,00      0,00      0,00      0,00      0,00      0,00      0,00      0,00
Average:      ens2np0      0,00      0,00      0,00      0,00      0,00      0,00      0,00      0,00
Average:      ens2np1      0,00      0,00      0,00      0,00      0,00      0,00      0,00      0,00
