Linux 5.13.0-52-generic (w1) 	22/07/2022 	_x86_64_	(16 CPU)

18:51:44        CPU      %usr     %nice      %sys   %iowait    %steal      %irq     %soft    %guest    %gnice     %idle
18:51:46        all      6,78      0,00      0,22      0,00      0,00      0,00      0,00      0,00      0,00     93,00
18:51:46          0      1,49      0,00      0,00      0,00      0,00      0,00      0,00      0,00      0,00     98,51
18:51:46          1      1,49      0,00      0,00      0,00      0,00      0,00      0,00      0,00      0,00     98,51
18:51:46          2      0,00      0,00      0,50      0,00      0,00      0,00      0,00      0,00      0,00     99,50
18:51:46          3      0,00      0,00      0,50      0,00      0,00      0,00      0,00      0,00      0,00     99,50
18:51:46          4      1,99      0,00      1,00      0,00      0,00      0,00      0,00      0,00      0,00     97,01
18:51:46          5      0,00      0,00      0,50      0,00      0,00      0,00      0,00      0,00      0,00     99,50
18:51:46          6      0,50      0,00      0,00      0,00      0,00      0,00      0,00      0,00      0,00     99,50
18:51:46          7      0,00      0,00      0,00      0,00      0,00      0,00      0,00      0,00      0,00    100,00
18:51:46          8      0,00      0,00      0,00      0,00      0,00      0,00      0,00      0,00      0,00    100,00
18:51:46          9      0,50      0,00      0,50      0,00      0,00      0,00      0,00      0,00      0,00     99,00
18:51:46         10      0,50      0,00      0,00      0,00      0,00      0,00      0,00      0,00      0,00     99,50
18:51:46         11      0,50      0,00      0,00      0,00      0,00      0,00      0,00      0,00      0,00     99,50
18:51:46         12      0,00      0,00      0,00      0,00      0,00      0,00      0,00      0,00      0,00    100,00
18:51:46         13    100,00      0,00      0,00      0,00      0,00      0,00      0,00      0,00      0,00      0,00
18:51:46         14      0,50      0,00      0,00      0,00      0,00      0,00      0,00      0,00      0,00     99,50
18:51:46         15      1,00      0,00      0,50      0,00      0,00      0,00      0,00      0,00      0,00     98,50

18:51:44        IFACE   rxpck/s   txpck/s    rxkB/s    txkB/s   rxcmp/s   txcmp/s  rxmcst/s   %ifutil
18:51:46           lo      0,00      0,00      0,00      0,00      0,00      0,00      0,00      0,00
18:51:46         eno1     21,50     17,00      3,67      3,25      0,00      0,00      1,00      0,00
18:51:46         eno2      0,00      0,00      0,00      0,00      0,00      0,00      0,00      0,00
18:51:46      docker0      0,00      0,00      0,00      0,00      0,00      0,00      0,00      0,00
18:51:46      ens2np0      0,00      0,00      0,00      0,00      0,00      0,00      0,00      0,00
18:51:46      ens2np1      0,00      0,00      0,00      0,00      0,00      0,00      0,00      0,00

18:51:46        CPU      %usr     %nice      %sys   %iowait    %steal      %irq     %soft    %guest    %gnice     %idle
18:51:48        all      6,28      0,00      0,03      0,00      0,00      0,00      0,00      0,00      0,00     93,69
18:51:48          0      0,00      0,00      0,50      0,00      0,00      0,00      0,00      0,00      0,00     99,50
18:51:48          1      0,00      0,00      0,00      0,00      0,00      0,00      0,00      0,00      0,00    100,00
18:51:48          2      0,00      0,00      0,00      0,00      0,00      0,00      0,00      0,00      0,00    100,00
18:51:48          3      0,00      0,00      0,00      0,00      0,00      0,00      0,00      0,00      0,00    100,00
18:51:48          4      0,00      0,00      0,00      0,00      0,00      0,00      0,00      0,00      0,00    100,00
18:51:48          5      0,00      0,00      0,00      0,00      0,00      0,00      0,00      0,00      0,00    100,00
18:51:48          6      0,00      0,00      0,00      0,00      0,00      0,00      0,00      0,00      0,00    100,00
18:51:48          7      0,00      0,00      0,00      0,00      0,00      0,00      0,00      0,00      0,00    100,00
18:51:48          8      0,00      0,00      0,00      0,00      0,00      0,00      0,00      0,00      0,00    100,00
18:51:48          9      0,00      0,00      0,00      0,00      0,00      0,00      0,00      0,00      0,00    100,00
18:51:48         10      0,00      0,00      0,00      0,00      0,00      0,00      0,00      0,00      0,00    100,00
18:51:48         11      0,00      0,00      0,00      0,00      0,00      0,00      0,00      0,00      0,00    100,00
18:51:48         12      0,00      0,00      0,00      0,00      0,00      0,00      0,00      0,00      0,00    100,00
18:51:48         13    100,00      0,00      0,00      0,00      0,00      0,00      0,00      0,00      0,00      0,00
18:51:48         14      0,00      0,00      0,00      0,00      0,00      0,00      0,00      0,00      0,00    100,00
18:51:48         15      0,50      0,00      0,00      0,00      0,00      0,00      0,00      0,00      0,00     99,50

18:51:46        IFACE   rxpck/s   txpck/s    rxkB/s    txkB/s   rxcmp/s   txcmp/s  rxmcst/s   %ifutil
18:51:48           lo      0,00      0,00      0,00      0,00      0,00      0,00      0,00      0,00
18:51:48         eno1      7,00      0,00      0,58      0,00      0,00      0,00      1,00      0,00
18:51:48         eno2      0,00      0,00      0,00      0,00      0,00      0,00      0,00      0,00
18:51:48      docker0      0,00      0,00      0,00      0,00      0,00      0,00      0,00      0,00
18:51:48      ens2np0      0,00      0,00      0,00      0,00      0,00      0,00      0,00      0,00
18:51:48      ens2np1      0,00      0,00      0,00      0,00      0,00      0,00      0,00      0,00

18:51:48        CPU      %usr     %nice      %sys   %iowait    %steal      %irq     %soft    %guest    %gnice     %idle
18:51:50        all      6,25      0,00      0,00      0,00      0,00      0,00      0,00      0,00      0,00     93,75
18:51:50          0      0,00      0,00      0,00      0,00      0,00      0,00      0,00      0,00      0,00    100,00
18:51:50          1      0,00      0,00      0,00      0,00      0,00      0,00      0,00      0,00      0,00    100,00
18:51:50          2      0,00      0,00      0,00      0,00      0,00      0,00      0,00      0,00      0,00    100,00
18:51:50          3      0,00      0,00      0,00      0,00      0,00      0,00      0,00      0,00      0,00    100,00
18:51:50          4      0,00      0,00      0,00      0,00      0,00      0,00      0,00      0,00      0,00    100,00
18:51:50          5      0,00      0,00      0,00      0,00      0,00      0,00      0,00      0,00      0,00    100,00
18:51:50          6      0,00      0,00      0,00      0,00      0,00      0,00      0,00      0,00      0,00    100,00
18:51:50          7      0,00      0,00      0,00      0,00      0,00      0,00      0,00      0,00      0,00    100,00
18:51:50          8      0,00      0,00      0,00      0,00      0,00      0,00      0,00      0,00      0,00    100,00
18:51:50          9      0,00      0,00      0,00      0,00      0,00      0,00      0,00      0,00      0,00    100,00
18:51:50         10      0,00      0,00      0,00      0,00      0,00      0,00      0,00      0,00      0,00    100,00
18:51:50         11      0,00      0,00      0,00      0,00      0,00      0,00      0,00      0,00      0,00    100,00
18:51:50         12      0,00      0,00      0,00      0,00      0,00      0,00      0,00      0,00      0,00    100,00
18:51:50         13    100,00      0,00      0,00      0,00      0,00      0,00      0,00      0,00      0,00      0,00
18:51:50         14      0,00      0,00      0,00      0,00      0,00      0,00      0,00      0,00      0,00    100,00
18:51:50         15      0,00      0,00      0,00      0,00      0,00      0,00      0,00      0,00      0,00    100,00

18:51:48        IFACE   rxpck/s   txpck/s    rxkB/s    txkB/s   rxcmp/s   txcmp/s  rxmcst/s   %ifutil
18:51:50           lo      0,00      0,00      0,00      0,00      0,00      0,00      0,00      0,00
18:51:50         eno1      9,50      0,00      0,73      0,00      0,00      0,00      1,00      0,00
18:51:50         eno2      0,00      0,00      0,00      0,00      0,00      0,00      0,00      0,00
18:51:50      docker0      0,00      0,00      0,00      0,00      0,00      0,00      0,00      0,00
18:51:50      ens2np0      0,00      0,00      0,00      0,00      0,00      0,00      0,00      0,00
18:51:50      ens2np1      0,00      0,00      0,00      0,00      0,00      0,00      0,00      0,00

18:51:50        CPU      %usr     %nice      %sys   %iowait    %steal      %irq     %soft    %guest    %gnice     %idle
18:51:52        all      6,25      0,00      0,00      0,00      0,00      0,00      0,00      0,00      0,00     93,75
18:51:52          0      0,00      0,00      0,00      0,00      0,00      0,00      0,00      0,00      0,00    100,00
18:51:52          1      0,00      0,00      0,00      0,00      0,00      0,00      0,00      0,00      0,00    100,00
18:51:52          2      0,00      0,00      0,00      0,00      0,00      0,00      0,00      0,00      0,00    100,00
18:51:52          3      0,00      0,00      0,00      0,00      0,00      0,00      0,00      0,00      0,00    100,00
18:51:52          4      0,00      0,00      0,00      0,00      0,00      0,00      0,00      0,00      0,00    100,00
18:51:52          5      0,00      0,00      0,00      0,00      0,00      0,00      0,00      0,00      0,00    100,00
18:51:52          6      0,00      0,00      0,00      0,00      0,00      0,00      0,00      0,00      0,00    100,00
18:51:52          7      0,00      0,00      0,00      0,00      0,00      0,00      0,00      0,00      0,00    100,00
18:51:52          8      0,00      0,00      0,00      0,00      0,00      0,00      0,00      0,00      0,00    100,00
18:51:52          9      0,00      0,00      0,00      0,00      0,00      0,00      0,00      0,00      0,00    100,00
18:51:52         10      0,00      0,00      0,00      0,00      0,00      0,00      0,00      0,00      0,00    100,00
18:51:52         11      0,00      0,00      0,00      0,00      0,00      0,00      0,00      0,00      0,00    100,00
18:51:52         12      0,00      0,00      0,00      0,00      0,00      0,00      0,00      0,00      0,00    100,00
18:51:52         13    100,00      0,00      0,00      0,00      0,00      0,00      0,00      0,00      0,00      0,00
18:51:52         14      0,00      0,00      0,00      0,00      0,00      0,00      0,00      0,00      0,00    100,00
18:51:52         15      0,00      0,00      0,00      0,00      0,00      0,00      0,00      0,00      0,00    100,00

18:51:50        IFACE   rxpck/s   txpck/s    rxkB/s    txkB/s   rxcmp/s   txcmp/s  rxmcst/s   %ifutil
18:51:52           lo      0,00      0,00      0,00      0,00      0,00      0,00      0,00      0,00
18:51:52         eno1      6,50      0,00      0,41      0,00      0,00      0,00      1,50      0,00
18:51:52         eno2      0,00      0,00      0,00      0,00      0,00      0,00      0,00      0,00
18:51:52      docker0      0,00      0,00      0,00      0,00      0,00      0,00      0,00      0,00
18:51:52      ens2np0      0,00      0,00      0,00      0,00      0,00      0,00      0,00      0,00
18:51:52      ens2np1      0,00      0,00      0,00      0,00      0,00      0,00      0,00      0,00

18:51:52        CPU      %usr     %nice      %sys   %iowait    %steal      %irq     %soft    %guest    %gnice     %idle
18:51:54        all      6,25      0,00      0,00      0,00      0,00      0,00      0,00      0,00      0,00     93,75
18:51:54          0      0,00      0,00      0,00      0,00      0,00      0,00      0,00      0,00      0,00    100,00
18:51:54          1      0,00      0,00      0,00      0,00      0,00      0,00      0,00      0,00      0,00    100,00
18:51:54          2      0,00      0,00      0,00      0,00      0,00      0,00      0,00      0,00      0,00    100,00
18:51:54          3      0,00      0,00      0,00      0,00      0,00      0,00      0,00      0,00      0,00    100,00
18:51:54          4      0,00      0,00      0,00      0,00      0,00      0,00      0,00      0,00      0,00    100,00
18:51:54          5      0,00      0,00      0,00      0,00      0,00      0,00      0,00      0,00      0,00    100,00
18:51:54          6      0,00      0,00      0,00      0,00      0,00      0,00      0,00      0,00      0,00    100,00
18:51:54          7      0,00      0,00      0,00      0,00      0,00      0,00      0,00      0,00      0,00    100,00
18:51:54          8      0,00      0,00      0,00      0,00      0,00      0,00      0,00      0,00      0,00    100,00
18:51:54          9      0,00      0,00      0,00      0,00      0,00      0,00      0,00      0,00      0,00    100,00
18:51:54         10      0,00      0,00      0,00      0,00      0,00      0,00      0,00      0,00      0,00    100,00
18:51:54         11      0,00      0,00      0,00      0,00      0,00      0,00      0,00      0,00      0,00    100,00
18:51:54         12      0,00      0,00      0,00      0,00      0,00      0,00      0,00      0,00      0,00    100,00
18:51:54         13    100,00      0,00      0,00      0,00      0,00      0,00      0,00      0,00      0,00      0,00
18:51:54         14      0,00      0,00      0,00      0,00      0,00      0,00      0,00      0,00      0,00    100,00
18:51:54         15      0,00      0,00      0,00      0,00      0,00      0,00      0,00      0,00      0,00    100,00

18:51:52        IFACE   rxpck/s   txpck/s    rxkB/s    txkB/s   rxcmp/s   txcmp/s  rxmcst/s   %ifutil
18:51:54           lo      0,00      0,00      0,00      0,00      0,00      0,00      0,00      0,00
18:51:54         eno1      8,50      1,50      0,66      0,10      0,00      0,00      1,00      0,00
18:51:54         eno2      0,00      0,00      0,00      0,00      0,00      0,00      0,00      0,00
18:51:54      docker0      0,00      0,00      0,00      0,00      0,00      0,00      0,00      0,00
18:51:54      ens2np0      0,00      0,00      0,00      0,00      0,00      0,00      0,00      0,00
18:51:54      ens2np1      0,00      0,00      0,00      0,00      0,00      0,00      0,00      0,00

18:51:54        CPU      %usr     %nice      %sys   %iowait    %steal      %irq     %soft    %guest    %gnice     %idle
18:51:56        all      5,70      0,00      1,17      0,00      0,00      0,00      7,00      0,00      0,00     86,13
18:51:56          0      0,48      0,00      0,00      0,00      0,00      0,00     28,71      0,00      0,00     70,81
18:51:56          1      0,00      0,00      0,00      0,00      0,00      0,00     36,42      0,00      0,00     63,58
18:51:56          2      0,68      0,00      0,00      0,00      0,00      0,00     25,34      0,00      0,00     73,97
18:51:56          3      0,00      0,00      0,00      0,00      0,00      0,00     32,72      0,00      0,00     67,28
18:51:56          4      1,61      0,00      0,00      0,00      0,00      0,00      1,08      0,00      0,00     97,31
18:51:56          5     42,21      0,00     16,08      0,00      0,00      0,00      0,00      0,00      0,00     41,71
18:51:56          6      0,00      0,00      0,00      0,00      0,00      0,00      0,00      0,00      0,00    100,00
18:51:56          7      0,00      0,00      0,00      0,00      0,00      0,00      0,00      0,00      0,00    100,00
18:51:56          8      0,50      0,00      0,50      0,00      0,00      0,00      0,00      0,00      0,00     99,00
18:51:56          9      0,00      0,00      0,00      0,00      0,00      0,00      0,00      0,00      0,00    100,00
18:51:56         10      0,00      0,00      0,00      0,00      0,00      0,00      0,00      0,00      0,00    100,00
18:51:56         11      0,00      0,00      0,00      0,00      0,00      0,00      0,00      0,00      0,00    100,00
18:51:56         12      0,50      0,00      0,50      0,00      0,00      0,00      0,00      0,00      0,00     98,99
18:51:56         13     41,50      0,00      0,50      0,00      0,00      0,00      0,00      0,00      0,00     58,00
18:51:56         14      0,00      0,00      0,50      0,00      0,00      0,00      0,00      0,00      0,00     99,50
18:51:56         15      0,50      0,00      0,00      0,00      0,00      0,00      0,00      0,00      0,00     99,50

18:51:54        IFACE   rxpck/s   txpck/s    rxkB/s    txkB/s   rxcmp/s   txcmp/s  rxmcst/s   %ifutil
18:51:56           lo      0,00      0,00      0,00      0,00      0,00      0,00      0,00      0,00
18:51:56         eno1      6,00  36652,50      0,51  53688,76      0,00      0,00      1,00     43,98
18:51:56         eno2      0,00      0,00      0,00      0,00      0,00      0,00      0,00      0,00
18:51:56      docker0      0,00      0,00      0,00      0,00      0,00      0,00      0,00      0,00
18:51:56      ens2np0 488681,50 121577,00 713933,13 177614,98      0,00      0,00      0,00     58,49
18:51:56      ens2np1      0,00      0,00      0,00      0,00      0,00      0,00      0,00      0,00

18:51:56        CPU      %usr     %nice      %sys   %iowait    %steal      %irq     %soft    %guest    %gnice     %idle
18:51:58        all      5,05      0,00      1,64      0,03      0,00      0,00     12,11      0,00      0,00     81,17
18:51:58          0      0,00      0,00      0,00      0,00      0,00      0,00     43,00      0,00      0,00     57,00
18:51:58          1      0,00      0,00      0,00      0,00      0,00      0,00     73,08      0,00      0,00     26,92
18:51:58          2      0,00      0,00      0,00      0,00      0,00      0,00     58,97      0,00      0,00     41,03
18:51:58          3      0,00      0,00      0,00      0,00      0,00      0,00     61,34      0,00      0,00     38,66
18:51:58          4      0,00      0,00      0,00      0,58      0,00      0,00      0,58      0,00      0,00     98,84
18:51:58          5     75,50      0,00     24,50      0,00      0,00      0,00      0,00      0,00      0,00      0,00
18:51:58          6      0,00      0,00      0,00      0,00      0,00      0,00      0,00      0,00      0,00    100,00
18:51:58          7      0,00      0,00      0,00      0,00      0,00      0,00      0,00      0,00      0,00    100,00
18:51:58          8      0,00      0,00      0,00      0,00      0,00      0,00      0,00      0,00      0,00    100,00
18:51:58          9      0,00      0,00      0,00      0,00      0,00      0,00      0,00      0,00      0,00    100,00
18:51:58         10      0,00      0,00      0,00      0,00      0,00      0,00      0,00      0,00      0,00    100,00
18:51:58         11      0,00      0,00      0,00      0,00      0,00      0,00      0,00      0,00      0,00    100,00
18:51:58         12      0,00      0,00      0,00      0,00      0,00      0,00      0,00      0,00      0,00    100,00
18:51:58         13      0,00      0,00      0,00      0,00      0,00      0,00      0,00      0,00      0,00    100,00
18:51:58         14      0,00      0,00      0,00      0,00      0,00      0,00      0,00      0,00      0,00    100,00
18:51:58         15      0,00      0,00      0,00      0,00      0,00      0,00      0,00      0,00      0,00    100,00

18:51:56        IFACE   rxpck/s   txpck/s    rxkB/s    txkB/s   rxcmp/s   txcmp/s  rxmcst/s   %ifutil
18:51:58           lo      0,00      0,00      0,00      0,00      0,00      0,00      0,00      0,00
18:51:58         eno1      5,50  84211,00      0,35 123355,22      0,00      0,00      1,00    101,05
18:51:58         eno2      0,00      0,00      0,00      0,00      0,00      0,00      0,00      0,00
18:51:58      docker0      0,00      0,00      0,00      0,00      0,00      0,00      0,00      0,00
18:51:58      ens2np0 822368,00 204586,00 1201428,25 298886,65      0,00      0,00      0,00     98,42
18:51:58      ens2np1      0,00      0,00      0,00      0,00      0,00      0,00      0,00      0,00

18:51:58        CPU      %usr     %nice      %sys   %iowait    %steal      %irq     %soft    %guest    %gnice     %idle
18:52:00        all      5,25      0,00      1,48      0,00      0,00      0,00     11,63      0,00      0,00     81,64
18:52:00          0      0,00      0,00      0,00      0,00      0,00      0,00     43,07      0,00      0,00     56,93
18:52:00          1      0,00      0,00      0,00      0,00      0,00      0,00     71,91      0,00      0,00     28,09
18:52:00          2      0,00      0,00      0,00      0,00      0,00      0,00     52,53      0,00      0,00     47,47
18:52:00          3      0,00      0,00      0,00      0,00      0,00      0,00     62,30      0,00      0,00     37,70
18:52:00          4      0,00      0,00      0,00      0,00      0,00      0,00      1,72      0,00      0,00     98,28
18:52:00          5     78,00      0,00     22,00      0,00      0,00      0,00      0,00      0,00      0,00      0,00
18:52:00          6      0,00      0,00      0,00      0,00      0,00      0,00      0,00      0,00      0,00    100,00
18:52:00          7      0,00      0,00      0,00      0,00      0,00      0,00      0,00      0,00      0,00    100,00
18:52:00          8      0,00      0,00      0,00      0,00      0,00      0,00      0,00      0,00      0,00    100,00
18:52:00          9      0,00      0,00      0,00      0,00      0,00      0,00      0,00      0,00      0,00    100,00
18:52:00         10      0,00      0,00      0,00      0,00      0,00      0,00      0,00      0,00      0,00    100,00
18:52:00         11      0,00      0,00      0,00      0,00      0,00      0,00      0,00      0,00      0,00    100,00
18:52:00         12      0,00      0,00      0,00      0,00      0,00      0,00      0,00      0,00      0,00    100,00
18:52:00         13      0,00      0,00      0,00      0,00      0,00      0,00      0,00      0,00      0,00    100,00
18:52:00         14      0,00      0,00      0,00      0,00      0,00      0,00      0,00      0,00      0,00    100,00
18:52:00         15      0,00      0,00      0,00      0,00      0,00      0,00      0,00      0,00      0,00    100,00

18:51:58        IFACE   rxpck/s   txpck/s    rxkB/s    txkB/s   rxcmp/s   txcmp/s  rxmcst/s   %ifutil
18:52:00           lo      0,00      0,00      0,00      0,00      0,00      0,00      0,00      0,00
18:52:00         eno1      8,50  84210,00      0,67 123355,22      0,00      0,00      1,00    101,05
18:52:00         eno2      0,00      0,00      0,00      0,00      0,00      0,00      0,00      0,00
18:52:00      docker0      0,00      0,00      0,00      0,00      0,00      0,00      0,00      0,00
18:52:00      ens2np0 822374,50 204266,00 1201437,75 298418,44      0,00      0,00      0,00     98,42
18:52:00      ens2np1      0,00      0,00      0,00      0,00      0,00      0,00      0,00      0,00

18:52:00        CPU      %usr     %nice      %sys   %iowait    %steal      %irq     %soft    %guest    %gnice     %idle
18:52:02        all      5,06      0,00      1,64      0,03      0,00      0,00     11,99      0,00      0,00     81,27
18:52:02          0      0,00      0,00      0,00      0,50      0,00      0,00     43,07      0,00      0,00     56,44
18:52:02          1      0,00      0,00      0,00      0,00      0,00      0,00     73,51      0,00      0,00     26,49
18:52:02          2      0,00      0,00      0,00      0,00      0,00      0,00     58,56      0,00      0,00     41,44
18:52:02          3      0,00      0,00      0,00      0,00      0,00      0,00     59,65      0,00      0,00     40,35
18:52:02          4      0,00      0,00      0,00      0,00      0,00      0,00      1,16      0,00      0,00     98,84
18:52:02          5     75,50      0,00     24,50      0,00      0,00      0,00      0,00      0,00      0,00      0,00
18:52:02          6      0,00      0,00      0,00      0,00      0,00      0,00      0,00      0,00      0,00    100,00
18:52:02          7      0,00      0,00      0,00      0,00      0,00      0,00      0,00      0,00      0,00    100,00
18:52:02          8      0,00      0,00      0,00      0,00      0,00      0,00      0,00      0,00      0,00    100,00
18:52:02          9      0,00      0,00      0,00      0,00      0,00      0,00      0,00      0,00      0,00    100,00
18:52:02         10      0,00      0,00      0,00      0,00      0,00      0,00      0,00      0,00      0,00    100,00
18:52:02         11      0,00      0,00      0,00      0,00      0,00      0,00      0,00      0,00      0,00    100,00
18:52:02         12      0,00      0,00      0,00      0,00      0,00      0,00      0,00      0,00      0,00    100,00
18:52:02         13      0,00      0,00      0,00      0,00      0,00      0,00      0,00      0,00      0,00    100,00
18:52:02         14      0,00      0,00      0,00      0,00      0,00      0,00      0,00      0,00      0,00    100,00
18:52:02         15      0,00      0,00      0,00      0,00      0,00      0,00      0,00      0,00      0,00    100,00

18:52:00        IFACE   rxpck/s   txpck/s    rxkB/s    txkB/s   rxcmp/s   txcmp/s  rxmcst/s   %ifutil
18:52:02           lo      0,00      0,00      0,00      0,00      0,00      0,00      0,00      0,00
18:52:02         eno1      4,50  84210,50      0,28 123354,49      0,00      0,00      1,00    101,05
18:52:02         eno2      0,00      0,00      0,00      0,00      0,00      0,00      0,00      0,00
18:52:02      docker0      0,00      0,00      0,00      0,00      0,00      0,00      0,00      0,00
18:52:02      ens2np0 822356,50 204130,00 1201411,45 298220,46      0,00      0,00      0,00     98,42
18:52:02      ens2np1      0,00      0,00      0,00      0,00      0,00      0,00      0,00      0,00

18:52:02        CPU      %usr     %nice      %sys   %iowait    %steal      %irq     %soft    %guest    %gnice     %idle
18:52:04        all      5,04      0,00      1,68      0,00      0,00      0,00     11,72      0,00      0,00     81,56
18:52:04          0      0,00      0,00      0,00      0,00      0,00      0,00     42,21      0,00      0,00     57,79
18:52:04          1      0,00      0,00      0,00      0,00      0,00      0,00     73,40      0,00      0,00     26,60
18:52:04          2      0,00      0,00      0,00      0,00      0,00      0,00     60,00      0,00      0,00     40,00
18:52:04          3      0,00      0,00      0,00      0,00      0,00      0,00     55,00      0,00      0,00     45,00
18:52:04          4      0,00      0,00      0,00      0,00      0,00      0,00      0,00      0,00      0,00    100,00
18:52:04          5     66,67      0,00     22,39      0,00      0,00      0,00      0,00      0,00      0,00     10,95
18:52:04          6      0,00      0,00      0,00      0,00      0,00      0,00      0,00      0,00      0,00    100,00
18:52:04          7      0,00      0,00      0,00      0,00      0,00      0,00      0,00      0,00      0,00    100,00
18:52:04          8      0,00      0,00      0,00      0,00      0,00      0,00      0,00      0,00      0,00    100,00
18:52:04          9      0,00      0,00      0,00      0,00      0,00      0,00      0,00      0,00      0,00    100,00
18:52:04         10      0,00      0,00      0,00      0,00      0,00      0,00      0,00      0,00      0,00    100,00
18:52:04         11      0,00      0,00      0,00      0,00      0,00      0,00      0,00      0,00      0,00    100,00
18:52:04         12      0,00      0,00      0,00      0,00      0,00      0,00      0,00      0,00      0,00    100,00
18:52:04         13      8,04      0,00      2,51      0,00      0,00      0,00      0,00      0,00      0,00     89,45
18:52:04         14      0,00      0,00      0,00      0,00      0,00      0,00      0,00      0,00      0,00    100,00
18:52:04         15      0,00      0,00      0,00      0,00      0,00      0,00      0,00      0,00      0,00    100,00

18:52:02        IFACE   rxpck/s   txpck/s    rxkB/s    txkB/s   rxcmp/s   txcmp/s  rxmcst/s   %ifutil
18:52:04           lo      0,00      0,00      0,00      0,00      0,00      0,00      0,00      0,00
18:52:04         eno1      8,50  84210,00      0,53 123355,22      0,00      0,00      1,00    101,05
18:52:04         eno2      0,00      0,00      0,00      0,00      0,00      0,00      0,00      0,00
18:52:04      docker0      0,00      0,00      0,00      0,00      0,00      0,00      0,00      0,00
18:52:04      ens2np0 822369,50 204294,50 1201430,44 298460,08      0,00      0,00      0,00     98,42
18:52:04      ens2np1      0,00      0,00      0,00      0,00      0,00      0,00      0,00      0,00

18:52:04        CPU      %usr     %nice      %sys   %iowait    %steal      %irq     %soft    %guest    %gnice     %idle
18:52:06        all      5,48      0,00      1,81      0,00      0,00      0,00     12,30      0,00      0,00     80,41
18:52:06          0      0,00      0,00      0,00      0,00      0,00      0,00     43,28      0,00      0,00     56,72
18:52:06          1      0,00      0,00      0,00      0,00      0,00      0,00     73,48      0,00      0,00     26,52
18:52:06          2      0,00      0,00      0,00      0,00      0,00      0,00     61,40      0,00      0,00     38,60
18:52:06          3      0,00      0,00      0,00      0,00      0,00      0,00     62,81      0,00      0,00     37,19
18:52:06          4      0,58      0,00      0,58      0,00      0,00      0,00      1,16      0,00      0,00     97,69
18:52:06          5     64,82      0,00     21,61      0,00      0,00      0,00      0,00      0,00      0,00     13,57
18:52:06          6      0,50      0,00      0,00      0,00      0,00      0,00      0,00      0,00      0,00     99,50
18:52:06          7      0,99      0,00      0,00      0,00      0,00      0,00      0,00      0,00      0,00     99,01
18:52:06          8      0,50      0,00      0,00      0,00      0,00      0,00      0,00      0,00      0,00     99,50
18:52:06          9      0,50      0,00      0,00      0,00      0,00      0,00      0,00      0,00      0,00     99,50
18:52:06         10      2,99      0,00      0,50      0,00      0,00      0,00      0,00      0,00      0,00     96,52
18:52:06         11      0,50      0,00      0,00      0,00      0,00      0,00      0,00      0,00      0,00     99,50
18:52:06         12      0,50      0,00      0,00      0,00      0,00      0,00      0,00      0,00      0,00     99,50
18:52:06         13      9,45      0,00      4,48      0,00      0,00      0,00      0,00      0,00      0,00     86,07
18:52:06         14      0,50      0,00      0,00      0,00      0,00      0,00      0,00      0,00      0,00     99,50
18:52:06         15      0,50      0,00      0,00      0,00      0,00      0,00      0,00      0,00      0,00     99,50

18:52:04        IFACE   rxpck/s   txpck/s    rxkB/s    txkB/s   rxcmp/s   txcmp/s  rxmcst/s   %ifutil
18:52:06           lo      0,00      0,00      0,00      0,00      0,00      0,00      0,00      0,00
18:52:06         eno1      5,50  84210,00      0,35 123354,49      0,00      0,00      1,00    101,05
18:52:06         eno2      0,00      0,00      0,00      0,00      0,00      0,00      0,00      0,00
18:52:06      docker0      0,00      0,00      0,00      0,00      0,00      0,00      0,00      0,00
18:52:06      ens2np0 822363,50 204383,00 1201421,68 298590,08      0,00      0,00      0,00     98,42
18:52:06      ens2np1      0,00      0,00      0,00      0,00      0,00      0,00      0,00      0,00

18:52:06        CPU      %usr     %nice      %sys   %iowait    %steal      %irq     %soft    %guest    %gnice     %idle
18:52:08        all      5,13      0,00      1,70      0,00      0,00      0,00     10,80      0,00      0,00     82,38
18:52:08          0      0,00      0,00      0,00      0,00      0,00      0,00     42,71      0,00      0,00     57,29
18:52:08          1      0,00      0,00      0,00      0,00      0,00      0,00     72,68      0,00      0,00     27,32
18:52:08          2      0,00      0,00      0,00      0,00      0,00      0,00     51,55      0,00      0,00     48,45
18:52:08          3      0,00      0,00      0,00      0,00      0,00      0,00     51,06      0,00      0,00     48,94
18:52:08          4      0,00      0,00      0,00      0,00      0,00      0,00      1,16      0,00      0,00     98,84
18:52:08          5     75,12      0,00     24,88      0,00      0,00      0,00      0,00      0,00      0,00      0,00
18:52:08          6      0,00      0,00      0,00      0,00      0,00      0,00      0,00      0,00      0,00    100,00
18:52:08          7      0,00      0,00      0,00      0,00      0,00      0,00      0,00      0,00      0,00    100,00
18:52:08          8      0,00      0,00      0,00      0,00      0,00      0,00      0,00      0,00      0,00    100,00
18:52:08          9      0,00      0,00      0,00      0,00      0,00      0,00      0,00      0,00      0,00    100,00
18:52:08         10      0,00      0,00      0,00      0,00      0,00      0,00      0,00      0,00      0,00    100,00
18:52:08         11      0,00      0,00      0,00      0,00      0,00      0,00      0,00      0,00      0,00    100,00
18:52:08         12      0,00      0,00      0,00      0,00      0,00      0,00      0,00      0,00      0,00    100,00
18:52:08         13      0,00      0,00      0,00      0,00      0,00      0,00      0,00      0,00      0,00    100,00
18:52:08         14      0,00      0,00      0,00      0,00      0,00      0,00      0,00      0,00      0,00    100,00
18:52:08         15      0,00      0,00      0,00      0,00      0,00      0,00      0,00      0,00      0,00    100,00

18:52:06        IFACE   rxpck/s   txpck/s    rxkB/s    txkB/s   rxcmp/s   txcmp/s  rxmcst/s   %ifutil
18:52:08           lo      0,00      0,00      0,00      0,00      0,00      0,00      0,00      0,00
18:52:08         eno1      6,50  84210,50      0,42 123355,22      0,00      0,00      1,00    101,05
18:52:08         eno2      0,00      0,00      0,00      0,00      0,00      0,00      0,00      0,00
18:52:08      docker0      0,00      0,00      0,00      0,00      0,00      0,00      0,00      0,00
18:52:08      ens2np0 822366,00 204567,00 1201425,33 298858,18      0,00      0,00      0,00     98,42
18:52:08      ens2np1      0,00      0,00      0,00      0,00      0,00      0,00      0,00      0,00

18:52:08        CPU      %usr     %nice      %sys   %iowait    %steal      %irq     %soft    %guest    %gnice     %idle
18:52:10        all      5,42      0,00      1,42      0,00      0,00      0,00     10,97      0,00      0,00     82,19
18:52:10          0      0,51      0,00      0,00      0,00      0,00      0,00     41,41      0,00      0,00     58,08
18:52:10          1      0,00      0,00      0,00      0,00      0,00      0,00     71,35      0,00      0,00     28,65
18:52:10          2      0,00      0,00      0,00      0,00      0,00      0,00     55,66      0,00      0,00     44,34
18:52:10          3      0,00      0,00      0,00      0,00      0,00      0,00     57,55      0,00      0,00     42,45
18:52:10          4      0,00      0,00      0,00      0,00      0,00      0,00      0,00      0,00      0,00    100,00
18:52:10          5     79,50      0,00     20,50      0,00      0,00      0,00      0,00      0,00      0,00      0,00
18:52:10          6      0,00      0,00      0,00      0,00      0,00      0,00      0,00      0,00      0,00    100,00
18:52:10          7      0,00      0,00      0,00      0,00      0,00      0,00      0,00      0,00      0,00    100,00
18:52:10          8      0,00      0,00      0,00      0,00      0,00      0,00      0,00      0,00      0,00    100,00
18:52:10          9      0,00      0,00      0,00      0,00      0,00      0,00      0,00      0,00      0,00    100,00
18:52:10         10      0,00      0,00      0,00      0,00      0,00      0,00      0,00      0,00      0,00    100,00
18:52:10         11      0,00      0,00      0,00      0,00      0,00      0,00      0,00      0,00      0,00    100,00
18:52:10         12      0,00      0,00      0,00      0,00      0,00      0,00      0,00      0,00      0,00    100,00
18:52:10         13      0,00      0,00      0,00      0,00      0,00      0,00      0,00      0,00      0,00    100,00
18:52:10         14      0,00      0,00      0,50      0,00      0,00      0,00      0,00      0,00      0,00     99,50
18:52:10         15      0,00      0,00      0,00      0,00      0,00      0,00      0,00      0,00      0,00    100,00

18:52:08        IFACE   rxpck/s   txpck/s    rxkB/s    txkB/s   rxcmp/s   txcmp/s  rxmcst/s   %ifutil
18:52:10           lo      0,00      0,00      0,00      0,00      0,00      0,00      0,00      0,00
18:52:10         eno1      6,00  42105,50      0,52  61676,55      0,00      0,00      0,50     50,53
18:52:10         eno2      0,00      0,00      0,00      0,00      0,00      0,00      0,00      0,00
18:52:10      docker0      0,00      0,00      0,00      0,00      0,00      0,00      0,00      0,00
18:52:10      ens2np0 822366,50 204575,00 1201426,06 298870,58      0,00      0,00      0,00     98,42
18:52:10      ens2np1      0,00      0,00      0,00      0,00      0,00      0,00      0,00      0,00

18:52:10        CPU      %usr     %nice      %sys   %iowait    %steal      %irq     %soft    %guest    %gnice     %idle
18:52:12        all      5,08      0,00      1,68      0,03      0,00      0,00     11,54      0,00      0,00     81,66
18:52:12          0      0,00      0,00      0,00      0,00      0,00      0,00     42,21      0,00      0,00     57,79
18:52:12          1      0,00      0,00      0,00      0,54      0,00      0,00     73,12      0,00      0,00     26,34
18:52:12          2      0,00      0,00      0,00      0,00      0,00      0,00     48,91      0,00      0,00     51,09
18:52:12          3      0,00      0,00      0,00      0,00      0,00      0,00     62,90      0,00      0,00     37,10
18:52:12          4      0,00      0,00      0,00      0,00      0,00      0,00      0,00      0,00      0,00    100,00
18:52:12          5     74,87      0,00     25,13      0,00      0,00      0,00      0,00      0,00      0,00      0,00
18:52:12          6      0,00      0,00      0,00      0,00      0,00      0,00      0,00      0,00      0,00    100,00
18:52:12          7      1,00      0,00      0,00      0,00      0,00      0,00      0,00      0,00      0,00     99,00
18:52:12          8      0,00      0,00      0,00      0,00      0,00      0,00      0,00      0,00      0,00    100,00
18:52:12          9      0,00      0,00      0,00      0,00      0,00      0,00      0,00      0,00      0,00    100,00
18:52:12         10      0,00      0,00      0,00      0,00      0,00      0,00      0,00      0,00      0,00    100,00
18:52:12         11      0,00      0,00      0,00      0,00      0,00      0,00      0,00      0,00      0,00    100,00
18:52:12         12      0,00      0,00      0,00      0,00      0,00      0,00      0,00      0,00      0,00    100,00
18:52:12         13      0,00      0,00      0,00      0,00      0,00      0,00      0,00      0,00      0,00    100,00
18:52:12         14      0,00      0,00      0,00      0,00      0,00      0,00      0,00      0,00      0,00    100,00
18:52:12         15      0,00      0,00      0,00      0,00      0,00      0,00      0,00      0,00      0,00    100,00

18:52:10        IFACE   rxpck/s   txpck/s    rxkB/s    txkB/s   rxcmp/s   txcmp/s  rxmcst/s   %ifutil
18:52:12           lo      0,00      0,00      0,00      0,00      0,00      0,00      0,00      0,00
18:52:12         eno1      6,50  84211,00      0,42 123355,30      0,00      0,00      1,00    101,05
18:52:12         eno2      0,00      0,00      0,00      0,00      0,00      0,00      0,00      0,00
18:52:12      docker0      0,00      0,00      0,00      0,00      0,00      0,00      0,00      0,00
18:52:12      ens2np0 822370,00 204485,50 1201431,17 298739,12      0,00      0,00      0,00     98,42
18:52:12      ens2np1      0,00      0,00      0,00      0,00      0,00      0,00      0,00      0,00

18:52:12        CPU      %usr     %nice      %sys   %iowait    %steal      %irq     %soft    %guest    %gnice     %idle
18:52:14        all      5,26      0,00      1,63      0,00      0,00      0,00     10,85      0,00      0,00     82,27
18:52:14          0      0,00      0,00      0,00      0,00      0,00      0,00     42,13      0,00      0,00     57,87
18:52:14          1      0,00      0,00      0,00      0,00      0,00      0,00     71,35      0,00      0,00     28,65
18:52:14          2      0,00      0,00      0,00      0,00      0,00      0,00     55,66      0,00      0,00     44,34
18:52:14          3      0,00      0,00      0,00      0,00      0,00      0,00     54,00      0,00      0,00     46,00
18:52:14          4      0,00      0,00      0,00      0,00      0,00      0,00      1,16      0,00      0,00     98,84
18:52:14          5     70,00      0,00     21,00      0,00      0,00      0,00      0,00      0,00      0,00      9,00
18:52:14          6      0,00      0,00      0,00      0,00      0,00      0,00      0,00      0,00      0,00    100,00
18:52:14          7      0,00      0,00      0,00      0,00      0,00      0,00      0,00      0,00      0,00    100,00
18:52:14          8      0,00      0,00      0,50      0,00      0,00      0,00      0,00      0,00      0,00     99,50
18:52:14          9      0,00      0,00      0,00      0,00      0,00      0,00      0,00      0,00      0,00    100,00
18:52:14         10      0,00      0,00      0,00      0,00      0,00      0,00      0,00      0,00      0,00    100,00
18:52:14         11      0,00      0,00      0,00      0,00      0,00      0,00      0,00      0,00      0,00    100,00
18:52:14         12      0,50      0,00      0,00      0,00      0,00      0,00      0,00      0,00      0,00     99,50
18:52:14         13      6,97      0,00      2,49      0,00      0,00      0,00      0,00      0,00      0,00     90,55
18:52:14         14      0,00      0,00      0,00      0,00      0,00      0,00      0,00      0,00      0,00    100,00
18:52:14         15      0,00      0,00      0,00      0,00      0,00      0,00      0,00      0,00      0,00    100,00

18:52:12        IFACE   rxpck/s   txpck/s    rxkB/s    txkB/s   rxcmp/s   txcmp/s  rxmcst/s   %ifutil
18:52:14           lo      0,00      0,00      0,00      0,00      0,00      0,00      0,00      0,00
18:52:14         eno1      7,00  84211,00      0,58 123354,57      0,00      0,00      1,00    101,05
18:52:14         eno2      0,00      0,00      0,00      0,00      0,00      0,00      0,00      0,00
18:52:14      docker0      0,00      0,00      0,00      0,00      0,00      0,00      0,00      0,00
18:52:14      ens2np0 822371,50 204181,50 1201433,36 298295,70      0,00      0,00      0,00     98,42
18:52:14      ens2np1      0,00      0,00      0,00      0,00      0,00      0,00      0,00      0,00

18:52:14        CPU      %usr     %nice      %sys   %iowait    %steal      %irq     %soft    %guest    %gnice     %idle
18:52:16        all      5,35      0,00      1,63      0,00      0,00      0,00     12,93      0,00      0,00     80,09
18:52:16          0      0,00      0,00      0,00      0,00      0,00      0,00     44,12      0,00      0,00     55,88
18:52:16          1      0,00      0,00      0,00      0,00      0,00      0,00     73,22      0,00      0,00     26,78
18:52:16          2      0,00      0,00      0,00      0,00      0,00      0,00     61,98      0,00      0,00     38,02
18:52:16          3      0,00      0,00      0,00      0,00      0,00      0,00     65,15      0,00      0,00     34,85
18:52:16          4      2,29      0,00      0,00      0,00      0,00      0,00      2,29      0,00      0,00     95,43
18:52:16          5     63,50      0,00     18,50      0,00      0,00      0,00      0,00      0,00      0,00     18,00
18:52:16          6      0,00      0,00      0,00      0,00      0,00      0,00      0,00      0,00      0,00    100,00
18:52:16          7      0,00      0,00      0,00      0,00      0,00      0,00      0,00      0,00      0,00    100,00
18:52:16          8      0,50      0,00      0,00      0,00      0,00      0,00      0,00      0,00      0,00     99,50
18:52:16          9      0,50      0,00      0,00      0,00      0,00      0,00      0,00      0,00      0,00     99,50
18:52:16         10      0,50      0,00      0,00      0,00      0,00      0,00      0,00      0,00      0,00     99,50
18:52:16         11      0,00      0,00      0,00      0,00      0,00      0,00      0,00      0,00      0,00    100,00
18:52:16         12      0,00      0,00      0,00      0,00      0,00      0,00      0,00      0,00      0,00    100,00
18:52:16         13     13,13      0,00      4,55      0,00      0,00      0,00      0,00      0,00      0,00     82,32
18:52:16         14      0,00      0,00      0,50      0,00      0,00      0,00      0,00      0,00      0,00     99,50
18:52:16         15      0,50      0,00      1,00      0,00      0,00      0,00      0,00      0,00      0,00     98,50

18:52:14        IFACE   rxpck/s   txpck/s    rxkB/s    txkB/s   rxcmp/s   txcmp/s  rxmcst/s   %ifutil
18:52:16           lo      0,00      0,00      0,00      0,00      0,00      0,00      0,00      0,00
18:52:16         eno1      8,00  84210,50      0,50 123355,22      0,00      0,00      1,00    101,05
18:52:16         eno2      0,00      0,00      0,00      0,00      0,00      0,00      0,00      0,00
18:52:16      docker0      0,00      0,00      0,00      0,00      0,00      0,00      0,00      0,00
18:52:16      ens2np0 822357,50 204213,50 1201412,91 298341,74      0,00      0,00      0,00     98,42
18:52:16      ens2np1      0,00      0,00      0,00      0,00      0,00      0,00      0,00      0,00

18:52:16        CPU      %usr     %nice      %sys   %iowait    %steal      %irq     %soft    %guest    %gnice     %idle
18:52:18        all      5,20      0,00      1,68      0,00      0,00      0,00     10,10      0,00      0,00     83,02
18:52:18          0      0,00      0,00      0,00      0,00      0,00      0,00     40,72      0,00      0,00     59,28
18:52:18          1      0,00      0,00      0,00      0,00      0,00      0,00     71,76      0,00      0,00     28,24
18:52:18          2      0,00      0,00      0,00      0,00      0,00      0,00     49,45      0,00      0,00     50,55
18:52:18          3      0,00      0,00      0,00      0,00      0,00      0,00     52,13      0,00      0,00     47,87
18:52:18          4      0,00      0,00      0,00      0,00      0,00      0,00      0,00      0,00      0,00    100,00
18:52:18          5     67,16      0,00     20,90      0,00      0,00      0,00      0,00      0,00      0,00     11,94
18:52:18          6      0,00      0,00      0,00      0,00      0,00      0,00      0,00      0,00      0,00    100,00
18:52:18          7      0,00      0,00      0,00      0,00      0,00      0,00      0,00      0,00      0,00    100,00
18:52:18          8      0,00      0,00      0,00      0,00      0,00      0,00      0,00      0,00      0,00    100,00
18:52:18          9      0,00      0,00      0,00      0,00      0,00      0,00      0,00      0,00      0,00    100,00
18:52:18         10      0,00      0,00      0,00      0,00      0,00      0,00      0,00      0,00      0,00    100,00
18:52:18         11      0,00      0,00      0,00      0,00      0,00      0,00      0,00      0,00      0,00    100,00
18:52:18         12      0,00      0,00      0,00      0,00      0,00      0,00      0,00      0,00      0,00    100,00
18:52:18         13      8,46      0,00      3,48      0,00      0,00      0,00      0,00      0,00      0,00     88,06
18:52:18         14      0,00      0,00      0,00      0,00      0,00      0,00      0,00      0,00      0,00    100,00
18:52:18         15      0,00      0,00      0,00      0,00      0,00      0,00      0,00      0,00      0,00    100,00

18:52:16        IFACE   rxpck/s   txpck/s    rxkB/s    txkB/s   rxcmp/s   txcmp/s  rxmcst/s   %ifutil
18:52:18           lo      0,00      0,00      0,00      0,00      0,00      0,00      0,00      0,00
18:52:18         eno1      8,00  84211,00      0,51 123354,53      0,00      0,00      1,00    101,05
18:52:18         eno2      0,00      0,00      0,00      0,00      0,00      0,00      0,00      0,00
18:52:18      docker0      0,00      0,00      0,00      0,00      0,00      0,00      0,00      0,00
18:52:18      ens2np0 822359,00 204344,00 1201415,10 298533,10      0,00      0,00      0,00     98,42
18:52:18      ens2np1      0,00      0,00      0,00      0,00      0,00      0,00      0,00      0,00

18:52:18        CPU      %usr     %nice      %sys   %iowait    %steal      %irq     %soft    %guest    %gnice     %idle
18:52:20        all      4,98      0,00      1,74      0,00      0,00      0,00     12,26      0,00      0,00     81,03
18:52:20          0      0,00      0,00      0,00      0,00      0,00      0,00     42,79      0,00      0,00     57,21
18:52:20          1      0,00      0,00      0,00      0,00      0,00      0,00     72,63      0,00      0,00     27,37
18:52:20          2      0,00      0,00      0,00      0,00      0,00      0,00     61,02      0,00      0,00     38,98
18:52:20          3      0,00      0,00      0,00      0,00      0,00      0,00     63,71      0,00      0,00     36,29
18:52:20          4      0,00      0,00      0,00      0,00      0,00      0,00      0,00      0,00      0,00    100,00
18:52:20          5     74,87      0,00     25,13      0,00      0,00      0,00      0,00      0,00      0,00      0,00
18:52:20          6      0,00      0,00      0,00      0,00      0,00      0,00      0,00      0,00      0,00    100,00
18:52:20          7      0,00      0,00      0,00      0,00      0,00      0,00      0,00      0,00      0,00    100,00
18:52:20          8      0,00      0,00      0,00      0,00      0,00      0,00      0,00      0,00      0,00    100,00
18:52:20          9      0,00      0,00      0,50      0,00      0,00      0,00      0,00      0,00      0,00     99,50
18:52:20         10      0,00      0,00      0,00      0,00      0,00      0,00      0,00      0,00      0,00    100,00
18:52:20         11      0,00      0,00      0,00      0,00      0,00      0,00      0,00      0,00      0,00    100,00
18:52:20         12      0,00      0,00      0,50      0,00      0,00      0,00      0,00      0,00      0,00     99,50
18:52:20         13      0,00      0,00      0,00      0,00      0,00      0,00      0,00      0,00      0,00    100,00
18:52:20         14      0,00      0,00      0,00      0,00      0,00      0,00      0,00      0,00      0,00    100,00
18:52:20         15      0,00      0,00      0,00      0,00      0,00      0,00      0,00      0,00      0,00    100,00

18:52:18        IFACE   rxpck/s   txpck/s    rxkB/s    txkB/s   rxcmp/s   txcmp/s  rxmcst/s   %ifutil
18:52:20           lo      0,00      0,00      0,00      0,00      0,00      0,00      0,00      0,00
18:52:20         eno1     13,00  84210,50      0,82 123355,26      0,00      0,00      1,00    101,05
18:52:20         eno2      0,00      0,00      0,00      0,00      0,00      0,00      0,00      0,00
18:52:20      docker0      0,00      0,00      0,00      0,00      0,00      0,00      0,00      0,00
18:52:20      ens2np0 822364,50 204390,00 1201423,14 298599,60      0,00      0,00      0,00     98,42
18:52:20      ens2np1      0,00      0,00      0,00      0,00      0,00      0,00      0,00      0,00

18:52:20        CPU      %usr     %nice      %sys   %iowait    %steal      %irq     %soft    %guest    %gnice     %idle
18:52:22        all      5,24      0,00      1,51      0,00      0,00      0,00     11,88      0,00      0,00     81,37
18:52:22          0      0,00      0,00      0,00      0,00      0,00      0,00     41,54      0,00      0,00     58,46
18:52:22          1      0,00      0,00      0,00      0,00      0,00      0,00     73,08      0,00      0,00     26,92
18:52:22          2      0,00      0,00      0,00      0,00      0,00      0,00     57,41      0,00      0,00     42,59
18:52:22          3      0,81      0,00      0,00      0,00      0,00      0,00     62,60      0,00      0,00     36,59
18:52:22          4      0,00      0,00      0,00      0,00      0,00      0,00      0,58      0,00      0,00     99,42
18:52:22          5     77,50      0,00     22,50      0,00      0,00      0,00      0,00      0,00      0,00      0,00
18:52:22          6      0,00      0,00      0,00      0,00      0,00      0,00      0,00      0,00      0,00    100,00
18:52:22          7      0,00      0,00      0,00      0,00      0,00      0,00      0,00      0,00      0,00    100,00
18:52:22          8      0,00      0,00      0,00      0,00      0,00      0,00      0,00      0,00      0,00    100,00
18:52:22          9      0,00      0,00      0,00      0,00      0,00      0,00      0,00      0,00      0,00    100,00
18:52:22         10      0,00      0,00      0,00      0,00      0,00      0,00      0,00      0,00      0,00    100,00
18:52:22         11      0,00      0,00      0,00      0,00      0,00      0,00      0,00      0,00      0,00    100,00
18:52:22         12      0,00      0,00      0,00      0,00      0,00      0,00      0,00      0,00      0,00    100,00
18:52:22         13      0,00      0,00      0,00      0,00      0,00      0,00      0,00      0,00      0,00    100,00
18:52:22         14      0,00      0,00      0,00      0,00      0,00      0,00      0,00      0,00      0,00    100,00
18:52:22         15      0,00      0,00      0,00      0,00      0,00      0,00      0,00      0,00      0,00    100,00

18:52:20        IFACE   rxpck/s   txpck/s    rxkB/s    txkB/s   rxcmp/s   txcmp/s  rxmcst/s   %ifutil
18:52:22           lo      0,00      0,00      0,00      0,00      0,00      0,00      0,00      0,00
18:52:22         eno1      7,00  84211,50      0,50 123355,30      0,00      0,00      2,00    101,05
18:52:22         eno2      0,00      0,00      0,00      0,00      0,00      0,00      0,00      0,00
18:52:22      docker0      0,00      0,00      0,00      0,00      0,00      0,00      0,00      0,00
18:52:22      ens2np0 822371,50 204364,50 1201433,36 298563,05      0,00      0,00      0,00     98,42
18:52:22      ens2np1      0,00      0,00      0,00      0,00      0,00      0,00      0,00      0,00

18:52:22        CPU      %usr     %nice      %sys   %iowait    %steal      %irq     %soft    %guest    %gnice     %idle
18:52:24        all      5,45      0,00      1,27      0,00      0,00      0,00     12,20      0,00      0,00     81,08
18:52:24          0      0,00      0,00      0,00      0,00      0,00      0,00     42,50      0,00      0,00     57,50
18:52:24          1      0,00      0,00      0,00      0,00      0,00      0,00     73,22      0,00      0,00     26,78
18:52:24          2      0,00      0,00      0,00      0,00      0,00      0,00     54,90      0,00      0,00     45,10
18:52:24          3      0,00      0,00      0,00      0,00      0,00      0,00     66,42      0,00      0,00     33,58
18:52:24          4      0,00      0,00      0,00      0,00      0,00      0,00      0,58      0,00      0,00     99,42
18:52:24          5     79,50      0,00     18,50      0,00      0,00      0,00      0,00      0,00      0,00      2,00
18:52:24          6      0,00      0,00      0,00      0,00      0,00      0,00      0,00      0,00      0,00    100,00
18:52:24          7      0,00      0,00      0,00      0,00      0,00      0,00      0,00      0,00      0,00    100,00
18:52:24          8      0,00      0,00      0,00      0,00      0,00      0,00      0,00      0,00      0,00    100,00
18:52:24          9      0,00      0,00      0,00      0,00      0,00      0,00      0,00      0,00      0,00    100,00
18:52:24         10      0,00      0,00      0,00      0,00      0,00      0,00      0,00      0,00      0,00    100,00
18:52:24         11      0,00      0,00      0,00      0,00      0,00      0,00      0,00      0,00      0,00    100,00
18:52:24         12      0,00      0,00      0,00      0,00      0,00      0,00      0,00      0,00      0,00    100,00
18:52:24         13      1,50      0,00      0,50      0,00      0,00      0,00      0,00      0,00      0,00     98,00
18:52:24         14      0,00      0,00      0,00      0,00      0,00      0,00      0,00      0,00      0,00    100,00
18:52:24         15      0,50      0,00      0,00      0,00      0,00      0,00      0,00      0,00      0,00     99,50

18:52:22        IFACE   rxpck/s   txpck/s    rxkB/s    txkB/s   rxcmp/s   txcmp/s  rxmcst/s   %ifutil
18:52:24           lo      0,00      0,00      0,00      0,00      0,00      0,00      0,00      0,00
18:52:24         eno1      7,00  84211,50      0,44 123354,57      0,00      0,00      1,00    101,05
18:52:24         eno2      0,00      0,00      0,00      0,00      0,00      0,00      0,00      0,00
18:52:24      docker0      0,00      0,00      0,00      0,00      0,00      0,00      0,00      0,00
18:52:24      ens2np0 822366,00 204465,50 1201425,33 298709,90      0,00      0,00      0,00     98,42
18:52:24      ens2np1      0,00      0,00      0,00      0,00      0,00      0,00      0,00      0,00

18:52:24        CPU      %usr     %nice      %sys   %iowait    %steal      %irq     %soft    %guest    %gnice     %idle
18:52:26        all      5,06      0,00      1,78      0,03      0,00      0,00     11,46      0,00      0,00     81,68
18:52:26          0      0,00      0,00      0,00      0,00      0,00      0,00     42,79      0,00      0,00     57,21
18:52:26          1      0,00      0,00      0,00      0,00      0,00      0,00     70,56      0,00      0,00     29,44
18:52:26          2      0,00      0,00      0,00      0,00      0,00      0,00     52,34      0,00      0,00     47,66
18:52:26          3      0,00      0,00      0,00      0,81      0,00      0,00     59,35      0,00      0,00     39,84
18:52:26          4      0,00      0,00      0,57      0,00      0,00      0,00      0,00      0,00      0,00     99,43
18:52:26          5     43,28      0,00     16,42      0,00      0,00      0,00      0,00      0,00      0,00     40,30
18:52:26          6      0,00      0,00      0,00      0,00      0,00      0,00      0,00      0,00      0,00    100,00
18:52:26          7      0,00      0,00      0,00      0,00      0,00      0,00      0,00      0,00      0,00    100,00
18:52:26          8      0,00      0,00      0,00      0,00      0,00      0,00      0,00      0,00      0,00    100,00
18:52:26          9      0,00      0,00      0,00      0,00      0,00      0,00      0,00      0,00      0,00    100,00
18:52:26         10      0,00      0,00      0,00      0,00      0,00      0,00      0,00      0,00      0,00    100,00
18:52:26         11      0,00      0,00      0,00      0,00      0,00      0,00      0,00      0,00      0,00    100,00
18:52:26         12      0,00      0,00      0,00      0,00      0,00      0,00      0,00      0,00      0,00    100,00
18:52:26         13     31,50      0,00      9,00      0,00      0,00      0,00      0,00      0,00      0,00     59,50
18:52:26         14      0,50      0,00      0,50      0,00      0,00      0,00      0,00      0,00      0,00     99,00
18:52:26         15      0,00      0,00      0,00      0,00      0,00      0,00      0,00      0,00      0,00    100,00

18:52:24        IFACE   rxpck/s   txpck/s    rxkB/s    txkB/s   rxcmp/s   txcmp/s  rxmcst/s   %ifutil
18:52:26           lo      0,00      0,00      0,00      0,00      0,00      0,00      0,00      0,00
18:52:26         eno1      8,00  79356,50      0,50 116244,20      0,00      0,00      1,50     95,23
18:52:26         eno2      0,00      0,00      0,00      0,00      0,00      0,00      0,00      0,00
18:52:26      docker0      0,00      0,00      0,00      0,00      0,00      0,00      0,00      0,00
18:52:26      ens2np0 822357,00 204548,00 1201412,18 298831,13      0,00      0,00      0,00     98,42
18:52:26      ens2np1      0,00      0,00      0,00      0,00      0,00      0,00      0,00      0,00

18:52:26        CPU      %usr     %nice      %sys   %iowait    %steal      %irq     %soft    %guest    %gnice     %idle
18:52:28        all      5,39      0,00      1,53      0,00      0,00      0,00     12,88      0,00      0,00     80,19
18:52:28          0      0,51      0,00      0,00      0,00      0,00      0,00     41,62      0,00      0,00     57,87
18:52:28          1      0,00      0,00      0,00      0,00      0,00      0,00     74,87      0,00      0,00     25,13
18:52:28          2      0,00      0,00      0,00      0,00      0,00      0,00     59,65      0,00      0,00     40,35
18:52:28          3      0,00      0,00      0,00      0,00      0,00      0,00     67,86      0,00      0,00     32,14
18:52:28          4      0,00      0,00      0,00      0,00      0,00      0,00      1,16      0,00      0,00     98,84
18:52:28          5     60,30      0,00     16,58      0,00      0,00      0,00      0,00      0,00      0,00     23,12
18:52:28          6      0,00      0,00      0,50      0,00      0,00      0,00      0,00      0,00      0,00     99,50
18:52:28          7      1,00      0,00      0,00      0,00      0,00      0,00      0,00      0,00      0,00     99,00
18:52:28          8      0,00      0,00      0,00      0,00      0,00      0,00      0,00      0,00      0,00    100,00
18:52:28          9      1,01      0,00      0,00      0,00      0,00      0,00      0,00      0,00      0,00     98,99
18:52:28         10      0,00      0,00      0,00      0,00      0,00      0,00      0,00      0,00      0,00    100,00
18:52:28         11      0,00      0,00      0,00      0,00      0,00      0,00      0,00      0,00      0,00    100,00
18:52:28         12      0,50      0,00      0,00      0,00      0,00      0,00      0,00      0,00      0,00     99,50
18:52:28         13     18,00      0,00      5,50      0,00      0,00      0,00      0,00      0,00      0,00     76,50
18:52:28         14      0,00      0,00      0,50      0,00      0,00      0,00      0,00      0,00      0,00     99,50
18:52:28         15      0,00      0,00      0,00      0,00      0,00      0,00      0,00      0,00      0,00    100,00

18:52:26        IFACE   rxpck/s   txpck/s    rxkB/s    txkB/s   rxcmp/s   txcmp/s  rxmcst/s   %ifutil
18:52:28           lo      0,00      0,00      0,00      0,00      0,00      0,00      0,00      0,00
18:52:28         eno1      5,50  84210,50      0,35 123354,53      0,00      0,00      1,00    101,05
18:52:28         eno2      0,00      0,00      0,00      0,00      0,00      0,00      0,00      0,00
18:52:28      docker0      0,00      0,00      0,00      0,00      0,00      0,00      0,00      0,00
18:52:28      ens2np0 822369,50 204441,50 1201430,44 298674,83      0,00      0,00      0,00     98,42
18:52:28      ens2np1      0,00      0,00      0,00      0,00      0,00      0,00      0,00      0,00

18:52:28        CPU      %usr     %nice      %sys   %iowait    %steal      %irq     %soft    %guest    %gnice     %idle
18:52:30        all      4,94      0,00      1,79      0,00      0,00      0,00     11,24      0,00      0,00     82,03
18:52:30          0      0,00      0,00      0,00      0,00      0,00      0,00     44,93      0,00      0,00     55,07
18:52:30          1      0,00      0,00      0,00      0,00      0,00      0,00     72,63      0,00      0,00     27,37
18:52:30          2      0,00      0,00      0,00      0,00      0,00      0,00     48,89      0,00      0,00     51,11
18:52:30          3      0,00      0,00      0,00      0,00      0,00      0,00     58,33      0,00      0,00     41,67
18:52:30          4      0,00      0,00      0,00      0,00      0,00      0,00      1,16      0,00      0,00     98,84
18:52:30          5     48,00      0,00     19,00      0,00      0,00      0,00      0,00      0,00      0,00     33,00
18:52:30          6      0,00      0,00      0,00      0,00      0,00      0,00      0,00      0,00      0,00    100,00
18:52:30          7      0,00      0,00      0,00      0,00      0,00      0,00      0,00      0,00      0,00    100,00
18:52:30          8      0,00      0,00      0,00      0,00      0,00      0,00      0,00      0,00      0,00    100,00
18:52:30          9      0,00      0,00      0,00      0,00      0,00      0,00      0,00      0,00      0,00    100,00
18:52:30         10      0,00      0,00      0,00      0,00      0,00      0,00      0,00      0,00      0,00    100,00
18:52:30         11      0,00      0,00      0,00      0,00      0,00      0,00      0,00      0,00      0,00    100,00
18:52:30         12      0,00      0,00      0,00      0,00      0,00      0,00      0,00      0,00      0,00    100,00
18:52:30         13     25,13      0,00      7,54      0,00      0,00      0,00      0,00      0,00      0,00     67,34
18:52:30         14      0,00      0,00      0,00      0,00      0,00      0,00      0,00      0,00      0,00    100,00
18:52:30         15      0,00      0,00      0,00      0,00      0,00      0,00      0,00      0,00      0,00    100,00

18:52:28        IFACE   rxpck/s   txpck/s    rxkB/s    txkB/s   rxcmp/s   txcmp/s  rxmcst/s   %ifutil
18:52:30           lo      0,00      0,00      0,00      0,00      0,00      0,00      0,00      0,00
18:52:30         eno1     10,00  84211,00      0,77 123355,26      0,00      0,00      1,00    101,05
18:52:30         eno2      0,00      0,00      0,00      0,00      0,00      0,00      0,00      0,00
18:52:30      docker0      0,00      0,00      0,00      0,00      0,00      0,00      0,00      0,00
18:52:30      ens2np0 822372,00 204495,00 1201434,09 298753,70      0,00      0,00      0,00     98,42
18:52:30      ens2np1      0,00      0,00      0,00      0,00      0,00      0,00      0,00      0,00

18:52:30        CPU      %usr     %nice      %sys   %iowait    %steal      %irq     %soft    %guest    %gnice     %idle
18:52:32        all      5,04      0,00      1,68      0,03      0,00      0,00     11,74      0,00      0,00     81,51
18:52:32          0      0,00      0,00      0,00      0,00      0,00      0,00     43,35      0,00      0,00     56,65
18:52:32          1      0,00      0,00      0,00      0,00      0,00      0,00     72,73      0,00      0,00     27,27
18:52:32          2      0,00      0,00      0,00      0,00      0,00      0,00     60,34      0,00      0,00     39,66
18:52:32          3      0,00      0,00      0,00      0,00      0,00      0,00     57,94      0,00      0,00     42,06
18:52:32          4      0,00      0,00      0,00      0,00      0,00      0,00      0,58      0,00      0,00     99,42
18:52:32          5     58,00      0,00     17,50      0,00      0,00      0,00      0,00      0,00      0,00     24,50
18:52:32          6      0,00      0,00      0,00      0,00      0,00      0,00      0,00      0,00      0,00    100,00
18:52:32          7      0,00      0,00      0,00      0,50      0,00      0,00      0,00      0,00      0,00     99,50
18:52:32          8      0,00      0,00      0,00      0,00      0,00      0,00      0,00      0,00      0,00    100,00
18:52:32          9      0,00      0,00      0,00      0,00      0,00      0,00      0,00      0,00      0,00    100,00
18:52:32         10      0,00      0,00      0,00      0,00      0,00      0,00      0,00      0,00      0,00    100,00
18:52:32         11      0,00      0,00      0,00      0,00      0,00      0,00      0,00      0,00      0,00    100,00
18:52:32         12      0,00      0,00      0,00      0,00      0,00      0,00      0,00      0,00      0,00    100,00
18:52:32         13     17,00      0,00      7,50      0,00      0,00      0,00      0,00      0,00      0,00     75,50
18:52:32         14      0,00      0,00      0,00      0,00      0,00      0,00      0,00      0,00      0,00    100,00
18:52:32         15      0,00      0,00      0,00      0,00      0,00      0,00      0,00      0,00      0,00    100,00

18:52:30        IFACE   rxpck/s   txpck/s    rxkB/s    txkB/s   rxcmp/s   txcmp/s  rxmcst/s   %ifutil
18:52:32           lo      0,00      0,00      0,00      0,00      0,00      0,00      0,00      0,00
18:52:32         eno1      7,00  84212,00      0,58 123354,65      0,00      0,00      1,00    101,05
18:52:32         eno2      0,00      0,00      0,00      0,00      0,00      0,00      0,00      0,00
18:52:32      docker0      0,00      0,00      0,00      0,00      0,00      0,00      0,00      0,00
18:52:32      ens2np0 822381,50 204179,00 1201447,97 298291,34      0,00      0,00      0,00     98,42
18:52:32      ens2np1      0,00      0,00      0,00      0,00      0,00      0,00      0,00      0,00

18:52:32        CPU      %usr     %nice      %sys   %iowait    %steal      %irq     %soft    %guest    %gnice     %idle
18:52:34        all      5,10      0,00      1,77      0,00      0,00      0,00     10,57      0,00      0,00     82,56
18:52:34          0      0,00      0,00      0,00      0,00      0,00      0,00     42,42      0,00      0,00     57,58
18:52:34          1      0,00      0,00      0,00      0,00      0,00      0,00     71,59      0,00      0,00     28,41
18:52:34          2      0,00      0,00      0,00      0,00      0,00      0,00     50,00      0,00      0,00     50,00
18:52:34          3      0,00      0,00      0,00      0,00      0,00      0,00     53,06      0,00      0,00     46,94
18:52:34          4      0,00      0,00      0,00      0,00      0,00      0,00      0,58      0,00      0,00     99,42
18:52:34          5     68,16      0,00     23,88      0,00      0,00      0,00      0,00      0,00      0,00      7,96
18:52:34          6      0,50      0,00      0,00      0,00      0,00      0,00      0,00      0,00      0,00     99,50
18:52:34          7      0,00      0,00      0,00      0,00      0,00      0,00      0,00      0,00      0,00    100,00
18:52:34          8      0,00      0,00      0,00      0,00      0,00      0,00      0,00      0,00      0,00    100,00
18:52:34          9      0,00      0,00      0,00      0,00      0,00      0,00      0,00      0,00      0,00    100,00
18:52:34         10      0,00      0,00      0,00      0,00      0,00      0,00      0,00      0,00      0,00    100,00
18:52:34         11      0,00      0,00      0,00      0,00      0,00      0,00      0,00      0,00      0,00    100,00
18:52:34         12      0,00      0,00      0,00      0,00      0,00      0,00      0,00      0,00      0,00    100,00
18:52:34         13      6,00      0,00      2,00      0,00      0,00      0,00      0,00      0,00      0,00     92,00
18:52:34         14      0,00      0,00      0,00      0,00      0,00      0,00      0,00      0,00      0,00    100,00
18:52:34         15      0,00      0,00      0,00      0,00      0,00      0,00      0,00      0,00      0,00    100,00

18:52:32        IFACE   rxpck/s   txpck/s    rxkB/s    txkB/s   rxcmp/s   txcmp/s  rxmcst/s   %ifutil
18:52:34           lo      0,00      0,00      0,00      0,00      0,00      0,00      0,00      0,00
18:52:34         eno1     10,00  84212,50      0,65 123354,68      0,00      0,00      1,00    101,05
18:52:34         eno2      0,00      0,00      0,00      0,00      0,00      0,00      0,00      0,00
18:52:34      docker0      0,00      0,00      0,00      0,00      0,00      0,00      0,00      0,00
18:52:34      ens2np0 822356,00 204386,00 1201410,72 298594,46      0,00      0,00      0,00     98,42
18:52:34      ens2np1      0,00      0,00      0,00      0,00      0,00      0,00      0,00      0,00

Average:        CPU      %usr     %nice      %sys   %iowait    %steal      %irq     %soft    %guest    %gnice     %idle
Average:        all      5,46      0,00      1,28      0,01      0,00      0,00      8,99      0,00      0,00     84,27
Average:          0      0,12      0,00      0,02      0,02      0,00      0,00     33,53      0,00      0,00     66,31
Average:          1      0,07      0,00      0,00      0,02      0,00      0,00     55,46      0,00      0,00     44,45
Average:          2      0,03      0,00      0,03      0,00      0,00      0,00     37,02      0,00      0,00     62,91
Average:          3      0,03      0,00      0,03      0,03      0,00      0,00     40,87      0,00      0,00     59,04
Average:          4      0,27      0,00      0,09      0,02      0,00      0,00      0,58      0,00      0,00     99,04
Average:          5     53,69      0,00     16,88      0,00      0,00      0,00      0,00      0,00      0,00     29,43
Average:          6      0,06      0,00      0,02      0,00      0,00      0,00      0,00      0,00      0,00     99,92
Average:          7      0,12      0,00      0,00      0,02      0,00      0,00      0,00      0,00      0,00     99,86
Average:          8      0,06      0,00      0,04      0,00      0,00      0,00      0,00      0,00      0,00     99,90
Average:          9      0,10      0,00      0,04      0,00      0,00      0,00      0,00      0,00      0,00     99,86
Average:         10      0,16      0,00      0,02      0,00      0,00      0,00      0,00      0,00      0,00     99,82
Average:         11      0,04      0,00      0,00      0,00      0,00      0,00      0,00      0,00      0,00     99,96
Average:         12      0,08      0,00      0,04      0,00      0,00      0,00      0,00      0,00      0,00     99,88
Average:         13     27,47      0,00      2,00      0,00      0,00      0,00      0,00      0,00      0,00     70,53
Average:         14      0,06      0,00      0,10      0,00      0,00      0,00      0,00      0,00      0,00     99,84
Average:         15      0,14      0,00      0,06      0,00      0,00      0,00      0,00      0,00      0,00     99,80

Average:        IFACE   rxpck/s   txpck/s    rxkB/s    txkB/s   rxcmp/s   txcmp/s  rxmcst/s   %ifutil
Average:           lo      0,00      0,00      0,00      0,00      0,00      0,00      0,00      0,00
Average:         eno1      8,04  63588,72      0,65  93145,86      0,00      0,00      1,06     76,31
Average:         eno2      0,00      0,00      0,00      0,00      0,00      0,00      0,00      0,00
Average:      docker0      0,00      0,00      0,00      0,00      0,00      0,00      0,00      0,00
Average:      ens2np0 644545,68 160194,90 941640,95 234033,88      0,00      0,00      0,00     77,14
Average:      ens2np1      0,00      0,00      0,00      0,00      0,00      0,00      0,00      0,00
