Linux 5.13.0-52-generic (w1) 	22/07/2022 	_x86_64_	(16 CPU)

21:46:46        CPU      %usr     %nice      %sys   %iowait    %steal      %irq     %soft    %guest    %gnice     %idle
21:46:48        all      6,56      0,00      0,03      0,00      0,00      0,00      0,00      0,00      0,00     93,41
21:46:48          0      0,00      0,00      0,00      0,00      0,00      0,00      0,00      0,00      0,00    100,00
21:46:48          1    100,00      0,00      0,00      0,00      0,00      0,00      0,00      0,00      0,00      0,00
21:46:48          2      2,00      0,00      0,00      0,00      0,00      0,00      0,00      0,00      0,00     98,00
21:46:48          3      0,00      0,00      0,00      0,00      0,00      0,00      0,00      0,00      0,00    100,00
21:46:48          4      0,00      0,00      0,00      0,00      0,00      0,00      0,00      0,00      0,00    100,00
21:46:48          5      0,00      0,00      0,00      0,00      0,00      0,00      0,00      0,00      0,00    100,00
21:46:48          6      0,00      0,00      0,00      0,00      0,00      0,00      0,00      0,00      0,00    100,00
21:46:48          7      0,50      0,00      0,00      0,00      0,00      0,00      0,00      0,00      0,00     99,50
21:46:48          8      0,00      0,00      0,00      0,00      0,00      0,00      0,00      0,00      0,00    100,00
21:46:48          9      0,00      0,00      0,00      0,00      0,00      0,00      0,00      0,00      0,00    100,00
21:46:48         10      1,49      0,00      0,00      0,00      0,00      0,00      0,00      0,00      0,00     98,51
21:46:48         11      0,00      0,00      0,00      0,00      0,00      0,00      0,00      0,00      0,00    100,00
21:46:48         12      1,01      0,00      0,00      0,00      0,00      0,00      0,00      0,00      0,00     98,99
21:46:48         13      0,00      0,00      0,00      0,00      0,00      0,00      0,00      0,00      0,00    100,00
21:46:48         14      0,00      0,00      0,00      0,00      0,00      0,00      0,00      0,00      0,00    100,00
21:46:48         15      0,00      0,00      0,50      0,00      0,00      0,00      0,00      0,00      0,00     99,50

21:46:46        IFACE   rxpck/s   txpck/s    rxkB/s    txkB/s   rxcmp/s   txcmp/s  rxmcst/s   %ifutil
21:46:48           lo      0,00      0,00      0,00      0,00      0,00      0,00      0,00      0,00
21:46:48         eno1     18,00     16,50      3,46      3,22      0,00      0,00      1,00      0,00
21:46:48         eno2      0,00      0,00      0,00      0,00      0,00      0,00      0,00      0,00
21:46:48      docker0      0,00      0,00      0,00      0,00      0,00      0,00      0,00      0,00
21:46:48      ens2np0      0,00      0,00      0,00      0,00      0,00      0,00      0,00      0,00
21:46:48      ens2np1      0,00      0,00      0,00      0,00      0,00      0,00      0,00      0,00

21:46:48        CPU      %usr     %nice      %sys   %iowait    %steal      %irq     %soft    %guest    %gnice     %idle
21:46:50        all      6,75      0,00      0,09      0,00      0,00      0,00      0,00      0,00      0,00     93,15
21:46:50          0      0,50      0,00      0,00      0,00      0,00      0,00      0,00      0,00      0,00     99,50
21:46:50          1     67,50      0,00      0,00      0,00      0,00      0,00      0,00      0,00      0,00     32,50
21:46:50          2      0,50      0,00      0,00      0,00      0,00      0,00      0,00      0,00      0,00     99,50
21:46:50          3      0,00      0,00      0,00      0,00      0,00      0,00      0,00      0,00      0,00    100,00
21:46:50          4      0,50      0,00      0,00      0,00      0,00      0,00      0,00      0,00      0,00     99,50
21:46:50          5      0,50      0,00      0,50      0,00      0,00      0,00      0,00      0,00      0,00     99,00
21:46:50          6      1,52      0,00      0,00      0,00      0,00      0,00      0,00      0,00      0,00     98,48
21:46:50          7      0,50      0,00      0,50      0,00      0,00      0,00      0,00      0,00      0,00     99,00
21:46:50          8      0,50      0,00      0,00      0,00      0,00      0,00      0,00      0,00      0,00     99,50
21:46:50          9     32,84      0,00      0,00      0,00      0,00      0,00      0,00      0,00      0,00     67,16
21:46:50         10      0,00      0,00      0,50      0,00      0,00      0,00      0,00      0,00      0,00     99,50
21:46:50         11      0,50      0,00      0,00      0,00      0,00      0,00      0,00      0,00      0,00     99,50
21:46:50         12      0,50      0,00      0,00      0,00      0,00      0,00      0,00      0,00      0,00     99,50
21:46:50         13      0,50      0,00      0,00      0,00      0,00      0,00      0,00      0,00      0,00     99,50
21:46:50         14      0,50      0,00      0,00      0,00      0,00      0,00      0,00      0,00      0,00     99,50
21:46:50         15      1,00      0,00      0,00      0,00      0,00      0,00      0,00      0,00      0,00     99,00

21:46:48        IFACE   rxpck/s   txpck/s    rxkB/s    txkB/s   rxcmp/s   txcmp/s  rxmcst/s   %ifutil
21:46:50           lo      0,00      0,00      0,00      0,00      0,00      0,00      0,00      0,00
21:46:50         eno1      8,00      0,00      0,50      0,00      0,00      0,00      1,50      0,00
21:46:50         eno2      0,00      0,00      0,00      0,00      0,00      0,00      0,00      0,00
21:46:50      docker0      0,00      0,00      0,00      0,00      0,00      0,00      0,00      0,00
21:46:50      ens2np0      0,00      0,00      0,00      0,00      0,00      0,00      0,00      0,00
21:46:50      ens2np1      0,00      0,00      0,00      0,00      0,00      0,00      0,00      0,00

21:46:50        CPU      %usr     %nice      %sys   %iowait    %steal      %irq     %soft    %guest    %gnice     %idle
21:46:52        all      6,27      0,00      0,09      0,00      0,00      0,00      0,03      0,00      0,00     93,60
21:46:52          0      0,00      0,00      0,00      0,00      0,00      0,00      0,50      0,00      0,00     99,50
21:46:52          1      0,00      0,00      0,00      0,00      0,00      0,00      0,00      0,00      0,00    100,00
21:46:52          2      0,00      0,00      0,50      0,00      0,00      0,00      0,00      0,00      0,00     99,50
21:46:52          3      0,00      0,00      0,00      0,00      0,00      0,00      0,00      0,00      0,00    100,00
21:46:52          4      0,00      0,00      0,00      0,00      0,00      0,00      0,00      0,00      0,00    100,00
21:46:52          5      0,00      0,00      0,00      0,00      0,00      0,00      0,00      0,00      0,00    100,00
21:46:52          6      0,00      0,00      0,00      0,00      0,00      0,00      0,00      0,00      0,00    100,00
21:46:52          7      0,00      0,00      0,00      0,00      0,00      0,00      0,00      0,00      0,00    100,00
21:46:52          8      0,00      0,00      0,00      0,00      0,00      0,00      0,00      0,00      0,00    100,00
21:46:52          9    100,00      0,00      0,00      0,00      0,00      0,00      0,00      0,00      0,00      0,00
21:46:52         10      0,50      0,00      0,00      0,00      0,00      0,00      0,00      0,00      0,00     99,50
21:46:52         11      0,00      0,00      0,50      0,00      0,00      0,00      0,00      0,00      0,00     99,50
21:46:52         12      0,00      0,00      0,00      0,00      0,00      0,00      0,00      0,00      0,00    100,00
21:46:52         13      0,00      0,00      0,50      0,00      0,00      0,00      0,00      0,00      0,00     99,50
21:46:52         14      0,00      0,00      0,00      0,00      0,00      0,00      0,00      0,00      0,00    100,00
21:46:52         15      0,00      0,00      0,00      0,00      0,00      0,00      0,00      0,00      0,00    100,00

21:46:50        IFACE   rxpck/s   txpck/s    rxkB/s    txkB/s   rxcmp/s   txcmp/s  rxmcst/s   %ifutil
21:46:52           lo      0,00      0,00      0,00      0,00      0,00      0,00      0,00      0,00
21:46:52         eno1      3,50      0,00      0,22      0,00      0,00      0,00      0,00      0,00
21:46:52         eno2      0,00      0,00      0,00      0,00      0,00      0,00      0,00      0,00
21:46:52      docker0      0,00      0,00      0,00      0,00      0,00      0,00      0,00      0,00
21:46:52      ens2np0      0,00      0,00      0,00      0,00      0,00      0,00      0,00      0,00
21:46:52      ens2np1      0,00      0,00      0,00      0,00      0,00      0,00      0,00      0,00

21:46:52        CPU      %usr     %nice      %sys   %iowait    %steal      %irq     %soft    %guest    %gnice     %idle
21:46:54        all      6,25      0,00      0,03      0,00      0,00      0,00      0,00      0,00      0,00     93,72
21:46:54          0      0,00      0,00      0,00      0,00      0,00      0,00      0,00      0,00      0,00    100,00
21:46:54          1      0,00      0,00      0,00      0,00      0,00      0,00      0,00      0,00      0,00    100,00
21:46:54          2      0,00      0,00      0,00      0,00      0,00      0,00      0,00      0,00      0,00    100,00
21:46:54          3      0,00      0,00      0,00      0,00      0,00      0,00      0,00      0,00      0,00    100,00
21:46:54          4      0,00      0,00      0,00      0,00      0,00      0,00      0,00      0,00      0,00    100,00
21:46:54          5      0,00      0,00      0,00      0,00      0,00      0,00      0,00      0,00      0,00    100,00
21:46:54          6      0,00      0,00      0,00      0,00      0,00      0,00      0,00      0,00      0,00    100,00
21:46:54          7      0,00      0,00      0,00      0,00      0,00      0,00      0,00      0,00      0,00    100,00
21:46:54          8      0,00      0,00      0,00      0,00      0,00      0,00      0,00      0,00      0,00    100,00
21:46:54          9    100,00      0,00      0,00      0,00      0,00      0,00      0,00      0,00      0,00      0,00
21:46:54         10      0,00      0,00      0,50      0,00      0,00      0,00      0,00      0,00      0,00     99,50
21:46:54         11      0,00      0,00      0,00      0,00      0,00      0,00      0,00      0,00      0,00    100,00
21:46:54         12      0,00      0,00      0,00      0,00      0,00      0,00      0,00      0,00      0,00    100,00
21:46:54         13      0,00      0,00      0,00      0,00      0,00      0,00      0,00      0,00      0,00    100,00
21:46:54         14      0,00      0,00      0,00      0,00      0,00      0,00      0,00      0,00      0,00    100,00
21:46:54         15      0,00      0,00      0,00      0,00      0,00      0,00      0,00      0,00      0,00    100,00

21:46:52        IFACE   rxpck/s   txpck/s    rxkB/s    txkB/s   rxcmp/s   txcmp/s  rxmcst/s   %ifutil
21:46:54           lo      0,00      0,00      0,00      0,00      0,00      0,00      0,00      0,00
21:46:54         eno1      5,00      0,00      0,31      0,00      0,00      0,00      1,00      0,00
21:46:54         eno2      0,00      0,00      0,00      0,00      0,00      0,00      0,00      0,00
21:46:54      docker0      0,00      0,00      0,00      0,00      0,00      0,00      0,00      0,00
21:46:54      ens2np0      0,00      0,00      0,00      0,00      0,00      0,00      0,00      0,00
21:46:54      ens2np1      0,00      0,00      0,00      0,00      0,00      0,00      0,00      0,00

21:46:54        CPU      %usr     %nice      %sys   %iowait    %steal      %irq     %soft    %guest    %gnice     %idle
21:46:56        all      6,26      0,00      0,00      0,00      0,00      0,00      0,00      0,00      0,00     93,74
21:46:56          0      0,00      0,00      0,00      0,00      0,00      0,00      0,00      0,00      0,00    100,00
21:46:56          1      0,00      0,00      0,00      0,00      0,00      0,00      0,00      0,00      0,00    100,00
21:46:56          2      0,00      0,00      0,00      0,00      0,00      0,00      0,00      0,00      0,00    100,00
21:46:56          3      0,00      0,00      0,00      0,00      0,00      0,00      0,00      0,00      0,00    100,00
21:46:56          4      0,00      0,00      0,00      0,00      0,00      0,00      0,00      0,00      0,00    100,00
21:46:56          5      0,00      0,00      0,00      0,00      0,00      0,00      0,00      0,00      0,00    100,00
21:46:56          6      0,00      0,00      0,00      0,00      0,00      0,00      0,00      0,00      0,00    100,00
21:46:56          7      0,00      0,00      0,00      0,00      0,00      0,00      0,00      0,00      0,00    100,00
21:46:56          8      0,00      0,00      0,00      0,00      0,00      0,00      0,00      0,00      0,00    100,00
21:46:56          9    100,00      0,00      0,00      0,00      0,00      0,00      0,00      0,00      0,00      0,00
21:46:56         10      0,00      0,00      0,00      0,00      0,00      0,00      0,00      0,00      0,00    100,00
21:46:56         11      0,00      0,00      0,00      0,00      0,00      0,00      0,00      0,00      0,00    100,00
21:46:56         12      0,00      0,00      0,00      0,00      0,00      0,00      0,00      0,00      0,00    100,00
21:46:56         13      0,00      0,00      0,00      0,00      0,00      0,00      0,00      0,00      0,00    100,00
21:46:56         14      0,00      0,00      0,00      0,00      0,00      0,00      0,00      0,00      0,00    100,00
21:46:56         15      0,00      0,00      0,00      0,00      0,00      0,00      0,00      0,00      0,00    100,00

21:46:54        IFACE   rxpck/s   txpck/s    rxkB/s    txkB/s   rxcmp/s   txcmp/s  rxmcst/s   %ifutil
21:46:56           lo      0,00      0,00      0,00      0,00      0,00      0,00      0,00      0,00
21:46:56         eno1      6,50      1,00      0,53      0,07      0,00      0,00      1,00      0,00
21:46:56         eno2      0,00      0,00      0,00      0,00      0,00      0,00      0,00      0,00
21:46:56      docker0      0,00      0,00      0,00      0,00      0,00      0,00      0,00      0,00
21:46:56      ens2np0      0,00      0,00      0,00      0,00      0,00      0,00      0,00      0,00
21:46:56      ens2np1      0,00      0,00      0,00      0,00      0,00      0,00      0,00      0,00

21:46:56        CPU      %usr     %nice      %sys   %iowait    %steal      %irq     %soft    %guest    %gnice     %idle
21:46:58        all      6,20      0,00      0,06      0,00      0,00      0,00     27,75      0,00      0,00     65,99
21:46:58          0      0,00      0,00      0,00      0,00      0,00      0,00     49,49      0,00      0,00     50,51
21:46:58          1      0,00      0,00      0,00      0,00      0,00      0,00     56,28      0,00      0,00     43,72
21:46:58          2      0,00      0,00      0,00      0,00      0,00      0,00     56,50      0,00      0,00     43,50
21:46:58          3      0,00      0,00      0,00      0,00      0,00      0,00     56,50      0,00      0,00     43,50
21:46:58          4      0,00      0,00      0,00      0,00      0,00      0,00     56,50      0,00      0,00     43,50
21:46:58          5      0,00      0,00      0,00      0,00      0,00      0,00     56,57      0,00      0,00     43,43
21:46:58          6      0,00      0,00      0,00      0,00      0,00      0,00     56,50      0,00      0,00     43,50
21:46:58          7      0,00      0,00      0,00      0,00      0,00      0,00     56,50      0,00      0,00     43,50
21:46:58          8      0,00      0,00      0,00      0,00      0,00      0,00      0,00      0,00      0,00    100,00
21:46:58          9     99,00      0,00      1,00      0,00      0,00      0,00      0,00      0,00      0,00      0,00
21:46:58         10      0,00      0,00      0,00      0,00      0,00      0,00      0,00      0,00      0,00    100,00
21:46:58         11      0,00      0,00      0,00      0,00      0,00      0,00      0,00      0,00      0,00    100,00
21:46:58         12      0,00      0,00      0,00      0,00      0,00      0,00      0,00      0,00      0,00    100,00
21:46:58         13      0,00      0,00      0,00      0,00      0,00      0,00      0,00      0,00      0,00    100,00
21:46:58         14      0,00      0,00      0,00      0,00      0,00      0,00      0,00      0,00      0,00    100,00
21:46:58         15      0,00      0,00      0,00      0,00      0,00      0,00      0,00      0,00      0,00    100,00

21:46:56        IFACE   rxpck/s   txpck/s    rxkB/s    txkB/s   rxcmp/s   txcmp/s  rxmcst/s   %ifutil
21:46:58           lo      0,00      0,00      0,00      0,00      0,00      0,00      0,00      0,00
21:46:58         eno1      7,00  85633,50      0,44  10703,44      0,00      0,00      1,00      8,77
21:46:58         eno2      0,00      0,00      0,00      0,00      0,00      0,00      0,00      0,00
21:46:58      docker0      0,00      0,00      0,00      0,00      0,00      0,00      0,00      0,00
21:46:58      ens2np0 1135017,50  15664,00 137443,53   1863,81      0,00      0,00      0,00     11,26
21:46:58      ens2np1      0,00      0,00      0,00      0,00      0,00      0,00      0,00      0,00

21:46:58        CPU      %usr     %nice      %sys   %iowait    %steal      %irq     %soft    %guest    %gnice     %idle
21:47:00        all      6,53      0,00      0,28      0,00      0,00      0,00     49,36      0,00      0,00     43,83
21:47:00          0      0,00      0,00      0,00      0,00      0,00      0,00     90,45      0,00      0,00      9,55
21:47:00          1      0,00      0,00      0,00      0,00      0,00      0,00    100,00      0,00      0,00      0,00
21:47:00          2      0,00      0,00      0,00      0,00      0,00      0,00    100,00      0,00      0,00      0,00
21:47:00          3      0,00      0,00      0,00      0,00      0,00      0,00    100,00      0,00      0,00      0,00
21:47:00          4      0,00      0,00      0,00      0,00      0,00      0,00    100,00      0,00      0,00      0,00
21:47:00          5      0,00      0,00      0,00      0,00      0,00      0,00    100,00      0,00      0,00      0,00
21:47:00          6      0,00      0,00      0,00      0,00      0,00      0,00    100,00      0,00      0,00      0,00
21:47:00          7      0,00      0,00      0,00      0,00      0,00      0,00    100,00      0,00      0,00      0,00
21:47:00          8      1,49      0,00      0,50      0,00      0,00      0,00      0,00      0,00      0,00     98,01
21:47:00          9     97,00      0,00      3,00      0,00      0,00      0,00      0,00      0,00      0,00      0,00
21:47:00         10      0,50      0,00      0,50      0,00      0,00      0,00      0,00      0,00      0,00     99,00
21:47:00         11      1,00      0,00      0,00      0,00      0,00      0,00      0,00      0,00      0,00     99,00
21:47:00         12      1,50      0,00      0,00      0,00      0,00      0,00      0,00      0,00      0,00     98,50
21:47:00         13      1,01      0,00      0,00      0,00      0,00      0,00      0,00      0,00      0,00     98,99
21:47:00         14      0,50      0,00      0,00      0,00      0,00      0,00      0,00      0,00      0,00     99,50
21:47:00         15      1,49      0,00      0,50      0,00      0,00      0,00      0,00      0,00      0,00     98,01

21:46:58        IFACE   rxpck/s   txpck/s    rxkB/s    txkB/s   rxcmp/s   txcmp/s  rxmcst/s   %ifutil
21:47:00           lo      0,00      0,00      0,00      0,00      0,00      0,00      0,00      0,00
21:47:00         eno1      6,50 740689,50      0,41  92586,12      0,00      0,00      1,00     75,85
21:47:00         eno2      0,00      0,00      0,00      0,00      0,00      0,00      0,00      0,00
21:47:00      docker0      0,00      0,00      0,00      0,00      0,00      0,00      0,00      0,00
21:47:00      ens2np0 2052581,50  27536,00 248554,79   3334,44      0,00      0,00      0,00     20,36
21:47:00      ens2np1      0,00      0,00      0,00      0,00      0,00      0,00      0,00      0,00

21:47:00        CPU      %usr     %nice      %sys   %iowait    %steal      %irq     %soft    %guest    %gnice     %idle
21:47:02        all      6,07      0,00      0,19      0,00      0,00      0,00     49,30      0,00      0,00     44,45
21:47:02          0      0,00      0,00      0,00      0,00      0,00      0,00     88,44      0,00      0,00     11,56
21:47:02          1      0,00      0,00      0,00      0,00      0,00      0,00    100,00      0,00      0,00      0,00
21:47:02          2      0,00      0,00      0,00      0,00      0,00      0,00    100,00      0,00      0,00      0,00
21:47:02          3      0,00      0,00      0,00      0,00      0,00      0,00    100,00      0,00      0,00      0,00
21:47:02          4      0,00      0,00      0,00      0,00      0,00      0,00    100,00      0,00      0,00      0,00
21:47:02          5      0,00      0,00      0,00      0,00      0,00      0,00    100,00      0,00      0,00      0,00
21:47:02          6      0,00      0,00      0,00      0,00      0,00      0,00    100,00      0,00      0,00      0,00
21:47:02          7      0,00      0,00      0,00      0,00      0,00      0,00    100,00      0,00      0,00      0,00
21:47:02          8      0,00      0,00      0,00      0,00      0,00      0,00      0,00      0,00      0,00    100,00
21:47:02          9     97,00      0,00      3,00      0,00      0,00      0,00      0,00      0,00      0,00      0,00
21:47:02         10      0,00      0,00      0,00      0,00      0,00      0,00      0,00      0,00      0,00    100,00
21:47:02         11      0,00      0,00      0,00      0,00      0,00      0,00      0,00      0,00      0,00    100,00
21:47:02         12      0,00      0,00      0,00      0,00      0,00      0,00      0,00      0,00      0,00    100,00
21:47:02         13      0,00      0,00      0,00      0,00      0,00      0,00      0,00      0,00      0,00    100,00
21:47:02         14      0,00      0,00      0,00      0,00      0,00      0,00      0,00      0,00      0,00    100,00
21:47:02         15      0,00      0,00      0,00      0,00      0,00      0,00      0,00      0,00      0,00    100,00

21:47:00        IFACE   rxpck/s   txpck/s    rxkB/s    txkB/s   rxcmp/s   txcmp/s  rxmcst/s   %ifutil
21:47:02           lo      0,00      0,00      0,00      0,00      0,00      0,00      0,00      0,00
21:47:02         eno1      6,00 749481,50      0,38  93686,00      0,00      0,00      1,00     76,75
21:47:02         eno2      0,00      0,00      0,00      0,00      0,00      0,00      0,00      0,00
21:47:02      docker0      0,00      0,00      0,00      0,00      0,00      0,00      0,00      0,00
21:47:02      ens2np0 2055283,50  27504,00 248881,99   3330,56      0,00      0,00      0,00     20,39
21:47:02      ens2np1      0,00      0,00      0,00      0,00      0,00      0,00      0,00      0,00

21:47:02        CPU      %usr     %nice      %sys   %iowait    %steal      %irq     %soft    %guest    %gnice     %idle
21:47:04        all      6,12      0,00      0,16      0,00      0,00      0,00     49,36      0,00      0,00     44,36
21:47:04          0      0,00      0,00      0,00      0,00      0,00      0,00     89,16      0,00      0,00     10,84
21:47:04          1      0,00      0,00      0,00      0,00      0,00      0,00    100,00      0,00      0,00      0,00
21:47:04          2      0,00      0,00      0,00      0,00      0,00      0,00    100,00      0,00      0,00      0,00
21:47:04          3      0,00      0,00      0,00      0,00      0,00      0,00    100,00      0,00      0,00      0,00
21:47:04          4      0,00      0,00      0,00      0,00      0,00      0,00    100,00      0,00      0,00      0,00
21:47:04          5      0,00      0,00      0,00      0,00      0,00      0,00    100,00      0,00      0,00      0,00
21:47:04          6      0,00      0,00      0,00      0,00      0,00      0,00    100,00      0,00      0,00      0,00
21:47:04          7      0,00      0,00      0,00      0,00      0,00      0,00    100,00      0,00      0,00      0,00
21:47:04          8      0,00      0,00      0,00      0,00      0,00      0,00      0,00      0,00      0,00    100,00
21:47:04          9     97,50      0,00      2,50      0,00      0,00      0,00      0,00      0,00      0,00      0,00
21:47:04         10      0,00      0,00      0,00      0,00      0,00      0,00      0,00      0,00      0,00    100,00
21:47:04         11      0,00      0,00      0,00      0,00      0,00      0,00      0,00      0,00      0,00    100,00
21:47:04         12      0,00      0,00      0,00      0,00      0,00      0,00      0,00      0,00      0,00    100,00
21:47:04         13      0,00      0,00      0,00      0,00      0,00      0,00      0,00      0,00      0,00    100,00
21:47:04         14      0,00      0,00      0,00      0,00      0,00      0,00      0,00      0,00      0,00    100,00
21:47:04         15      0,50      0,00      0,00      0,00      0,00      0,00      0,00      0,00      0,00     99,50

21:47:02        IFACE   rxpck/s   txpck/s    rxkB/s    txkB/s   rxcmp/s   txcmp/s  rxmcst/s   %ifutil
21:47:04           lo      0,00      0,00      0,00      0,00      0,00      0,00      0,00      0,00
21:47:04         eno1      5,50 757019,50      0,35  94626,69      0,00      0,00      1,00     77,52
21:47:04         eno2      0,00      0,00      0,00      0,00      0,00      0,00      0,00      0,00
21:47:04      docker0      0,00      0,00      0,00      0,00      0,00      0,00      0,00      0,00
21:47:04      ens2np0 2074348,00  27504,00 251190,58   3330,56      0,00      0,00      0,00     20,58
21:47:04      ens2np1      0,00      0,00      0,00      0,00      0,00      0,00      0,00      0,00

21:47:04        CPU      %usr     %nice      %sys   %iowait    %steal      %irq     %soft    %guest    %gnice     %idle
21:47:06        all      6,03      0,00      0,25      0,00      0,00      0,00     49,30      0,00      0,00     44,42
21:47:06          0      0,00      0,00      0,00      0,00      0,00      0,00     88,94      0,00      0,00     11,06
21:47:06          1      0,00      0,00      0,00      0,00      0,00      0,00    100,00      0,00      0,00      0,00
21:47:06          2      0,00      0,00      0,00      0,00      0,00      0,00    100,00      0,00      0,00      0,00
21:47:06          3      0,00      0,00      0,00      0,00      0,00      0,00    100,00      0,00      0,00      0,00
21:47:06          4      0,00      0,00      0,00      0,00      0,00      0,00    100,00      0,00      0,00      0,00
21:47:06          5      0,00      0,00      0,00      0,00      0,00      0,00    100,00      0,00      0,00      0,00
21:47:06          6      0,00      0,00      0,00      0,00      0,00      0,00    100,00      0,00      0,00      0,00
21:47:06          7      0,00      0,00      0,00      0,00      0,00      0,00    100,00      0,00      0,00      0,00
21:47:06          8      0,00      0,00      0,00      0,00      0,00      0,00      0,00      0,00      0,00    100,00
21:47:06          9     96,00      0,00      4,00      0,00      0,00      0,00      0,00      0,00      0,00      0,00
21:47:06         10      0,00      0,00      0,00      0,00      0,00      0,00      0,00      0,00      0,00    100,00
21:47:06         11      0,00      0,00      0,00      0,00      0,00      0,00      0,00      0,00      0,00    100,00
21:47:06         12      0,00      0,00      0,00      0,00      0,00      0,00      0,00      0,00      0,00    100,00
21:47:06         13      0,50      0,00      0,00      0,00      0,00      0,00      0,00      0,00      0,00     99,50
21:47:06         14      0,00      0,00      0,00      0,00      0,00      0,00      0,00      0,00      0,00    100,00
21:47:06         15      0,00      0,00      0,00      0,00      0,00      0,00      0,00      0,00      0,00    100,00

21:47:04        IFACE   rxpck/s   txpck/s    rxkB/s    txkB/s   rxcmp/s   txcmp/s  rxmcst/s   %ifutil
21:47:06           lo      0,00      0,00      0,00      0,00      0,00      0,00      0,00      0,00
21:47:06         eno1      4,98 766743,78      0,32  95843,01      0,00      0,00      1,00     78,51
21:47:06         eno2      0,00      0,00      0,00      0,00      0,00      0,00      0,00      0,00
21:47:06      docker0      0,00      0,00      0,00      0,00      0,00      0,00      0,00      0,00
21:47:06      ens2np0 2055221,89  27383,08 248874,53   3315,92      0,00      0,00      0,00     20,39
21:47:06      ens2np1      0,00      0,00      0,00      0,00      0,00      0,00      0,00      0,00

21:47:06        CPU      %usr     %nice      %sys   %iowait    %steal      %irq     %soft    %guest    %gnice     %idle
21:47:08        all      6,10      0,00      0,19      0,00      0,00      0,00     49,31      0,00      0,00     44,40
21:47:08          0      0,00      0,00      0,00      0,00      0,00      0,00     88,94      0,00      0,00     11,06
21:47:08          1      0,00      0,00      0,00      0,00      0,00      0,00    100,00      0,00      0,00      0,00
21:47:08          2      0,00      0,00      0,00      0,00      0,00      0,00    100,00      0,00      0,00      0,00
21:47:08          3      0,00      0,00      0,50      0,00      0,00      0,00     99,50      0,00      0,00      0,00
21:47:08          4      0,00      0,00      0,00      0,00      0,00      0,00    100,00      0,00      0,00      0,00
21:47:08          5      0,00      0,00      0,00      0,00      0,00      0,00    100,00      0,00      0,00      0,00
21:47:08          6      0,00      0,00      0,00      0,00      0,00      0,00    100,00      0,00      0,00      0,00
21:47:08          7      0,00      0,00      0,00      0,00      0,00      0,00    100,00      0,00      0,00      0,00
21:47:08          8      0,00      0,00      0,00      0,00      0,00      0,00      0,00      0,00      0,00    100,00
21:47:08          9     97,50      0,00      2,50      0,00      0,00      0,00      0,00      0,00      0,00      0,00
21:47:08         10      0,00      0,00      0,00      0,00      0,00      0,00      0,00      0,00      0,00    100,00
21:47:08         11      0,00      0,00      0,00      0,00      0,00      0,00      0,00      0,00      0,00    100,00
21:47:08         12      0,00      0,00      0,00      0,00      0,00      0,00      0,00      0,00      0,00    100,00
21:47:08         13      0,00      0,00      0,00      0,00      0,00      0,00      0,00      0,00      0,00    100,00
21:47:08         14      0,00      0,00      0,00      0,00      0,00      0,00      0,00      0,00      0,00    100,00
21:47:08         15      0,00      0,00      0,00      0,00      0,00      0,00      0,00      0,00      0,00    100,00

21:47:06        IFACE   rxpck/s   txpck/s    rxkB/s    txkB/s   rxcmp/s   txcmp/s  rxmcst/s   %ifutil
21:47:08           lo      0,00      0,00      0,00      0,00      0,00      0,00      0,00      0,00
21:47:08         eno1      7,50 753543,00      0,47  94192,76      0,00      0,00      1,00     77,16
21:47:08         eno2      0,00      0,00      0,00      0,00      0,00      0,00      0,00      0,00
21:47:08      docker0      0,00      0,00      0,00      0,00      0,00      0,00      0,00      0,00
21:47:08      ens2np0 2066329,00  27536,00 250219,53   3334,44      0,00      0,00      0,00     20,50
21:47:08      ens2np1      0,00      0,00      0,00      0,00      0,00      0,00      0,00      0,00

21:47:08        CPU      %usr     %nice      %sys   %iowait    %steal      %irq     %soft    %guest    %gnice     %idle
21:47:10        all      6,44      0,00      0,38      0,00      0,00      0,00     49,31      0,00      0,00     43,87
21:47:10          0      0,00      0,00      0,00      0,00      0,00      0,00     89,39      0,00      0,00     10,61
21:47:10          1      0,00      0,00      0,00      0,00      0,00      0,00    100,00      0,00      0,00      0,00
21:47:10          2      0,00      0,00      0,00      0,00      0,00      0,00    100,00      0,00      0,00      0,00
21:47:10          3      0,00      0,00      0,00      0,00      0,00      0,00    100,00      0,00      0,00      0,00
21:47:10          4      0,00      0,00      0,00      0,00      0,00      0,00    100,00      0,00      0,00      0,00
21:47:10          5      0,00      0,00      0,00      0,00      0,00      0,00    100,00      0,00      0,00      0,00
21:47:10          6      0,00      0,00      0,00      0,00      0,00      0,00    100,00      0,00      0,00      0,00
21:47:10          7      0,00      0,00      0,00      0,00      0,00      0,00    100,00      0,00      0,00      0,00
21:47:10          8      0,50      0,00      0,50      0,00      0,00      0,00      0,00      0,00      0,00     98,99
21:47:10          9     96,50      0,00      3,50      0,00      0,00      0,00      0,00      0,00      0,00      0,00
21:47:10         10      0,50      0,00      0,00      0,00      0,00      0,00      0,00      0,00      0,00     99,50
21:47:10         11      2,00      0,00      0,00      0,00      0,00      0,00      0,00      0,00      0,00     98,00
21:47:10         12      1,01      0,00      0,00      0,00      0,00      0,00      0,00      0,00      0,00     98,99
21:47:10         13      0,50      0,00      0,50      0,00      0,00      0,00      0,00      0,00      0,00     99,00
21:47:10         14      0,50      0,00      0,50      0,00      0,00      0,00      0,00      0,00      0,00     99,00
21:47:10         15      1,50      0,00      1,00      0,00      0,00      0,00      0,00      0,00      0,00     97,50

21:47:08        IFACE   rxpck/s   txpck/s    rxkB/s    txkB/s   rxcmp/s   txcmp/s  rxmcst/s   %ifutil
21:47:10           lo      0,00      0,00      0,00      0,00      0,00      0,00      0,00      0,00
21:47:10         eno1      6,00 743086,50      0,38  92886,34      0,00      0,00      1,00     76,09
21:47:10         eno2      0,00      0,00      0,00      0,00      0,00      0,00      0,00      0,00
21:47:10      docker0      0,00      0,00      0,00      0,00      0,00      0,00      0,00      0,00
21:47:10      ens2np0 2030786,50  27600,00 245915,55   3342,19      0,00      0,00      0,00     20,15
21:47:10      ens2np1      0,00      0,00      0,00      0,00      0,00      0,00      0,00      0,00

21:47:10        CPU      %usr     %nice      %sys   %iowait    %steal      %irq     %soft    %guest    %gnice     %idle
21:47:12        all      6,04      0,00      0,22      0,00      0,00      0,00     49,34      0,00      0,00     44,40
21:47:12          0      0,00      0,00      0,00      0,00      0,00      0,00     89,00      0,00      0,00     11,00
21:47:12          1      0,00      0,00      0,00      0,00      0,00      0,00    100,00      0,00      0,00      0,00
21:47:12          2      0,00      0,00      0,00      0,00      0,00      0,00    100,00      0,00      0,00      0,00
21:47:12          3      0,00      0,00      0,00      0,00      0,00      0,00    100,00      0,00      0,00      0,00
21:47:12          4      0,00      0,00      0,00      0,00      0,00      0,00    100,00      0,00      0,00      0,00
21:47:12          5      0,00      0,00      0,00      0,00      0,00      0,00    100,00      0,00      0,00      0,00
21:47:12          6      0,00      0,00      0,00      0,00      0,00      0,00    100,00      0,00      0,00      0,00
21:47:12          7      0,00      0,00      0,00      0,00      0,00      0,00    100,00      0,00      0,00      0,00
21:47:12          8      0,00      0,00      0,00      0,00      0,00      0,00      0,00      0,00      0,00    100,00
21:47:12          9     96,50      0,00      3,50      0,00      0,00      0,00      0,00      0,00      0,00      0,00
21:47:12         10      0,00      0,00      0,00      0,00      0,00      0,00      0,00      0,00      0,00    100,00
21:47:12         11      0,00      0,00      0,00      0,00      0,00      0,00      0,00      0,00      0,00    100,00
21:47:12         12      0,00      0,00      0,00      0,00      0,00      0,00      0,00      0,00      0,00    100,00
21:47:12         13      0,00      0,00      0,00      0,00      0,00      0,00      0,00      0,00      0,00    100,00
21:47:12         14      0,00      0,00      0,00      0,00      0,00      0,00      0,00      0,00      0,00    100,00
21:47:12         15      0,00      0,00      0,00      0,00      0,00      0,00      0,00      0,00      0,00    100,00

21:47:10        IFACE   rxpck/s   txpck/s    rxkB/s    txkB/s   rxcmp/s   txcmp/s  rxmcst/s   %ifutil
21:47:12           lo      0,00      0,00      0,00      0,00      0,00      0,00      0,00      0,00
21:47:12         eno1      8,50 744484,50      0,55  93061,25      0,00      0,00      1,50     76,24
21:47:12         eno2      0,00      0,00      0,00      0,00      0,00      0,00      0,00      0,00
21:47:12      docker0      0,00      0,00      0,00      0,00      0,00      0,00      0,00      0,00
21:47:12      ens2np0 2062575,00  27577,00 249764,94   3339,40      0,00      0,00      0,00     20,46
21:47:12      ens2np1      0,00      0,00      0,00      0,00      0,00      0,00      0,00      0,00

21:47:12        CPU      %usr     %nice      %sys   %iowait    %steal      %irq     %soft    %guest    %gnice     %idle
21:47:14        all      6,04      0,00      0,28      0,00      0,00      0,00     49,28      0,00      0,00     44,40
21:47:14          0      0,00      0,00      0,50      0,00      0,00      0,00     88,44      0,00      0,00     11,06
21:47:14          1      0,00      0,00      0,00      0,00      0,00      0,00    100,00      0,00      0,00      0,00
21:47:14          2      0,00      0,00      0,00      0,00      0,00      0,00    100,00      0,00      0,00      0,00
21:47:14          3      0,00      0,00      0,00      0,00      0,00      0,00    100,00      0,00      0,00      0,00
21:47:14          4      0,00      0,00      0,00      0,00      0,00      0,00    100,00      0,00      0,00      0,00
21:47:14          5      0,00      0,00      0,00      0,00      0,00      0,00    100,00      0,00      0,00      0,00
21:47:14          6      0,00      0,00      0,00      0,00      0,00      0,00    100,00      0,00      0,00      0,00
21:47:14          7      0,00      0,00      0,00      0,00      0,00      0,00    100,00      0,00      0,00      0,00
21:47:14          8      0,00      0,00      0,00      0,00      0,00      0,00      0,00      0,00      0,00    100,00
21:47:14          9     96,50      0,00      3,50      0,00      0,00      0,00      0,00      0,00      0,00      0,00
21:47:14         10      0,00      0,00      0,50      0,00      0,00      0,00      0,00      0,00      0,00     99,50
21:47:14         11      0,00      0,00      0,00      0,00      0,00      0,00      0,00      0,00      0,00    100,00
21:47:14         12      0,00      0,00      0,00      0,00      0,00      0,00      0,00      0,00      0,00    100,00
21:47:14         13      0,00      0,00      0,00      0,00      0,00      0,00      0,00      0,00      0,00    100,00
21:47:14         14      0,00      0,00      0,00      0,00      0,00      0,00      0,00      0,00      0,00    100,00
21:47:14         15      0,00      0,00      0,00      0,00      0,00      0,00      0,00      0,00      0,00    100,00

21:47:12        IFACE   rxpck/s   txpck/s    rxkB/s    txkB/s   rxcmp/s   txcmp/s  rxmcst/s   %ifutil
21:47:14           lo      0,00      0,00      0,00      0,00      0,00      0,00      0,00      0,00
21:47:14         eno1      6,00 749555,00      0,40  93693,60      0,00      0,00      1,50     76,75
21:47:14         eno2      0,00      0,00      0,00      0,00      0,00      0,00      0,00      0,00
21:47:14      docker0      0,00      0,00      0,00      0,00      0,00      0,00      0,00      0,00
21:47:14      ens2np0 2065349,00  27543,00 250100,86   3335,29      0,00      0,00      0,00     20,49
21:47:14      ens2np1      0,00      0,00      0,00      0,00      0,00      0,00      0,00      0,00

21:47:14        CPU      %usr     %nice      %sys   %iowait    %steal      %irq     %soft    %guest    %gnice     %idle
21:47:16        all      6,12      0,00      0,16      0,00      0,00      0,00     49,31      0,00      0,00     44,41
21:47:16          0      0,00      0,00      0,00      0,00      0,00      0,00     88,56      0,00      0,00     11,44
21:47:16          1      0,00      0,00      0,00      0,00      0,00      0,00    100,00      0,00      0,00      0,00
21:47:16          2      0,00      0,00      0,00      0,00      0,00      0,00    100,00      0,00      0,00      0,00
21:47:16          3      0,00      0,00      0,00      0,00      0,00      0,00    100,00      0,00      0,00      0,00
21:47:16          4      0,00      0,00      0,00      0,00      0,00      0,00    100,00      0,00      0,00      0,00
21:47:16          5      0,00      0,00      0,00      0,00      0,00      0,00    100,00      0,00      0,00      0,00
21:47:16          6      0,00      0,00      0,00      0,00      0,00      0,00    100,00      0,00      0,00      0,00
21:47:16          7      0,00      0,00      0,00      0,00      0,00      0,00    100,00      0,00      0,00      0,00
21:47:16          8      0,00      0,00      0,00      0,00      0,00      0,00      0,00      0,00      0,00    100,00
21:47:16          9     98,00      0,00      2,00      0,00      0,00      0,00      0,00      0,00      0,00      0,00
21:47:16         10      0,00      0,00      0,00      0,00      0,00      0,00      0,00      0,00      0,00    100,00
21:47:16         11      0,00      0,00      0,00      0,00      0,00      0,00      0,00      0,00      0,00    100,00
21:47:16         12      0,00      0,00      0,00      0,00      0,00      0,00      0,00      0,00      0,00    100,00
21:47:16         13      0,00      0,00      0,00      0,00      0,00      0,00      0,00      0,00      0,00    100,00
21:47:16         14      0,00      0,00      0,00      0,00      0,00      0,00      0,00      0,00      0,00    100,00
21:47:16         15      0,00      0,00      0,50      0,00      0,00      0,00      0,00      0,00      0,00     99,50

21:47:14        IFACE   rxpck/s   txpck/s    rxkB/s    txkB/s   rxcmp/s   txcmp/s  rxmcst/s   %ifutil
21:47:16           lo      0,00      0,00      0,00      0,00      0,00      0,00      0,00      0,00
21:47:16         eno1      6,00 767228,00      0,38  95903,50      0,00      0,00      1,00     78,56
21:47:16         eno2      0,00      0,00      0,00      0,00      0,00      0,00      0,00      0,00
21:47:16      docker0      0,00      0,00      0,00      0,00      0,00      0,00      0,00      0,00
21:47:16      ens2np0 2077109,00  27552,00 251524,92   3336,38      0,00      0,00      0,00     20,60
21:47:16      ens2np1      0,00      0,00      0,00      0,00      0,00      0,00      0,00      0,00

21:47:16        CPU      %usr     %nice      %sys   %iowait    %steal      %irq     %soft    %guest    %gnice     %idle
21:47:18        all      6,07      0,00      0,19      0,00      0,00      0,00     49,30      0,00      0,00     44,45
21:47:18          0      0,00      0,00      0,00      0,00      0,00      0,00     88,89      0,00      0,00     11,11
21:47:18          1      0,00      0,00      0,00      0,00      0,00      0,00    100,00      0,00      0,00      0,00
21:47:18          2      0,00      0,00      0,00      0,00      0,00      0,00    100,00      0,00      0,00      0,00
21:47:18          3      0,00      0,00      0,00      0,00      0,00      0,00    100,00      0,00      0,00      0,00
21:47:18          4      0,00      0,00      0,00      0,00      0,00      0,00    100,00      0,00      0,00      0,00
21:47:18          5      0,00      0,00      0,00      0,00      0,00      0,00    100,00      0,00      0,00      0,00
21:47:18          6      0,00      0,00      0,00      0,00      0,00      0,00    100,00      0,00      0,00      0,00
21:47:18          7      0,00      0,00      0,00      0,00      0,00      0,00    100,00      0,00      0,00      0,00
21:47:18          8      0,00      0,00      0,00      0,00      0,00      0,00      0,00      0,00      0,00    100,00
21:47:18          9     97,00      0,00      3,00      0,00      0,00      0,00      0,00      0,00      0,00      0,00
21:47:18         10      0,00      0,00      0,00      0,00      0,00      0,00      0,00      0,00      0,00    100,00
21:47:18         11      0,00      0,00      0,00      0,00      0,00      0,00      0,00      0,00      0,00    100,00
21:47:18         12      0,00      0,00      0,00      0,00      0,00      0,00      0,00      0,00      0,00    100,00
21:47:18         13      0,00      0,00      0,00      0,00      0,00      0,00      0,00      0,00      0,00    100,00
21:47:18         14      0,00      0,00      0,00      0,00      0,00      0,00      0,00      0,00      0,00    100,00
21:47:18         15      0,00      0,00      0,00      0,00      0,00      0,00      0,00      0,00      0,00    100,00

21:47:16        IFACE   rxpck/s   txpck/s    rxkB/s    txkB/s   rxcmp/s   txcmp/s  rxmcst/s   %ifutil
21:47:18           lo      0,00      0,00      0,00      0,00      0,00      0,00      0,00      0,00
21:47:18         eno1      9,50 768292,50      0,60  96036,51      0,00      0,00      1,00     78,67
21:47:18         eno2      0,00      0,00      0,00      0,00      0,00      0,00      0,00      0,00
21:47:18      docker0      0,00      0,00      0,00      0,00      0,00      0,00      0,00      0,00
21:47:18      ens2np0 2066015,50  27568,00 250181,56   3338,31      0,00      0,00      0,00     20,49
21:47:18      ens2np1      0,00      0,00      0,00      0,00      0,00      0,00      0,00      0,00

21:47:18        CPU      %usr     %nice      %sys   %iowait    %steal      %irq     %soft    %guest    %gnice     %idle
21:47:20        all      6,00      0,00      0,25      0,00      0,00      0,00     49,34      0,00      0,00     44,41
21:47:20          0      0,00      0,00      0,00      0,00      0,00      0,00     89,05      0,00      0,00     10,95
21:47:20          1      0,00      0,00      0,00      0,00      0,00      0,00    100,00      0,00      0,00      0,00
21:47:20          2      0,00      0,00      0,00      0,00      0,00      0,00    100,00      0,00      0,00      0,00
21:47:20          3      0,00      0,00      0,00      0,00      0,00      0,00    100,00      0,00      0,00      0,00
21:47:20          4      0,00      0,00      0,00      0,00      0,00      0,00    100,00      0,00      0,00      0,00
21:47:20          5      0,00      0,00      0,00      0,00      0,00      0,00    100,00      0,00      0,00      0,00
21:47:20          6      0,00      0,00      0,00      0,00      0,00      0,00    100,00      0,00      0,00      0,00
21:47:20          7      0,00      0,00      0,00      0,00      0,00      0,00    100,00      0,00      0,00      0,00
21:47:20          8      0,00      0,00      0,00      0,00      0,00      0,00      0,00      0,00      0,00    100,00
21:47:20          9     96,00      0,00      4,00      0,00      0,00      0,00      0,00      0,00      0,00      0,00
21:47:20         10      0,00      0,00      0,00      0,00      0,00      0,00      0,00      0,00      0,00    100,00
21:47:20         11      0,00      0,00      0,00      0,00      0,00      0,00      0,00      0,00      0,00    100,00
21:47:20         12      0,00      0,00      0,00      0,00      0,00      0,00      0,00      0,00      0,00    100,00
21:47:20         13      0,00      0,00      0,00      0,00      0,00      0,00      0,00      0,00      0,00    100,00
21:47:20         14      0,00      0,00      0,00      0,00      0,00      0,00      0,00      0,00      0,00    100,00
21:47:20         15      0,00      0,00      0,00      0,00      0,00      0,00      0,00      0,00      0,00    100,00

21:47:18        IFACE   rxpck/s   txpck/s    rxkB/s    txkB/s   rxcmp/s   txcmp/s  rxmcst/s   %ifutil
21:47:20           lo      0,00      0,00      0,00      0,00      0,00      0,00      0,00      0,00
21:47:20         eno1      8,00 799835,50      0,51  99979,48      0,00      0,00      1,50     81,90
21:47:20         eno2      0,00      0,00      0,00      0,00      0,00      0,00      0,00      0,00
21:47:20      docker0      0,00      0,00      0,00      0,00      0,00      0,00      0,00      0,00
21:47:20      ens2np0 2087903,00  27536,00 252832,00   3334,44      0,00      0,00      0,00     20,71
21:47:20      ens2np1      0,00      0,00      0,00      0,00      0,00      0,00      0,00      0,00

21:47:20        CPU      %usr     %nice      %sys   %iowait    %steal      %irq     %soft    %guest    %gnice     %idle
21:47:22        all      6,50      0,00      0,25      0,00      0,00      0,00     49,41      0,00      0,00     43,84
21:47:22          0      0,00      0,00      0,00      0,00      0,00      0,00     90,50      0,00      0,00      9,50
21:47:22          1      0,00      0,00      0,00      0,00      0,00      0,00    100,00      0,00      0,00      0,00
21:47:22          2      0,00      0,00      0,00      0,00      0,00      0,00    100,00      0,00      0,00      0,00
21:47:22          3      0,00      0,00      0,00      0,00      0,00      0,00    100,00      0,00      0,00      0,00
21:47:22          4      0,00      0,00      0,00      0,00      0,00      0,00    100,00      0,00      0,00      0,00
21:47:22          5      0,00      0,00      0,00      0,00      0,00      0,00    100,00      0,00      0,00      0,00
21:47:22          6      0,00      0,00      0,00      0,00      0,00      0,00    100,00      0,00      0,00      0,00
21:47:22          7      0,00      0,00      0,00      0,00      0,00      0,00    100,00      0,00      0,00      0,00
21:47:22          8      1,51      0,00      0,00      0,00      0,00      0,00      0,00      0,00      0,00     98,49
21:47:22          9     97,00      0,00      3,00      0,00      0,00      0,00      0,00      0,00      0,00      0,00
21:47:22         10      1,00      0,00      0,00      0,00      0,00      0,00      0,00      0,00      0,00     99,00
21:47:22         11      1,00      0,00      0,50      0,00      0,00      0,00      0,00      0,00      0,00     98,51
21:47:22         12      1,00      0,00      0,00      0,00      0,00      0,00      0,00      0,00      0,00     99,00
21:47:22         13      0,50      0,00      0,00      0,00      0,00      0,00      0,00      0,00      0,00     99,50
21:47:22         14      0,50      0,00      0,00      0,00      0,00      0,00      0,00      0,00      0,00     99,50
21:47:22         15      1,50      0,00      0,50      0,00      0,00      0,00      0,00      0,00      0,00     98,00

21:47:20        IFACE   rxpck/s   txpck/s    rxkB/s    txkB/s   rxcmp/s   txcmp/s  rxmcst/s   %ifutil
21:47:22           lo      0,00      0,00      0,00      0,00      0,00      0,00      0,00      0,00
21:47:22         eno1     10,50 799654,00      0,72  99956,64      0,00      0,00      2,00     81,88
21:47:22         eno2      0,00      0,00      0,00      0,00      0,00      0,00      0,00      0,00
21:47:22      docker0      0,00      0,00      0,00      0,00      0,00      0,00      0,00      0,00
21:47:22      ens2np0 2079542,50  27504,00 251819,60   3330,56      0,00      0,00      0,00     20,63
21:47:22      ens2np1      0,00      0,00      0,00      0,00      0,00      0,00      0,00      0,00

21:47:22        CPU      %usr     %nice      %sys   %iowait    %steal      %irq     %soft    %guest    %gnice     %idle
21:47:24        all      5,97      0,00      0,31      0,00      0,00      0,00     49,28      0,00      0,00     44,44
21:47:24          0      0,00      0,00      0,00      0,00      0,00      0,00     89,00      0,00      0,00     11,00
21:47:24          1      0,00      0,00      0,00      0,00      0,00      0,00    100,00      0,00      0,00      0,00
21:47:24          2      0,00      0,00      0,50      0,00      0,00      0,00     99,50      0,00      0,00      0,00
21:47:24          3      0,00      0,00      0,00      0,00      0,00      0,00    100,00      0,00      0,00      0,00
21:47:24          4      0,00      0,00      0,00      0,00      0,00      0,00    100,00      0,00      0,00      0,00
21:47:24          5      0,00      0,00      0,00      0,00      0,00      0,00    100,00      0,00      0,00      0,00
21:47:24          6      0,00      0,00      0,00      0,00      0,00      0,00    100,00      0,00      0,00      0,00
21:47:24          7      0,00      0,00      0,00      0,00      0,00      0,00    100,00      0,00      0,00      0,00
21:47:24          8      0,00      0,00      0,00      0,00      0,00      0,00      0,00      0,00      0,00    100,00
21:47:24          9     95,50      0,00      4,50      0,00      0,00      0,00      0,00      0,00      0,00      0,00
21:47:24         10      0,00      0,00      0,00      0,00      0,00      0,00      0,00      0,00      0,00    100,00
21:47:24         11      0,00      0,00      0,00      0,00      0,00      0,00      0,00      0,00      0,00    100,00
21:47:24         12      0,00      0,00      0,00      0,00      0,00      0,00      0,00      0,00      0,00    100,00
21:47:24         13      0,00      0,00      0,00      0,00      0,00      0,00      0,00      0,00      0,00    100,00
21:47:24         14      0,00      0,00      0,00      0,00      0,00      0,00      0,00      0,00      0,00    100,00
21:47:24         15      0,00      0,00      0,00      0,00      0,00      0,00      0,00      0,00      0,00    100,00

21:47:22        IFACE   rxpck/s   txpck/s    rxkB/s    txkB/s   rxcmp/s   txcmp/s  rxmcst/s   %ifutil
21:47:24           lo      0,00      0,00      0,00      0,00      0,00      0,00      0,00      0,00
21:47:24         eno1      5,00 803300,00      0,31 100412,56      0,00      0,00      1,50     82,26
21:47:24         eno2      0,00      0,00      0,00      0,00      0,00      0,00      0,00      0,00
21:47:24      docker0      0,00      0,00      0,00      0,00      0,00      0,00      0,00      0,00
21:47:24      ens2np0 2087568,50  27504,50 252791,50   3330,60      0,00      0,00      0,00     20,71
21:47:24      ens2np1      0,00      0,00      0,00      0,00      0,00      0,00      0,00      0,00

21:47:24        CPU      %usr     %nice      %sys   %iowait    %steal      %irq     %soft    %guest    %gnice     %idle
21:47:26        all      6,09      0,00      0,19      0,03      0,00      0,00     49,36      0,00      0,00     44,33
21:47:26          0      0,00      0,00      0,00      0,00      0,00      0,00     89,60      0,00      0,00     10,40
21:47:26          1      0,00      0,00      0,00      0,00      0,00      0,00    100,00      0,00      0,00      0,00
21:47:26          2      0,00      0,00      0,00      0,00      0,00      0,00    100,00      0,00      0,00      0,00
21:47:26          3      0,00      0,00      0,00      0,00      0,00      0,00    100,00      0,00      0,00      0,00
21:47:26          4      0,00      0,00      0,00      0,00      0,00      0,00    100,00      0,00      0,00      0,00
21:47:26          5      0,00      0,00      0,00      0,00      0,00      0,00    100,00      0,00      0,00      0,00
21:47:26          6      0,00      0,00      0,00      0,00      0,00      0,00    100,00      0,00      0,00      0,00
21:47:26          7      0,00      0,00      0,00      0,00      0,00      0,00    100,00      0,00      0,00      0,00
21:47:26          8      0,00      0,00      0,00      0,50      0,00      0,00      0,00      0,00      0,00     99,50
21:47:26          9     97,50      0,00      2,50      0,00      0,00      0,00      0,00      0,00      0,00      0,00
21:47:26         10      0,00      0,00      0,00      0,00      0,00      0,00      0,00      0,00      0,00    100,00
21:47:26         11      0,00      0,00      0,00      0,00      0,00      0,00      0,00      0,00      0,00    100,00
21:47:26         12      0,00      0,00      0,50      0,00      0,00      0,00      0,00      0,00      0,00     99,50
21:47:26         13      0,00      0,00      0,00      0,00      0,00      0,00      0,00      0,00      0,00    100,00
21:47:26         14      0,00      0,00      0,00      0,00      0,00      0,00      0,00      0,00      0,00    100,00
21:47:26         15      0,00      0,00      0,00      0,00      0,00      0,00      0,00      0,00      0,00    100,00

21:47:24        IFACE   rxpck/s   txpck/s    rxkB/s    txkB/s   rxcmp/s   txcmp/s  rxmcst/s   %ifutil
21:47:26           lo      0,00      0,00      0,00      0,00      0,00      0,00      0,00      0,00
21:47:26         eno1      9,00 799993,00      0,56  99999,10      0,00      0,00      1,00     81,92
21:47:26         eno2      0,00      0,00      0,00      0,00      0,00      0,00      0,00      0,00
21:47:26      docker0      0,00      0,00      0,00      0,00      0,00      0,00      0,00      0,00
21:47:26      ens2np0 2086356,50  27536,00 252644,73   3334,44      0,00      0,00      0,00     20,70
21:47:26      ens2np1      0,00      0,00      0,00      0,00      0,00      0,00      0,00      0,00

21:47:26        CPU      %usr     %nice      %sys   %iowait    %steal      %irq     %soft    %guest    %gnice     %idle
21:47:28        all      6,06      0,00      0,22      0,00      0,00      0,00     49,39      0,00      0,00     44,33
21:47:28          0      0,00      0,00      0,49      0,00      0,00      0,00     88,67      0,00      0,00     10,84
21:47:28          1      0,00      0,00      0,00      0,00      0,00      0,00    100,00      0,00      0,00      0,00
21:47:28          2      0,00      0,00      0,00      0,00      0,00      0,00    100,00      0,00      0,00      0,00
21:47:28          3      0,00      0,00      0,00      0,00      0,00      0,00    100,00      0,00      0,00      0,00
21:47:28          4      0,00      0,00      0,00      0,00      0,00      0,00    100,00      0,00      0,00      0,00
21:47:28          5      0,00      0,00      0,00      0,00      0,00      0,00    100,00      0,00      0,00      0,00
21:47:28          6      0,00      0,00      0,00      0,00      0,00      0,00    100,00      0,00      0,00      0,00
21:47:28          7      0,00      0,00      0,00      0,00      0,00      0,00    100,00      0,00      0,00      0,00
21:47:28          8      0,00      0,00      0,00      0,00      0,00      0,00      0,00      0,00      0,00    100,00
21:47:28          9     97,00      0,00      3,00      0,00      0,00      0,00      0,00      0,00      0,00      0,00
21:47:28         10      0,00      0,00      0,00      0,00      0,00      0,00      0,00      0,00      0,00    100,00
21:47:28         11      0,00      0,00      0,00      0,00      0,00      0,00      0,00      0,00      0,00    100,00
21:47:28         12      0,00      0,00      0,00      0,00      0,00      0,00      0,00      0,00      0,00    100,00
21:47:28         13      0,00      0,00      0,00      0,00      0,00      0,00      0,00      0,00      0,00    100,00
21:47:28         14      0,00      0,00      0,00      0,00      0,00      0,00      0,00      0,00      0,00    100,00
21:47:28         15      0,00      0,00      0,00      0,00      0,00      0,00      0,00      0,00      0,00    100,00

21:47:26        IFACE   rxpck/s   txpck/s    rxkB/s    txkB/s   rxcmp/s   txcmp/s  rxmcst/s   %ifutil
21:47:28           lo      0,00      0,00      0,00      0,00      0,00      0,00      0,00      0,00
21:47:28         eno1      7,50 800004,00      0,47 100000,38      0,00      0,00      1,00     81,92
21:47:28         eno2      0,00      0,00      0,00      0,00      0,00      0,00      0,00      0,00
21:47:28      docker0      0,00      0,00      0,00      0,00      0,00      0,00      0,00      0,00
21:47:28      ens2np0 2087656,50  27520,00 252802,15   3332,50      0,00      0,00      0,00     20,71
21:47:28      ens2np1      0,00      0,00      0,00      0,00      0,00      0,00      0,00      0,00

21:47:28        CPU      %usr     %nice      %sys   %iowait    %steal      %irq     %soft    %guest    %gnice     %idle
21:47:30        all      6,03      0,00      0,22      0,00      0,00      0,00     49,36      0,00      0,00     44,39
21:47:30          0      0,00      0,00      0,00      0,00      0,00      0,00     89,16      0,00      0,00     10,84
21:47:30          1      0,00      0,00      0,00      0,00      0,00      0,00    100,00      0,00      0,00      0,00
21:47:30          2      0,00      0,00      0,00      0,00      0,00      0,00    100,00      0,00      0,00      0,00
21:47:30          3      0,00      0,00      0,00      0,00      0,00      0,00    100,00      0,00      0,00      0,00
21:47:30          4      0,00      0,00      0,00      0,00      0,00      0,00    100,00      0,00      0,00      0,00
21:47:30          5      0,00      0,00      0,00      0,00      0,00      0,00    100,00      0,00      0,00      0,00
21:47:30          6      0,00      0,00      0,00      0,00      0,00      0,00    100,00      0,00      0,00      0,00
21:47:30          7      0,00      0,00      0,00      0,00      0,00      0,00    100,00      0,00      0,00      0,00
21:47:30          8      0,00      0,00      0,00      0,00      0,00      0,00      0,00      0,00      0,00    100,00
21:47:30          9     96,50      0,00      3,50      0,00      0,00      0,00      0,00      0,00      0,00      0,00
21:47:30         10      0,00      0,00      0,00      0,00      0,00      0,00      0,00      0,00      0,00    100,00
21:47:30         11      0,00      0,00      0,00      0,00      0,00      0,00      0,00      0,00      0,00    100,00
21:47:30         12      0,00      0,00      0,00      0,00      0,00      0,00      0,00      0,00      0,00    100,00
21:47:30         13      0,00      0,00      0,00      0,00      0,00      0,00      0,00      0,00      0,00    100,00
21:47:30         14      0,00      0,00      0,00      0,00      0,00      0,00      0,00      0,00      0,00    100,00
21:47:30         15      0,00      0,00      0,00      0,00      0,00      0,00      0,00      0,00      0,00    100,00

21:47:28        IFACE   rxpck/s   txpck/s    rxkB/s    txkB/s   rxcmp/s   txcmp/s  rxmcst/s   %ifutil
21:47:30           lo      0,00      0,00      0,00      0,00      0,00      0,00      0,00      0,00
21:47:30         eno1      8,00 802062,00      0,50 100257,81      0,00      0,00      1,00     82,13
21:47:30         eno2      0,00      0,00      0,00      0,00      0,00      0,00      0,00      0,00
21:47:30      docker0      0,00      0,00      0,00      0,00      0,00      0,00      0,00      0,00
21:47:30      ens2np0 2086706,00  27520,00 252687,05   3332,50      0,00      0,00      0,00     20,70
21:47:30      ens2np1      0,00      0,00      0,00      0,00      0,00      0,00      0,00      0,00

21:47:30        CPU      %usr     %nice      %sys   %iowait    %steal      %irq     %soft    %guest    %gnice     %idle
21:47:32        all      6,49      0,00      0,37      0,00      0,00      0,00     49,31      0,00      0,00     43,82
21:47:32          0      0,00      0,00      0,00      0,00      0,00      0,00     90,00      0,00      0,00     10,00
21:47:32          1      0,00      0,00      0,00      0,00      0,00      0,00    100,00      0,00      0,00      0,00
21:47:32          2      0,00      0,00      0,00      0,00      0,00      0,00    100,00      0,00      0,00      0,00
21:47:32          3      0,00      0,00      0,00      0,00      0,00      0,00    100,00      0,00      0,00      0,00
21:47:32          4      0,00      0,00      0,00      0,00      0,00      0,00    100,00      0,00      0,00      0,00
21:47:32          5      0,00      0,00      0,00      0,00      0,00      0,00    100,00      0,00      0,00      0,00
21:47:32          6      0,00      0,00      0,00      0,00      0,00      0,00    100,00      0,00      0,00      0,00
21:47:32          7      0,00      0,00      0,00      0,00      0,00      0,00    100,00      0,00      0,00      0,00
21:47:32          8      1,50      0,00      0,50      0,00      0,00      0,00      0,00      0,00      0,00     98,00
21:47:32          9     96,00      0,00      4,00      0,00      0,00      0,00      0,00      0,00      0,00      0,00
21:47:32         10      1,00      0,00      0,50      0,00      0,00      0,00      0,00      0,00      0,00     98,51
21:47:32         11      1,00      0,00      0,00      0,00      0,00      0,00      0,00      0,00      0,00     99,00
21:47:32         12      0,50      0,00      0,00      0,00      0,00      0,00      0,00      0,00      0,00     99,50
21:47:32         13      1,49      0,00      0,50      0,00      0,00      0,00      0,00      0,00      0,00     98,01
21:47:32         14      0,50      0,00      0,00      0,00      0,00      0,00      0,00      0,00      0,00     99,50
21:47:32         15      1,98      0,00      0,50      0,00      0,00      0,00      0,00      0,00      0,00     97,52

21:47:30        IFACE   rxpck/s   txpck/s    rxkB/s    txkB/s   rxcmp/s   txcmp/s  rxmcst/s   %ifutil
21:47:32           lo      0,00      0,00      0,00      0,00      0,00      0,00      0,00      0,00
21:47:32         eno1      6,00 757802,50      0,38  94726,03      0,00      0,00      1,00     77,60
21:47:32         eno2      0,00      0,00      0,00      0,00      0,00      0,00      0,00      0,00
21:47:32      docker0      0,00      0,00      0,00      0,00      0,00      0,00      0,00      0,00
21:47:32      ens2np0 2068836,00  27520,00 250523,11   3332,50      0,00      0,00      0,00     20,52
21:47:32      ens2np1      0,00      0,00      0,00      0,00      0,00      0,00      0,00      0,00

21:47:32        CPU      %usr     %nice      %sys   %iowait    %steal      %irq     %soft    %guest    %gnice     %idle
21:47:34        all      6,04      0,00      0,22      0,00      0,00      0,00     49,37      0,00      0,00     44,37
21:47:34          0      0,00      0,00      0,00      0,00      0,00      0,00     89,50      0,00      0,00     10,50
21:47:34          1      0,00      0,00      0,00      0,00      0,00      0,00    100,00      0,00      0,00      0,00
21:47:34          2      0,00      0,00      0,00      0,00      0,00      0,00    100,00      0,00      0,00      0,00
21:47:34          3      0,00      0,00      0,00      0,00      0,00      0,00    100,00      0,00      0,00      0,00
21:47:34          4      0,00      0,00      0,00      0,00      0,00      0,00    100,00      0,00      0,00      0,00
21:47:34          5      0,00      0,00      0,00      0,00      0,00      0,00    100,00      0,00      0,00      0,00
21:47:34          6      0,00      0,00      0,00      0,00      0,00      0,00    100,00      0,00      0,00      0,00
21:47:34          7      0,00      0,00      0,00      0,00      0,00      0,00    100,00      0,00      0,00      0,00
21:47:34          8      0,00      0,00      0,00      0,00      0,00      0,00      0,00      0,00      0,00    100,00
21:47:34          9     96,50      0,00      3,50      0,00      0,00      0,00      0,00      0,00      0,00      0,00
21:47:34         10      0,00      0,00      0,00      0,00      0,00      0,00      0,00      0,00      0,00    100,00
21:47:34         11      0,00      0,00      0,00      0,00      0,00      0,00      0,00      0,00      0,00    100,00
21:47:34         12      0,00      0,00      0,00      0,00      0,00      0,00      0,00      0,00      0,00    100,00
21:47:34         13      0,00      0,00      0,00      0,00      0,00      0,00      0,00      0,00      0,00    100,00
21:47:34         14      0,00      0,00      0,00      0,00      0,00      0,00      0,00      0,00      0,00    100,00
21:47:34         15      0,00      0,00      0,00      0,00      0,00      0,00      0,00      0,00      0,00    100,00

21:47:32        IFACE   rxpck/s   txpck/s    rxkB/s    txkB/s   rxcmp/s   txcmp/s  rxmcst/s   %ifutil
21:47:34           lo      0,00      0,00      0,00      0,00      0,00      0,00      0,00      0,00
21:47:34         eno1      6,50 807978,50      0,41 100996,56      0,00      0,00      1,00     82,74
21:47:34         eno2      0,00      0,00      0,00      0,00      0,00      0,00      0,00      0,00
21:47:34      docker0      0,00      0,00      0,00      0,00      0,00      0,00      0,00      0,00
21:47:34      ens2np0 2112933,50  27472,00 255863,04   3326,69      0,00      0,00      0,00     20,96
21:47:34      ens2np1      0,00      0,00      0,00      0,00      0,00      0,00      0,00      0,00

21:47:34        CPU      %usr     %nice      %sys   %iowait    %steal      %irq     %soft    %guest    %gnice     %idle
21:47:36        all      6,10      0,00      0,16      0,00      0,00      0,00     49,31      0,00      0,00     44,43
21:47:36          0      0,00      0,00      0,00      0,00      0,00      0,00     89,34      0,00      0,00     10,66
21:47:36          1      0,00      0,00      0,00      0,00      0,00      0,00    100,00      0,00      0,00      0,00
21:47:36          2      0,00      0,00      0,00      0,00      0,00      0,00    100,00      0,00      0,00      0,00
21:47:36          3      0,00      0,00      0,00      0,00      0,00      0,00    100,00      0,00      0,00      0,00
21:47:36          4      0,00      0,00      0,00      0,00      0,00      0,00    100,00      0,00      0,00      0,00
21:47:36          5      0,00      0,00      0,00      0,00      0,00      0,00    100,00      0,00      0,00      0,00
21:47:36          6      0,00      0,00      0,00      0,00      0,00      0,00    100,00      0,00      0,00      0,00
21:47:36          7      0,00      0,00      0,00      0,00      0,00      0,00    100,00      0,00      0,00      0,00
21:47:36          8      0,00      0,00      0,00      0,00      0,00      0,00      0,00      0,00      0,00    100,00
21:47:36          9     97,50      0,00      2,50      0,00      0,00      0,00      0,00      0,00      0,00      0,00
21:47:36         10      0,00      0,00      0,00      0,00      0,00      0,00      0,00      0,00      0,00    100,00
21:47:36         11      0,00      0,00      0,00      0,00      0,00      0,00      0,00      0,00      0,00    100,00
21:47:36         12      0,00      0,00      0,00      0,00      0,00      0,00      0,00      0,00      0,00    100,00
21:47:36         13      0,00      0,00      0,00      0,00      0,00      0,00      0,00      0,00      0,00    100,00
21:47:36         14      0,00      0,00      0,00      0,00      0,00      0,00      0,00      0,00      0,00    100,00
21:47:36         15      0,00      0,00      0,00      0,00      0,00      0,00      0,00      0,00      0,00    100,00

21:47:34        IFACE   rxpck/s   txpck/s    rxkB/s    txkB/s   rxcmp/s   txcmp/s  rxmcst/s   %ifutil
21:47:36           lo      0,00      0,00      0,00      0,00      0,00      0,00      0,00      0,00
21:47:36         eno1      3,50 406443,50      0,22  50805,44      0,00      0,00      0,50     41,62
21:47:36         eno2      0,00      0,00      0,00      0,00      0,00      0,00      0,00      0,00
21:47:36      docker0      0,00      0,00      0,00      0,00      0,00      0,00      0,00      0,00
21:47:36      ens2np0 2106426,00  27504,00 255075,02   3330,56      0,00      0,00      0,00     20,90
21:47:36      ens2np1      0,00      0,00      0,00      0,00      0,00      0,00      0,00      0,00

Average:        CPU      %usr     %nice      %sys   %iowait    %steal      %irq     %soft    %guest    %gnice     %idle
Average:        all      6,21      0,00      0,19      0,00      0,00      0,00     38,60      0,00      0,00     55,00
Average:          0      0,02      0,00      0,04      0,00      0,00      0,00     69,82      0,00      0,00     30,12
Average:          1      6,70      0,00      0,00      0,00      0,00      0,00     78,26      0,00      0,00     15,04
Average:          2      0,10      0,00      0,04      0,00      0,00      0,00     78,22      0,00      0,00     21,64
Average:          3      0,00      0,00      0,02      0,00      0,00      0,00     78,25      0,00      0,00     21,73
Average:          4      0,02      0,00      0,00      0,00      0,00      0,00     78,26      0,00      0,00     21,72
Average:          5      0,02      0,00      0,02      0,00      0,00      0,00     78,27      0,00      0,00     21,69
Average:          6      0,06      0,00      0,00      0,00      0,00      0,00     78,29      0,00      0,00     21,65
Average:          7      0,04      0,00      0,02      0,00      0,00      0,00     78,24      0,00      0,00     21,70
Average:          8      0,22      0,00      0,06      0,02      0,00      0,00      0,00      0,00      0,00     99,70
Average:          9     90,82      0,00      2,48      0,00      0,00      0,00      0,00      0,00      0,00      6,70
Average:         10      0,20      0,00      0,10      0,00      0,00      0,00      0,00      0,00      0,00     99,70
Average:         11      0,22      0,00      0,04      0,00      0,00      0,00      0,00      0,00      0,00     99,74
Average:         12      0,22      0,00      0,02      0,00      0,00      0,00      0,00      0,00      0,00     99,76
Average:         13      0,18      0,00      0,06      0,00      0,00      0,00      0,00      0,00      0,00     99,76
Average:         14      0,10      0,00      0,02      0,00      0,00      0,00      0,00      0,00      0,00     99,88
Average:         15      0,32      0,00      0,14      0,00      0,00      0,00      0,00      0,00      0,00     99,54

Average:        IFACE   rxpck/s   txpck/s    rxkB/s    txkB/s   rxcmp/s   txcmp/s  rxmcst/s   %ifutil
Average:           lo      0,00      0,00      0,00      0,00      0,00      0,00      0,00      0,00
Average:         eno1      7,14 576152,03      0,55  72019,02      0,00      0,00      1,08     59,00
Average:         eno2      0,00      0,00      0,00      0,00      0,00      0,00      0,00      0,00
Average:      docker0      0,00      0,00      0,00      0,00      0,00      0,00      0,00      0,00
Average:      ens2np0 1621868,47  21544,51 196398,13   2607,59      0,00      0,00      0,00     16,09
Average:      ens2np1      0,00      0,00      0,00      0,00      0,00      0,00      0,00      0,00
