Linux 5.13.0-52-generic (w1) 	22/07/2022 	_x86_64_	(16 CPU)

19:28:33        CPU      %usr     %nice      %sys   %iowait    %steal      %irq     %soft    %guest    %gnice     %idle
19:28:35        all      6,31      0,00      0,00      0,00      0,00      0,00      0,00      0,00      0,00     93,69
19:28:35          0      0,00      0,00      0,00      0,00      0,00      0,00      0,00      0,00      0,00    100,00
19:28:35          1      0,50      0,00      0,00      0,00      0,00      0,00      0,00      0,00      0,00     99,50
19:28:35          2      0,00      0,00      0,00      0,00      0,00      0,00      0,00      0,00      0,00    100,00
19:28:35          3      0,00      0,00      0,00      0,00      0,00      0,00      0,00      0,00      0,00    100,00
19:28:35          4      0,00      0,00      0,00      0,00      0,00      0,00      0,00      0,00      0,00    100,00
19:28:35          5      0,00      0,00      0,00      0,00      0,00      0,00      0,00      0,00      0,00    100,00
19:28:35          6      0,00      0,00      0,00      0,00      0,00      0,00      0,00      0,00      0,00    100,00
19:28:35          7      0,00      0,00      0,00      0,00      0,00      0,00      0,00      0,00      0,00    100,00
19:28:35          8      0,00      0,00      0,00      0,00      0,00      0,00      0,00      0,00      0,00    100,00
19:28:35          9      0,00      0,00      0,00      0,00      0,00      0,00      0,00      0,00      0,00    100,00
19:28:35         10      0,50      0,00      0,00      0,00      0,00      0,00      0,00      0,00      0,00     99,50
19:28:35         11      0,00      0,00      0,00      0,00      0,00      0,00      0,00      0,00      0,00    100,00
19:28:35         12      0,00      0,00      0,00      0,00      0,00      0,00      0,00      0,00      0,00    100,00
19:28:35         13    100,00      0,00      0,00      0,00      0,00      0,00      0,00      0,00      0,00      0,00
19:28:35         14      0,00      0,00      0,00      0,00      0,00      0,00      0,00      0,00      0,00    100,00
19:28:35         15      0,00      0,00      0,00      0,00      0,00      0,00      0,00      0,00      0,00    100,00

19:28:33        IFACE   rxpck/s   txpck/s    rxkB/s    txkB/s   rxcmp/s   txcmp/s  rxmcst/s   %ifutil
19:28:35           lo      0,00      0,00      0,00      0,00      0,00      0,00      0,00      0,00
19:28:35         eno1     22,50     16,50      3,76      3,22      0,00      0,00      1,50      0,00
19:28:35         eno2      0,00      0,00      0,00      0,00      0,00      0,00      0,00      0,00
19:28:35      docker0      0,00      0,00      0,00      0,00      0,00      0,00      0,00      0,00
19:28:35      ens2np0      0,00      0,00      0,00      0,00      0,00      0,00      0,00      0,00
19:28:35      ens2np1      0,00      0,00      0,00      0,00      0,00      0,00      0,00      0,00

19:28:35        CPU      %usr     %nice      %sys   %iowait    %steal      %irq     %soft    %guest    %gnice     %idle
19:28:37        all      6,25      0,00      0,00      0,00      0,00      0,00      0,03      0,00      0,00     93,72
19:28:37          0      0,00      0,00      0,00      0,00      0,00      0,00      0,50      0,00      0,00     99,50
19:28:37          1      0,00      0,00      0,00      0,00      0,00      0,00      0,00      0,00      0,00    100,00
19:28:37          2      0,00      0,00      0,00      0,00      0,00      0,00      0,00      0,00      0,00    100,00
19:28:37          3      0,00      0,00      0,00      0,00      0,00      0,00      0,00      0,00      0,00    100,00
19:28:37          4      0,00      0,00      0,00      0,00      0,00      0,00      0,00      0,00      0,00    100,00
19:28:37          5      0,00      0,00      0,00      0,00      0,00      0,00      0,00      0,00      0,00    100,00
19:28:37          6      0,00      0,00      0,00      0,00      0,00      0,00      0,00      0,00      0,00    100,00
19:28:37          7      0,00      0,00      0,00      0,00      0,00      0,00      0,00      0,00      0,00    100,00
19:28:37          8      0,00      0,00      0,00      0,00      0,00      0,00      0,00      0,00      0,00    100,00
19:28:37          9      0,00      0,00      0,00      0,00      0,00      0,00      0,00      0,00      0,00    100,00
19:28:37         10      0,00      0,00      0,00      0,00      0,00      0,00      0,00      0,00      0,00    100,00
19:28:37         11      0,00      0,00      0,00      0,00      0,00      0,00      0,00      0,00      0,00    100,00
19:28:37         12      0,00      0,00      0,00      0,00      0,00      0,00      0,00      0,00      0,00    100,00
19:28:37         13    100,00      0,00      0,00      0,00      0,00      0,00      0,00      0,00      0,00      0,00
19:28:37         14      0,00      0,00      0,00      0,00      0,00      0,00      0,00      0,00      0,00    100,00
19:28:37         15      0,00      0,00      0,00      0,00      0,00      0,00      0,00      0,00      0,00    100,00

19:28:35        IFACE   rxpck/s   txpck/s    rxkB/s    txkB/s   rxcmp/s   txcmp/s  rxmcst/s   %ifutil
19:28:37           lo      0,00      0,00      0,00      0,00      0,00      0,00      0,00      0,00
19:28:37         eno1      8,00      0,00      0,50      0,00      0,00      0,00      1,00      0,00
19:28:37         eno2      0,00      0,00      0,00      0,00      0,00      0,00      0,00      0,00
19:28:37      docker0      0,00      0,00      0,00      0,00      0,00      0,00      0,00      0,00
19:28:37      ens2np0      0,00      0,00      0,00      0,00      0,00      0,00      0,00      0,00
19:28:37      ens2np1      0,00      0,00      0,00      0,00      0,00      0,00      0,00      0,00

19:28:37        CPU      %usr     %nice      %sys   %iowait    %steal      %irq     %soft    %guest    %gnice     %idle
19:28:39        all      6,63      0,00      0,06      0,00      0,00      0,00      0,00      0,00      0,00     93,30
19:28:39          0      0,50      0,00      0,50      0,00      0,00      0,00      0,00      0,00      0,00     99,00
19:28:39          1      1,50      0,00      0,00      0,00      0,00      0,00      0,00      0,00      0,00     98,50
19:28:39          2      0,50      0,00      0,00      0,00      0,00      0,00      0,00      0,00      0,00     99,50
19:28:39          3      0,50      0,00      0,00      0,00      0,00      0,00      0,00      0,00      0,00     99,50
19:28:39          4      0,00      0,00      0,00      0,00      0,00      0,00      0,00      0,00      0,00    100,00
19:28:39          5     75,50      0,00      0,00      0,00      0,00      0,00      0,00      0,00      0,00     24,50
19:28:39          6      1,00      0,00      0,00      0,00      0,00      0,00      0,00      0,00      0,00     99,00
19:28:39          7      0,00      0,00      0,00      0,00      0,00      0,00      0,00      0,00      0,00    100,00
19:28:39          8      0,00      0,00      0,00      0,00      0,00      0,00      0,00      0,00      0,00    100,00
19:28:39          9      0,00      0,00      0,00      0,00      0,00      0,00      0,00      0,00      0,00    100,00
19:28:39         10      0,00      0,00      0,00      0,00      0,00      0,00      0,00      0,00      0,00    100,00
19:28:39         11      1,01      0,00      0,00      0,00      0,00      0,00      0,00      0,00      0,00     98,99
19:28:39         12      0,50      0,00      0,50      0,00      0,00      0,00      0,00      0,00      0,00     99,00
19:28:39         13     25,00      0,00      0,00      0,00      0,00      0,00      0,00      0,00      0,00     75,00
19:28:39         14      0,00      0,00      0,00      0,00      0,00      0,00      0,00      0,00      0,00    100,00
19:28:39         15      0,00      0,00      0,00      0,00      0,00      0,00      0,00      0,00      0,00    100,00

19:28:37        IFACE   rxpck/s   txpck/s    rxkB/s    txkB/s   rxcmp/s   txcmp/s  rxmcst/s   %ifutil
19:28:39           lo      0,00      0,00      0,00      0,00      0,00      0,00      0,00      0,00
19:28:39         eno1      6,00      0,00      0,38      0,00      0,00      0,00      1,00      0,00
19:28:39         eno2      0,00      0,00      0,00      0,00      0,00      0,00      0,00      0,00
19:28:39      docker0      0,00      0,00      0,00      0,00      0,00      0,00      0,00      0,00
19:28:39      ens2np0      0,00      0,00      0,00      0,00      0,00      0,00      0,00      0,00
19:28:39      ens2np1      0,00      0,00      0,00      0,00      0,00      0,00      0,00      0,00

19:28:39        CPU      %usr     %nice      %sys   %iowait    %steal      %irq     %soft    %guest    %gnice     %idle
19:28:41        all      6,25      0,00      0,00      0,00      0,00      0,00      0,00      0,00      0,00     93,75
19:28:41          0      0,00      0,00      0,00      0,00      0,00      0,00      0,00      0,00      0,00    100,00
19:28:41          1      0,00      0,00      0,00      0,00      0,00      0,00      0,00      0,00      0,00    100,00
19:28:41          2      0,00      0,00      0,00      0,00      0,00      0,00      0,00      0,00      0,00    100,00
19:28:41          3      0,00      0,00      0,00      0,00      0,00      0,00      0,00      0,00      0,00    100,00
19:28:41          4      0,00      0,00      0,00      0,00      0,00      0,00      0,00      0,00      0,00    100,00
19:28:41          5    100,00      0,00      0,00      0,00      0,00      0,00      0,00      0,00      0,00      0,00
19:28:41          6      0,00      0,00      0,00      0,00      0,00      0,00      0,00      0,00      0,00    100,00
19:28:41          7      0,00      0,00      0,00      0,00      0,00      0,00      0,00      0,00      0,00    100,00
19:28:41          8      0,00      0,00      0,00      0,00      0,00      0,00      0,00      0,00      0,00    100,00
19:28:41          9      0,00      0,00      0,00      0,00      0,00      0,00      0,00      0,00      0,00    100,00
19:28:41         10      0,00      0,00      0,00      0,00      0,00      0,00      0,00      0,00      0,00    100,00
19:28:41         11      0,00      0,00      0,00      0,00      0,00      0,00      0,00      0,00      0,00    100,00
19:28:41         12      0,00      0,00      0,00      0,00      0,00      0,00      0,00      0,00      0,00    100,00
19:28:41         13      0,00      0,00      0,00      0,00      0,00      0,00      0,00      0,00      0,00    100,00
19:28:41         14      0,00      0,00      0,00      0,00      0,00      0,00      0,00      0,00      0,00    100,00
19:28:41         15      0,00      0,00      0,00      0,00      0,00      0,00      0,00      0,00      0,00    100,00

19:28:39        IFACE   rxpck/s   txpck/s    rxkB/s    txkB/s   rxcmp/s   txcmp/s  rxmcst/s   %ifutil
19:28:41           lo      0,00      0,00      0,00      0,00      0,00      0,00      0,00      0,00
19:28:41         eno1      7,00      0,00      0,44      0,00      0,00      0,00      1,00      0,00
19:28:41         eno2      0,00      0,00      0,00      0,00      0,00      0,00      0,00      0,00
19:28:41      docker0      0,00      0,00      0,00      0,00      0,00      0,00      0,00      0,00
19:28:41      ens2np0      0,00      0,00      0,00      0,00      0,00      0,00      0,00      0,00
19:28:41      ens2np1      0,00      0,00      0,00      0,00      0,00      0,00      0,00      0,00

19:28:41        CPU      %usr     %nice      %sys   %iowait    %steal      %irq     %soft    %guest    %gnice     %idle
19:28:43        all      6,28      0,00      0,03      0,00      0,00      0,00      0,00      0,00      0,00     93,69
19:28:43          0      0,00      0,00      0,00      0,00      0,00      0,00      0,00      0,00      0,00    100,00
19:28:43          1      0,00      0,00      0,00      0,00      0,00      0,00      0,00      0,00      0,00    100,00
19:28:43          2      0,00      0,00      0,00      0,00      0,00      0,00      0,00      0,00      0,00    100,00
19:28:43          3      0,00      0,00      0,50      0,00      0,00      0,00      0,00      0,00      0,00     99,50
19:28:43          4      0,00      0,00      0,00      0,00      0,00      0,00      0,00      0,00      0,00    100,00
19:28:43          5    100,00      0,00      0,00      0,00      0,00      0,00      0,00      0,00      0,00      0,00
19:28:43          6      0,00      0,00      0,00      0,00      0,00      0,00      0,00      0,00      0,00    100,00
19:28:43          7      0,00      0,00      0,00      0,00      0,00      0,00      0,00      0,00      0,00    100,00
19:28:43          8      0,00      0,00      0,00      0,00      0,00      0,00      0,00      0,00      0,00    100,00
19:28:43          9      0,00      0,00      0,00      0,00      0,00      0,00      0,00      0,00      0,00    100,00
19:28:43         10      0,00      0,00      0,00      0,00      0,00      0,00      0,00      0,00      0,00    100,00
19:28:43         11      0,00      0,00      0,00      0,00      0,00      0,00      0,00      0,00      0,00    100,00
19:28:43         12      0,00      0,00      0,00      0,00      0,00      0,00      0,00      0,00      0,00    100,00
19:28:43         13      0,00      0,00      0,00      0,00      0,00      0,00      0,00      0,00      0,00    100,00
19:28:43         14      0,50      0,00      0,00      0,00      0,00      0,00      0,00      0,00      0,00     99,50
19:28:43         15      0,00      0,00      0,00      0,00      0,00      0,00      0,00      0,00      0,00    100,00

19:28:41        IFACE   rxpck/s   txpck/s    rxkB/s    txkB/s   rxcmp/s   txcmp/s  rxmcst/s   %ifutil
19:28:43           lo      0,00      0,00      0,00      0,00      0,00      0,00      0,00      0,00
19:28:43         eno1      8,00      1,00      0,75      0,07      0,00      0,00      2,00      0,00
19:28:43         eno2      0,00      0,00      0,00      0,00      0,00      0,00      0,00      0,00
19:28:43      docker0      0,00      0,00      0,00      0,00      0,00      0,00      0,00      0,00
19:28:43      ens2np0      0,00      0,00      0,00      0,00      0,00      0,00      0,00      0,00
19:28:43      ens2np1      0,00      0,00      0,00      0,00      0,00      0,00      0,00      0,00

19:28:43        CPU      %usr     %nice      %sys   %iowait    %steal      %irq     %soft    %guest    %gnice     %idle
19:28:45        all      5,66      0,00      0,63      0,00      0,00      0,00     16,43      0,00      0,00     77,28
19:28:45          0      0,00      0,00      0,00      0,00      0,00      0,00     60,00      0,00      0,00     40,00
19:28:45          1      0,00      0,00      0,00      0,00      0,00      0,00     59,80      0,00      0,00     40,20
19:28:45          2      0,00      0,00      0,00      0,00      0,00      0,00     60,00      0,00      0,00     40,00
19:28:45          3      0,00      0,00      0,00      0,00      0,00      0,00     59,80      0,00      0,00     40,20
19:28:45          4      0,00      0,00      0,00      0,00      0,00      0,00     23,86      0,00      0,00     76,14
19:28:45          5     65,67      0,00      4,48      0,00      0,00      0,00      0,00      0,00      0,00     29,85
19:28:45          6      0,00      0,00      0,00      0,00      0,00      0,00      0,00      0,00      0,00    100,00
19:28:45          7      0,50      0,00      0,00      0,00      0,00      0,00      0,00      0,00      0,00     99,50
19:28:45          8      0,00      0,00      0,00      0,00      0,00      0,00      0,00      0,00      0,00    100,00
19:28:45          9      0,00      0,00      0,00      0,00      0,00      0,00      0,00      0,00      0,00    100,00
19:28:45         10      0,00      0,00      0,00      0,00      0,00      0,00      0,00      0,00      0,00    100,00
19:28:45         11      0,00      0,00      0,00      0,00      0,00      0,00      0,00      0,00      0,00    100,00
19:28:45         12      0,00      0,00      0,00      0,00      0,00      0,00      0,00      0,00      0,00    100,00
19:28:45         13     24,12      0,00      5,53      0,00      0,00      0,00      0,00      0,00      0,00     70,35
19:28:45         14      0,00      0,00      0,00      0,00      0,00      0,00      0,00      0,00      0,00    100,00
19:28:45         15      0,00      0,00      0,00      0,00      0,00      0,00      0,00      0,00      0,00    100,00

19:28:43        IFACE   rxpck/s   txpck/s    rxkB/s    txkB/s   rxcmp/s   txcmp/s  rxmcst/s   %ifutil
19:28:45           lo      0,00      0,00      0,00      0,00      0,00      0,00      0,00      0,00
19:28:45         eno1      8,00 356506,00      0,50  44562,50      0,00      0,00      1,00     36,51
19:28:45         eno2      0,00      0,00      0,00      0,00      0,00      0,00      0,00      0,00
19:28:45      docker0      0,00      0,00      0,00      0,00      0,00      0,00      0,00      0,00
19:28:45      ens2np0 1082944,00 135108,50 131137,75  16323,71      0,00      0,00      0,00     10,74
19:28:45      ens2np1      0,00      0,00      0,00      0,00      0,00      0,00      0,00      0,00

19:28:45        CPU      %usr     %nice      %sys   %iowait    %steal      %irq     %soft    %guest    %gnice     %idle
19:28:47        all      5,05      0,00      1,26      0,03      0,00      0,00     27,36      0,00      0,00     66,30
19:28:47          0      0,00      0,00      0,00      0,00      0,00      0,00    100,00      0,00      0,00      0,00
19:28:47          1      0,00      0,00      0,00      0,00      0,00      0,00    100,00      0,00      0,00      0,00
19:28:47          2      0,00      0,00      0,00      0,00      0,00      0,00    100,00      0,00      0,00      0,00
19:28:47          3      0,00      0,00      0,00      0,00      0,00      0,00    100,00      0,00      0,00      0,00
19:28:47          4      0,00      0,00      0,00      0,00      0,00      0,00     38,10      0,00      0,00     61,90
19:28:47          5     38,19      0,00      8,04      0,00      0,00      0,00      0,00      0,00      0,00     53,77
19:28:47          6      0,00      0,00      0,00      0,00      0,00      0,00      0,00      0,00      0,00    100,00
19:28:47          7      0,00      0,00      0,50      0,00      0,00      0,00      0,00      0,00      0,00     99,50
19:28:47          8      0,00      0,00      0,00      0,00      0,00      0,00      0,00      0,00      0,00    100,00
19:28:47          9      0,00      0,00      0,00      0,00      0,00      0,00      0,00      0,00      0,00    100,00
19:28:47         10      0,00      0,00      0,00      0,00      0,00      0,00      0,00      0,00      0,00    100,00
19:28:47         11      0,00      0,00      0,00      0,00      0,00      0,00      0,00      0,00      0,00    100,00
19:28:47         12      0,00      0,00      0,00      0,00      0,00      0,00      0,00      0,00      0,00    100,00
19:28:47         13     42,29      0,00     11,44      0,00      0,00      0,00      0,00      0,00      0,00     46,27
19:28:47         14      0,00      0,00      0,00      0,50      0,00      0,00      0,00      0,00      0,00     99,50
19:28:47         15      0,00      0,00      0,00      0,00      0,00      0,00      0,00      0,00      0,00    100,00

19:28:45        IFACE   rxpck/s   txpck/s    rxkB/s    txkB/s   rxcmp/s   txcmp/s  rxmcst/s   %ifutil
19:28:47           lo      0,00      0,00      0,00      0,00      0,00      0,00      0,00      0,00
19:28:47         eno1      8,00 864861,00      0,50 108107,66      0,00      0,00      1,00     88,56
19:28:47         eno2      0,00      0,00      0,00      0,00      0,00      0,00      0,00      0,00
19:28:47      docker0      0,00      0,00      0,00      0,00      0,00      0,00      0,00      0,00
19:28:47      ens2np0 1815655,50 221312,50 219864,53  26799,52      0,00      0,00      0,00     18,01
19:28:47      ens2np1      0,00      0,00      0,00      0,00      0,00      0,00      0,00      0,00

19:28:47        CPU      %usr     %nice      %sys   %iowait    %steal      %irq     %soft    %guest    %gnice     %idle
19:28:49        all      5,75      0,00      1,25      0,03      0,00      0,00     27,25      0,00      0,00     65,72
19:28:49          0      0,00      0,00      0,00      0,00      0,00      0,00    100,00      0,00      0,00      0,00
19:28:49          1      0,00      0,00      0,00      0,00      0,00      0,00    100,00      0,00      0,00      0,00
19:28:49          2      0,00      0,00      0,00      0,00      0,00      0,00    100,00      0,00      0,00      0,00
19:28:49          3      0,00      0,00      0,00      0,00      0,00      0,00    100,00      0,00      0,00      0,00
19:28:49          4      0,53      0,00      0,00      0,53      0,00      0,00     37,89      0,00      0,00     61,05
19:28:49          5     52,74      0,00      8,96      0,00      0,00      0,00      0,00      0,00      0,00     38,31
19:28:49          6      0,99      0,00      1,49      0,00      0,00      0,00      0,00      0,00      0,00     97,52
19:28:49          7      1,00      0,00      0,50      0,00      0,00      0,00      0,00      0,00      0,00     98,51
19:28:49          8      0,50      0,00      0,00      0,00      0,00      0,00      0,00      0,00      0,00     99,50
19:28:49          9      0,50      0,00      0,50      0,00      0,00      0,00      0,00      0,00      0,00     99,00
19:28:49         10      0,50      0,00      0,50      0,00      0,00      0,00      0,00      0,00      0,00     99,01
19:28:49         11      0,50      0,00      0,00      0,00      0,00      0,00      0,00      0,00      0,00     99,50
19:28:49         12      0,50      0,00      0,00      0,00      0,00      0,00      0,00      0,00      0,00     99,50
19:28:49         13     32,00      0,00      6,50      0,00      0,00      0,00      0,00      0,00      0,00     61,50
19:28:49         14      0,50      0,00      0,50      0,00      0,00      0,00      0,00      0,00      0,00     99,00
19:28:49         15      1,49      0,00      1,00      0,00      0,00      0,00      0,00      0,00      0,00     97,51

19:28:47        IFACE   rxpck/s   txpck/s    rxkB/s    txkB/s   rxcmp/s   txcmp/s  rxmcst/s   %ifutil
19:28:49           lo      0,00      0,00      0,00      0,00      0,00      0,00      0,00      0,00
19:28:49         eno1      6,50 863897,50      0,41 107987,12      0,00      0,00      1,00     88,46
19:28:49         eno2      0,00      0,00      0,00      0,00      0,00      0,00      0,00      0,00
19:28:49      docker0      0,00      0,00      0,00      0,00      0,00      0,00      0,00      0,00
19:28:49      ens2np0 1813566,00 222545,00 219611,51  26948,73      0,00      0,00      0,00     17,99
19:28:49      ens2np1      0,00      0,00      0,00      0,00      0,00      0,00      0,00      0,00

19:28:49        CPU      %usr     %nice      %sys   %iowait    %steal      %irq     %soft    %guest    %gnice     %idle
19:28:51        all      5,24      0,00      1,10      0,00      0,00      0,00     27,40      0,00      0,00     66,27
19:28:51          0      0,00      0,00      0,50      0,00      0,00      0,00     99,50      0,00      0,00      0,00
19:28:51          1      0,00      0,00      0,00      0,00      0,00      0,00    100,00      0,00      0,00      0,00
19:28:51          2      0,00      0,00      0,00      0,00      0,00      0,00    100,00      0,00      0,00      0,00
19:28:51          3      0,00      0,00      0,00      0,00      0,00      0,00    100,00      0,00      0,00      0,00
19:28:51          4      0,00      0,00      0,00      0,00      0,00      0,00     38,74      0,00      0,00     61,26
19:28:51          5     30,15      0,00      6,03      0,00      0,00      0,00      0,00      0,00      0,00     63,82
19:28:51          6      0,00      0,00      0,00      0,00      0,00      0,00      0,00      0,00      0,00    100,00
19:28:51          7      0,00      0,00      0,00      0,00      0,00      0,00      0,00      0,00      0,00    100,00
19:28:51          8      0,00      0,00      0,00      0,00      0,00      0,00      0,00      0,00      0,00    100,00
19:28:51          9      0,00      0,00      0,00      0,00      0,00      0,00      0,00      0,00      0,00    100,00
19:28:51         10      0,00      0,00      0,00      0,00      0,00      0,00      0,00      0,00      0,00    100,00
19:28:51         11      0,00      0,00      0,00      0,00      0,00      0,00      0,00      0,00      0,00    100,00
19:28:51         12      0,00      0,00      0,00      0,00      0,00      0,00      0,00      0,00      0,00    100,00
19:28:51         13     53,23      0,00     10,95      0,00      0,00      0,00      0,00      0,00      0,00     35,82
19:28:51         14      0,00      0,00      0,00      0,00      0,00      0,00      0,00      0,00      0,00    100,00
19:28:51         15      0,00      0,00      0,00      0,00      0,00      0,00      0,00      0,00      0,00    100,00

19:28:49        IFACE   rxpck/s   txpck/s    rxkB/s    txkB/s   rxcmp/s   txcmp/s  rxmcst/s   %ifutil
19:28:51           lo      0,00      0,00      0,00      0,00      0,00      0,00      0,00      0,00
19:28:51         eno1      7,00 866549,00      0,44 108318,53      0,00      0,00      1,50     88,73
19:28:51         eno2      0,00      0,00      0,00      0,00      0,00      0,00      0,00      0,00
19:28:51      docker0      0,00      0,00      0,00      0,00      0,00      0,00      0,00      0,00
19:28:51      ens2np0 1822082,50 223280,50 220642,80  27037,83      0,00      0,00      0,00     18,08
19:28:51      ens2np1      0,00      0,00      0,00      0,00      0,00      0,00      0,00      0,00

19:28:51        CPU      %usr     %nice      %sys   %iowait    %steal      %irq     %soft    %guest    %gnice     %idle
19:28:53        all      5,17      0,00      1,19      0,00      0,00      0,00     27,22      0,00      0,00     66,42
19:28:53          0      0,00      0,00      0,50      0,00      0,00      0,00     99,50      0,00      0,00      0,00
19:28:53          1      0,00      0,00      0,00      0,00      0,00      0,00    100,00      0,00      0,00      0,00
19:28:53          2      0,00      0,00      0,00      0,00      0,00      0,00    100,00      0,00      0,00      0,00
19:28:53          3      0,00      0,00      0,00      0,00      0,00      0,00    100,00      0,00      0,00      0,00
19:28:53          4      0,00      0,00      0,00      0,00      0,00      0,00     37,43      0,00      0,00     62,57
19:28:53          5     45,50      0,00      9,50      0,00      0,00      0,00      0,00      0,00      0,00     45,00
19:28:53          6      0,50      0,00      0,50      0,00      0,00      0,00      0,00      0,00      0,00     99,01
19:28:53          7      0,00      0,00      0,00      0,00      0,00      0,00      0,00      0,00      0,00    100,00
19:28:53          8      0,00      0,00      0,00      0,00      0,00      0,00      0,00      0,00      0,00    100,00
19:28:53          9      0,00      0,00      0,00      0,00      0,00      0,00      0,00      0,00      0,00    100,00
19:28:53         10      0,00      0,00      0,00      0,00      0,00      0,00      0,00      0,00      0,00    100,00
19:28:53         11      0,00      0,00      0,00      0,00      0,00      0,00      0,00      0,00      0,00    100,00
19:28:53         12      0,50      0,00      0,00      0,00      0,00      0,00      0,00      0,00      0,00     99,50
19:28:53         13     36,00      0,00      8,50      0,00      0,00      0,00      0,00      0,00      0,00     55,50
19:28:53         14      0,00      0,00      0,00      0,00      0,00      0,00      0,00      0,00      0,00    100,00
19:28:53         15      0,00      0,00      0,00      0,00      0,00      0,00      0,00      0,00      0,00    100,00

19:28:51        IFACE   rxpck/s   txpck/s    rxkB/s    txkB/s   rxcmp/s   txcmp/s  rxmcst/s   %ifutil
19:28:53           lo      0,00      0,00      0,00      0,00      0,00      0,00      0,00      0,00
19:28:53         eno1      6,50 860026,50      0,42 107503,23      0,00      0,00      1,00     88,07
19:28:53         eno2      0,00      0,00      0,00      0,00      0,00      0,00      0,00      0,00
19:28:53      docker0      0,00      0,00      0,00      0,00      0,00      0,00      0,00      0,00
19:28:53      ens2np0 1818928,00 222689,00 220260,81  26966,17      0,00      0,00      0,00     18,04
19:28:53      ens2np1      0,00      0,00      0,00      0,00      0,00      0,00      0,00      0,00

19:28:53        CPU      %usr     %nice      %sys   %iowait    %steal      %irq     %soft    %guest    %gnice     %idle
19:28:55        all      5,24      0,00      1,10      0,03      0,00      0,00     26,95      0,00      0,00     66,68
19:28:55          0      0,00      0,00      0,00      0,00      0,00      0,00    100,00      0,00      0,00      0,00
19:28:55          1      0,00      0,00      0,00      0,00      0,00      0,00    100,00      0,00      0,00      0,00
19:28:55          2      0,00      0,00      0,00      0,00      0,00      0,00    100,00      0,00      0,00      0,00
19:28:55          3      0,00      0,00      0,00      0,00      0,00      0,00    100,00      0,00      0,00      0,00
19:28:55          4      0,00      0,00      0,00      0,00      0,00      0,00     31,76      0,00      0,00     68,24
19:28:55          5     19,00      0,00      5,00      0,00      0,00      0,00      0,00      0,00      0,00     76,00
19:28:55          6      0,00      0,00      0,00      0,00      0,00      0,00      0,00      0,00      0,00    100,00
19:28:55          7      0,00      0,00      0,00      0,00      0,00      0,00      0,00      0,00      0,00    100,00
19:28:55          8      0,00      0,00      0,00      0,00      0,00      0,00      0,00      0,00      0,00    100,00
19:28:55          9      0,00      0,00      0,00      0,00      0,00      0,00      0,00      0,00      0,00    100,00
19:28:55         10      0,00      0,00      0,00      0,00      0,00      0,00      0,00      0,00      0,00    100,00
19:28:55         11      0,00      0,00      0,00      0,00      0,00      0,00      0,00      0,00      0,00    100,00
19:28:55         12      0,00      0,00      0,50      0,00      0,00      0,00      0,00      0,00      0,00     99,50
19:28:55         13     64,32      0,00     12,06      0,00      0,00      0,00      0,00      0,00      0,00     23,62
19:28:55         14      0,00      0,00      0,00      0,50      0,00      0,00      0,00      0,00      0,00     99,50
19:28:55         15      0,00      0,00      0,00      0,00      0,00      0,00      0,00      0,00      0,00    100,00

19:28:53        IFACE   rxpck/s   txpck/s    rxkB/s    txkB/s   rxcmp/s   txcmp/s  rxmcst/s   %ifutil
19:28:55           lo      0,00      0,00      0,00      0,00      0,00      0,00      0,00      0,00
19:28:55         eno1      7,50 864860,00      0,48 108107,45      0,00      0,00      1,00     88,56
19:28:55         eno2      0,00      0,00      0,00      0,00      0,00      0,00      0,00      0,00
19:28:55      docker0      0,00      0,00      0,00      0,00      0,00      0,00      0,00      0,00
19:28:55      ens2np0 1816568,00 221072,50 219975,03  26770,46      0,00      0,00      0,00     18,02
19:28:55      ens2np1      0,00      0,00      0,00      0,00      0,00      0,00      0,00      0,00

19:28:55        CPU      %usr     %nice      %sys   %iowait    %steal      %irq     %soft    %guest    %gnice     %idle
19:28:57        all      5,11      0,00      1,22      0,00      0,00      0,00     27,38      0,00      0,00     66,29
19:28:57          0      0,00      0,00      0,50      0,00      0,00      0,00     99,50      0,00      0,00      0,00
19:28:57          1      0,00      0,00      0,00      0,00      0,00      0,00    100,00      0,00      0,00      0,00
19:28:57          2      0,00      0,00      0,00      0,00      0,00      0,00    100,00      0,00      0,00      0,00
19:28:57          3      0,00      0,00      0,00      0,00      0,00      0,00    100,00      0,00      0,00      0,00
19:28:57          4      0,00      0,00      0,00      0,00      0,00      0,00     38,74      0,00      0,00     61,26
19:28:57          5     26,00      0,00      6,00      0,00      0,00      0,00      0,00      0,00      0,00     68,00
19:28:57          6      0,00      0,00      0,00      0,00      0,00      0,00      0,00      0,00      0,00    100,00
19:28:57          7      0,00      0,00      0,00      0,00      0,00      0,00      0,00      0,00      0,00    100,00
19:28:57          8      0,00      0,00      0,00      0,00      0,00      0,00      0,00      0,00      0,00    100,00
19:28:57          9      0,00      0,00      0,00      0,00      0,00      0,00      0,00      0,00      0,00    100,00
19:28:57         10      0,00      0,00      0,00      0,00      0,00      0,00      0,00      0,00      0,00    100,00
19:28:57         11      0,00      0,00      0,00      0,00      0,00      0,00      0,00      0,00      0,00    100,00
19:28:57         12      0,00      0,00      0,00      0,00      0,00      0,00      0,00      0,00      0,00    100,00
19:28:57         13     55,50      0,00     12,50      0,00      0,00      0,00      0,00      0,00      0,00     32,00
19:28:57         14      0,00      0,00      0,50      0,00      0,00      0,00      0,00      0,00      0,00     99,50
19:28:57         15      0,00      0,00      0,00      0,00      0,00      0,00      0,00      0,00      0,00    100,00

19:28:55        IFACE   rxpck/s   txpck/s    rxkB/s    txkB/s   rxcmp/s   txcmp/s  rxmcst/s   %ifutil
19:28:57           lo      0,00      0,00      0,00      0,00      0,00      0,00      0,00      0,00
19:28:57         eno1      7,00 864823,50      0,45 108102,91      0,00      0,00      1,00     88,56
19:28:57         eno2      0,00      0,00      0,00      0,00      0,00      0,00      0,00      0,00
19:28:57      docker0      0,00      0,00      0,00      0,00      0,00      0,00      0,00      0,00
19:28:57      ens2np0 1816433,50 221631,50 219958,74  26838,11      0,00      0,00      0,00     18,02
19:28:57      ens2np1      0,00      0,00      0,00      0,00      0,00      0,00      0,00      0,00

19:28:57        CPU      %usr     %nice      %sys   %iowait    %steal      %irq     %soft    %guest    %gnice     %idle
19:28:59        all      5,28      0,00      1,35      0,00      0,00      0,00     27,33      0,00      0,00     66,04
19:28:59          0      0,00      0,00      0,00      0,00      0,00      0,00    100,00      0,00      0,00      0,00
19:28:59          1      0,00      0,00      0,00      0,00      0,00      0,00    100,00      0,00      0,00      0,00
19:28:59          2      0,00      0,00      0,00      0,00      0,00      0,00    100,00      0,00      0,00      0,00
19:28:59          3      0,00      0,00      0,00      0,00      0,00      0,00    100,00      0,00      0,00      0,00
19:28:59          4      0,00      0,00      0,54      0,00      0,00      0,00     37,84      0,00      0,00     61,62
19:28:59          5     49,25      0,00     13,43      0,00      0,00      0,00      0,00      0,00      0,00     37,31
19:28:59          6      0,00      0,00      0,00      0,00      0,00      0,00      0,00      0,00      0,00    100,00
19:28:59          7      0,00      0,00      0,50      0,00      0,00      0,00      0,00      0,00      0,00     99,50
19:28:59          8      1,00      0,00      0,00      0,00      0,00      0,00      0,00      0,00      0,00     99,00
19:28:59          9      1,00      0,00      0,50      0,00      0,00      0,00      0,00      0,00      0,00     98,51
19:28:59         10      0,00      0,00      0,00      0,00      0,00      0,00      0,00      0,00      0,00    100,00
19:28:59         11      0,00      0,00      0,00      0,00      0,00      0,00      0,00      0,00      0,00    100,00
19:28:59         12      0,00      0,00      0,00      0,00      0,00      0,00      0,00      0,00      0,00    100,00
19:28:59         13     31,00      0,00      6,50      0,00      0,00      0,00      0,00      0,00      0,00     62,50
19:28:59         14      1,00      0,00      0,00      0,00      0,00      0,00      0,00      0,00      0,00     99,00
19:28:59         15      0,50      0,00      0,00      0,00      0,00      0,00      0,00      0,00      0,00     99,50

19:28:57        IFACE   rxpck/s   txpck/s    rxkB/s    txkB/s   rxcmp/s   txcmp/s  rxmcst/s   %ifutil
19:28:59           lo      0,00      0,00      0,00      0,00      0,00      0,00      0,00      0,00
19:28:59         eno1      8,50 864601,00      0,55 108075,11      0,00      0,00      1,00     88,54
19:28:59         eno2      0,00      0,00      0,00      0,00      0,00      0,00      0,00      0,00
19:28:59      docker0      0,00      0,00      0,00      0,00      0,00      0,00      0,00      0,00
19:28:59      ens2np0 1814444,50 219248,50 219717,89  26549,58      0,00      0,00      0,00     18,00
19:28:59      ens2np1      0,00      0,00      0,00      0,00      0,00      0,00      0,00      0,00

19:28:59        CPU      %usr     %nice      %sys   %iowait    %steal      %irq     %soft    %guest    %gnice     %idle
19:29:01        all      5,28      0,00      1,07      0,00      0,00      0,00     27,23      0,00      0,00     66,42
19:29:01          0      0,00      0,00      0,00      0,00      0,00      0,00    100,00      0,00      0,00      0,00
19:29:01          1      0,00      0,00      0,00      0,00      0,00      0,00    100,00      0,00      0,00      0,00
19:29:01          2      0,00      0,00      0,00      0,00      0,00      0,00    100,00      0,00      0,00      0,00
19:29:01          3      0,00      0,00      0,00      0,00      0,00      0,00    100,00      0,00      0,00      0,00
19:29:01          4      0,00      0,00      0,00      0,00      0,00      0,00     36,26      0,00      0,00     63,74
19:29:01          5     35,18      0,00      5,03      0,00      0,00      0,00      0,00      0,00      0,00     59,80
19:29:01          6      0,00      0,00      0,00      0,00      0,00      0,00      0,00      0,00      0,00    100,00
19:29:01          7      0,00      0,00      0,00      0,00      0,00      0,00      0,00      0,00      0,00    100,00
19:29:01          8      0,00      0,00      0,00      0,00      0,00      0,00      0,00      0,00      0,00    100,00
19:29:01          9      0,00      0,00      0,00      0,00      0,00      0,00      0,00      0,00      0,00    100,00
19:29:01         10      0,00      0,00      0,00      0,00      0,00      0,00      0,00      0,00      0,00    100,00
19:29:01         11      0,00      0,00      0,00      0,00      0,00      0,00      0,00      0,00      0,00    100,00
19:29:01         12      0,00      0,00      0,50      0,00      0,00      0,00      0,00      0,00      0,00     99,50
19:29:01         13     48,50      0,00     11,50      0,00      0,00      0,00      0,00      0,00      0,00     40,00
19:29:01         14      0,00      0,00      0,00      0,00      0,00      0,00      0,00      0,00      0,00    100,00
19:29:01         15      0,50      0,00      0,00      0,00      0,00      0,00      0,00      0,00      0,00     99,50

19:28:59        IFACE   rxpck/s   txpck/s    rxkB/s    txkB/s   rxcmp/s   txcmp/s  rxmcst/s   %ifutil
19:29:01           lo      0,00      0,00      0,00      0,00      0,00      0,00      0,00      0,00
19:29:01         eno1      5,50 432196,00      0,36  54024,41      0,00      0,00      1,50     44,26
19:29:01         eno2      0,00      0,00      0,00      0,00      0,00      0,00      0,00      0,00
19:29:01      docker0      0,00      0,00      0,00      0,00      0,00      0,00      0,00      0,00
19:29:01      ens2np0 1809727,00 221009,50 219146,63  26762,79      0,00      0,00      0,00     17,95
19:29:01      ens2np1      0,00      0,00      0,00      0,00      0,00      0,00      0,00      0,00

19:29:01        CPU      %usr     %nice      %sys   %iowait    %steal      %irq     %soft    %guest    %gnice     %idle
19:29:03        all      5,03      0,00      1,41      0,00      0,00      0,00     27,15      0,00      0,00     66,40
19:29:03          0      0,00      0,00      0,00      0,00      0,00      0,00    100,00      0,00      0,00      0,00
19:29:03          1      0,00      0,00      0,00      0,00      0,00      0,00    100,00      0,00      0,00      0,00
19:29:03          2      0,00      0,00      0,00      0,00      0,00      0,00    100,00      0,00      0,00      0,00
19:29:03          3      0,00      0,00      0,00      0,00      0,00      0,00    100,00      0,00      0,00      0,00
19:29:03          4      0,00      0,00      0,55      0,00      0,00      0,00     35,16      0,00      0,00     64,29
19:29:03          5     40,00      0,00     11,00      0,00      0,00      0,00      0,00      0,00      0,00     49,00
19:29:03          6      0,00      0,00      0,00      0,00      0,00      0,00      0,00      0,00      0,00    100,00
19:29:03          7      0,00      0,00      0,50      0,00      0,00      0,00      0,00      0,00      0,00     99,50
19:29:03          8      0,00      0,00      0,00      0,00      0,00      0,00      0,00      0,00      0,00    100,00
19:29:03          9      0,00      0,00      0,00      0,00      0,00      0,00      0,00      0,00      0,00    100,00
19:29:03         10      0,00      0,00      0,00      0,00      0,00      0,00      0,00      0,00      0,00    100,00
19:29:03         11      0,50      0,00      0,00      0,00      0,00      0,00      0,00      0,00      0,00     99,50
19:29:03         12      0,00      0,00      0,00      0,00      0,00      0,00      0,00      0,00      0,00    100,00
19:29:03         13     39,30      0,00      9,95      0,00      0,00      0,00      0,00      0,00      0,00     50,75
19:29:03         14      0,00      0,00      0,50      0,00      0,00      0,00      0,00      0,00      0,00     99,50
19:29:03         15      0,00      0,00      0,00      0,00      0,00      0,00      0,00      0,00      0,00    100,00

19:29:01        IFACE   rxpck/s   txpck/s    rxkB/s    txkB/s   rxcmp/s   txcmp/s  rxmcst/s   %ifutil
19:29:03           lo      0,00      0,00      0,00      0,00      0,00      0,00      0,00      0,00
19:29:03         eno1      8,00 864862,00      0,53 108107,70      0,00      0,00      1,50     88,56
19:29:03         eno2      0,00      0,00      0,00      0,00      0,00      0,00      0,00      0,00
19:29:03      docker0      0,00      0,00      0,00      0,00      0,00      0,00      0,00      0,00
19:29:03      ens2np0 1813567,00 221563,50 219611,63  26829,92      0,00      0,00      0,00     17,99
19:29:03      ens2np1      0,00      0,00      0,00      0,00      0,00      0,00      0,00      0,00

19:29:03        CPU      %usr     %nice      %sys   %iowait    %steal      %irq     %soft    %guest    %gnice     %idle
19:29:05        all      5,34      0,00      1,13      0,00      0,00      0,00     27,10      0,00      0,00     66,43
19:29:05          0      0,00      0,00      0,00      0,00      0,00      0,00    100,00      0,00      0,00      0,00
19:29:05          1      0,00      0,00      0,00      0,00      0,00      0,00    100,00      0,00      0,00      0,00
19:29:05          2      0,00      0,00      0,00      0,00      0,00      0,00    100,00      0,00      0,00      0,00
19:29:05          3      0,00      0,00      0,00      0,00      0,00      0,00    100,00      0,00      0,00      0,00
19:29:05          4      0,56      0,00      0,00      0,00      0,00      0,00     34,64      0,00      0,00     64,80
19:29:05          5     45,27      0,00      8,46      0,00      0,00      0,00      0,00      0,00      0,00     46,27
19:29:05          6      0,50      0,00      0,00      0,00      0,00      0,00      0,00      0,00      0,00     99,50
19:29:05          7      0,50      0,00      0,00      0,00      0,00      0,00      0,00      0,00      0,00     99,50
19:29:05          8      0,00      0,00      0,00      0,00      0,00      0,00      0,00      0,00      0,00    100,00
19:29:05          9      0,00      0,00      0,00      0,00      0,00      0,00      0,00      0,00      0,00    100,00
19:29:05         10      0,50      0,00      0,00      0,00      0,00      0,00      0,00      0,00      0,00     99,50
19:29:05         11      0,00      0,00      0,00      0,00      0,00      0,00      0,00      0,00      0,00    100,00
19:29:05         12      0,50      0,00      0,00      0,00      0,00      0,00      0,00      0,00      0,00     99,50
19:29:05         13     36,68      0,00      9,55      0,00      0,00      0,00      0,00      0,00      0,00     53,77
19:29:05         14      0,00      0,00      0,00      0,00      0,00      0,00      0,00      0,00      0,00    100,00
19:29:05         15      0,50      0,00      0,00      0,00      0,00      0,00      0,00      0,00      0,00     99,50

19:29:03        IFACE   rxpck/s   txpck/s    rxkB/s    txkB/s   rxcmp/s   txcmp/s  rxmcst/s   %ifutil
19:29:05           lo      0,00      0,00      0,00      0,00      0,00      0,00      0,00      0,00
19:29:05         eno1      6,50 864860,00      0,42 108107,45      0,00      0,00      1,00     88,56
19:29:05         eno2      0,00      0,00      0,00      0,00      0,00      0,00      0,00      0,00
19:29:05      docker0      0,00      0,00      0,00      0,00      0,00      0,00      0,00      0,00
19:29:05      ens2np0 1811814,00 221089,00 219399,35  26772,42      0,00      0,00      0,00     17,97
19:29:05      ens2np1      0,00      0,00      0,00      0,00      0,00      0,00      0,00      0,00

19:29:05        CPU      %usr     %nice      %sys   %iowait    %steal      %irq     %soft    %guest    %gnice     %idle
19:29:07        all      5,15      0,00      1,16      0,00      0,00      0,00     27,28      0,00      0,00     66,42
19:29:07          0      0,00      0,00      0,50      0,00      0,00      0,00     99,50      0,00      0,00      0,00
19:29:07          1      0,00      0,00      0,00      0,00      0,00      0,00    100,00      0,00      0,00      0,00
19:29:07          2      0,00      0,00      0,00      0,00      0,00      0,00    100,00      0,00      0,00      0,00
19:29:07          3      0,00      0,00      0,00      0,00      0,00      0,00    100,00      0,00      0,00      0,00
19:29:07          4      0,00      0,00      0,00      0,00      0,00      0,00     37,23      0,00      0,00     62,77
19:29:07          5     37,50      0,00      8,00      0,00      0,00      0,00      0,00      0,00      0,00     54,50
19:29:07          6      0,00      0,00      0,00      0,00      0,00      0,00      0,00      0,00      0,00    100,00
19:29:07          7      0,00      0,00      0,00      0,00      0,00      0,00      0,00      0,00      0,00    100,00
19:29:07          8      0,00      0,00      0,00      0,00      0,00      0,00      0,00      0,00      0,00    100,00
19:29:07          9      0,00      0,00      0,00      0,00      0,00      0,00      0,00      0,00      0,00    100,00
19:29:07         10      0,00      0,00      0,00      0,00      0,00      0,00      0,00      0,00      0,00    100,00
19:29:07         11      0,00      0,00      0,00      0,00      0,00      0,00      0,00      0,00      0,00    100,00
19:29:07         12      0,00      0,00      0,00      0,00      0,00      0,00      0,00      0,00      0,00    100,00
19:29:07         13     44,50      0,00     10,00      0,00      0,00      0,00      0,00      0,00      0,00     45,50
19:29:07         14      0,00      0,00      0,00      0,00      0,00      0,00      0,00      0,00      0,00    100,00
19:29:07         15      0,00      0,00      0,00      0,00      0,00      0,00      0,00      0,00      0,00    100,00

19:29:05        IFACE   rxpck/s   txpck/s    rxkB/s    txkB/s   rxcmp/s   txcmp/s  rxmcst/s   %ifutil
19:29:07           lo      0,00      0,00      0,00      0,00      0,00      0,00      0,00      0,00
19:29:07         eno1      7,50 864564,50      0,47 108070,54      0,00      0,00      1,50     88,53
19:29:07         eno2      0,00      0,00      0,00      0,00      0,00      0,00      0,00      0,00
19:29:07      docker0      0,00      0,00      0,00      0,00      0,00      0,00      0,00      0,00
19:29:07      ens2np0 1816772,50 222099,00 219999,79  26894,76      0,00      0,00      0,00     18,02
19:29:07      ens2np1      0,00      0,00      0,00      0,00      0,00      0,00      0,00      0,00

19:29:07        CPU      %usr     %nice      %sys   %iowait    %steal      %irq     %soft    %guest    %gnice     %idle
19:29:09        all      5,33      0,00      1,54      0,00      0,00      0,00     27,35      0,00      0,00     65,79
19:29:09          0      0,00      0,00      0,50      0,00      0,00      0,00     99,50      0,00      0,00      0,00
19:29:09          1      0,00      0,00      0,00      0,00      0,00      0,00    100,00      0,00      0,00      0,00
19:29:09          2      0,00      0,00      0,00      0,00      0,00      0,00    100,00      0,00      0,00      0,00
19:29:09          3      0,00      0,00      0,00      0,00      0,00      0,00    100,00      0,00      0,00      0,00
19:29:09          4      0,00      0,00      0,53      0,00      0,00      0,00     38,95      0,00      0,00     60,53
19:29:09          5     21,11      0,00      6,03      0,00      0,00      0,00      0,00      0,00      0,00     72,86
19:29:09          6      0,99      0,00      0,99      0,00      0,00      0,00      0,00      0,00      0,00     98,02
19:29:09          7      1,50      0,00      0,50      0,00      0,00      0,00      0,00      0,00      0,00     98,00
19:29:09          8      0,50      0,00      0,00      0,00      0,00      0,00      0,00      0,00      0,00     99,50
19:29:09          9      1,00      0,00      0,00      0,00      0,00      0,00      0,00      0,00      0,00     99,00
19:29:09         10      0,00      0,00      0,00      0,00      0,00      0,00      0,00      0,00      0,00    100,00
19:29:09         11      0,00      0,00      0,00      0,00      0,00      0,00      0,00      0,00      0,00    100,00
19:29:09         12      1,49      0,00      0,50      0,00      0,00      0,00      0,00      0,00      0,00     98,01
19:29:09         13     57,50      0,00     15,50      0,00      0,00      0,00      0,00      0,00      0,00     27,00
19:29:09         14      0,50      0,00      0,00      0,00      0,00      0,00      0,00      0,00      0,00     99,50
19:29:09         15      0,50      0,00      0,00      0,00      0,00      0,00      0,00      0,00      0,00     99,50

19:29:07        IFACE   rxpck/s   txpck/s    rxkB/s    txkB/s   rxcmp/s   txcmp/s  rxmcst/s   %ifutil
19:29:09           lo      0,00      0,00      0,00      0,00      0,00      0,00      0,00      0,00
19:29:09         eno1      5,00 864860,00      0,31 108107,51      0,00      0,00      1,00     88,56
19:29:09         eno2      0,00      0,00      0,00      0,00      0,00      0,00      0,00      0,00
19:29:09      docker0      0,00      0,00      0,00      0,00      0,00      0,00      0,00      0,00
19:29:09      ens2np0 1812485,50 221358,50 219480,67  26805,05      0,00      0,00      0,00     17,98
19:29:09      ens2np1      0,00      0,00      0,00      0,00      0,00      0,00      0,00      0,00

19:29:09        CPU      %usr     %nice      %sys   %iowait    %steal      %irq     %soft    %guest    %gnice     %idle
19:29:11        all      5,37      0,00      1,07      0,00      0,00      0,00     27,15      0,00      0,00     66,40
19:29:11          0      0,00      0,00      0,00      0,00      0,00      0,00    100,00      0,00      0,00      0,00
19:29:11          1      0,00      0,00      0,00      0,00      0,00      0,00    100,00      0,00      0,00      0,00
19:29:11          2      0,00      0,00      0,00      0,00      0,00      0,00    100,00      0,00      0,00      0,00
19:29:11          3      0,00      0,00      0,00      0,00      0,00      0,00    100,00      0,00      0,00      0,00
19:29:11          4      0,00      0,00      0,00      0,00      0,00      0,00     35,56      0,00      0,00     64,44
19:29:11          5     62,19      0,00     12,44      0,00      0,00      0,00      0,00      0,00      0,00     25,37
19:29:11          6      1,49      0,00      0,00      0,00      0,00      0,00      0,00      0,00      0,00     98,51
19:29:11          7      0,00      0,00      0,50      0,00      0,00      0,00      0,00      0,00      0,00     99,50
19:29:11          8      0,00      0,00      0,00      0,00      0,00      0,00      0,00      0,00      0,00    100,00
19:29:11          9      0,00      0,00      0,00      0,00      0,00      0,00      0,00      0,00      0,00    100,00
19:29:11         10      0,00      0,00      0,00      0,00      0,00      0,00      0,00      0,00      0,00    100,00
19:29:11         11      0,00      0,00      0,00      0,00      0,00      0,00      0,00      0,00      0,00    100,00
19:29:11         12      0,50      0,00      0,00      0,00      0,00      0,00      0,00      0,00      0,00     99,50
19:29:11         13     21,11      0,00      4,02      0,00      0,00      0,00      0,00      0,00      0,00     74,87
19:29:11         14      0,00      0,00      0,00      0,00      0,00      0,00      0,00      0,00      0,00    100,00
19:29:11         15      0,00      0,00      0,00      0,00      0,00      0,00      0,00      0,00      0,00    100,00

19:29:09        IFACE   rxpck/s   txpck/s    rxkB/s    txkB/s   rxcmp/s   txcmp/s  rxmcst/s   %ifutil
19:29:11           lo      0,00      0,00      0,00      0,00      0,00      0,00      0,00      0,00
19:29:11         eno1      8,00 864859,50      0,50 108107,41      0,00      0,00      1,00     88,56
19:29:11         eno2      0,00      0,00      0,00      0,00      0,00      0,00      0,00      0,00
19:29:11      docker0      0,00      0,00      0,00      0,00      0,00      0,00      0,00      0,00
19:29:11      ens2np0 1816372,00 222513,00 219951,30  26944,85      0,00      0,00      0,00     18,02
19:29:11      ens2np1      0,00      0,00      0,00      0,00      0,00      0,00      0,00      0,00

19:29:11        CPU      %usr     %nice      %sys   %iowait    %steal      %irq     %soft    %guest    %gnice     %idle
19:29:13        all      5,28      0,00      1,07      0,00      0,00      0,00     27,12      0,00      0,00     66,53
19:29:13          0      0,00      0,00      0,00      0,00      0,00      0,00    100,00      0,00      0,00      0,00
19:29:13          1      0,00      0,00      0,00      0,00      0,00      0,00    100,00      0,00      0,00      0,00
19:29:13          2      0,00      0,00      0,00      0,00      0,00      0,00    100,00      0,00      0,00      0,00
19:29:13          3      0,00      0,00      0,00      0,00      0,00      0,00    100,00      0,00      0,00      0,00
19:29:13          4      0,00      0,00      0,00      0,00      0,00      0,00     34,83      0,00      0,00     65,17
19:29:13          5     40,00      0,00      7,50      0,00      0,00      0,00      0,00      0,00      0,00     52,50
19:29:13          6      0,00      0,00      0,00      0,00      0,00      0,00      0,00      0,00      0,00    100,00
19:29:13          7      0,00      0,00      0,00      0,00      0,00      0,00      0,00      0,00      0,00    100,00
19:29:13          8      0,00      0,00      0,00      0,00      0,00      0,00      0,00      0,00      0,00    100,00
19:29:13          9      0,00      0,00      0,00      0,00      0,00      0,00      0,00      0,00      0,00    100,00
19:29:13         10      0,00      0,00      0,00      0,00      0,00      0,00      0,00      0,00      0,00    100,00
19:29:13         11      0,50      0,00      0,00      0,00      0,00      0,00      0,00      0,00      0,00     99,50
19:29:13         12      0,00      0,00      0,50      0,00      0,00      0,00      0,00      0,00      0,00     99,50
19:29:13         13     43,50      0,00      9,00      0,00      0,00      0,00      0,00      0,00      0,00     47,50
19:29:13         14      0,00      0,00      0,00      0,00      0,00      0,00      0,00      0,00      0,00    100,00
19:29:13         15      0,00      0,00      0,00      0,00      0,00      0,00      0,00      0,00      0,00    100,00

19:29:11        IFACE   rxpck/s   txpck/s    rxkB/s    txkB/s   rxcmp/s   txcmp/s  rxmcst/s   %ifutil
19:29:13           lo      0,00      0,00      0,00      0,00      0,00      0,00      0,00      0,00
19:29:13         eno1      9,00 864862,00      0,56 108107,66      0,00      0,00      1,00     88,56
19:29:13         eno2      0,00      0,00      0,00      0,00      0,00      0,00      0,00      0,00
19:29:13      docker0      0,00      0,00      0,00      0,00      0,00      0,00      0,00      0,00
19:29:13      ens2np0 1816786,00 221843,50 220001,43  26863,78      0,00      0,00      0,00     18,02
19:29:13      ens2np1      0,00      0,00      0,00      0,00      0,00      0,00      0,00      0,00

19:29:13        CPU      %usr     %nice      %sys   %iowait    %steal      %irq     %soft    %guest    %gnice     %idle
19:29:15        all      5,18      0,00      1,13      0,03      0,00      0,00     27,19      0,00      0,00     66,47
19:29:15          0      0,00      0,00      0,00      0,00      0,00      0,00    100,00      0,00      0,00      0,00
19:29:15          1      0,00      0,00      0,00      0,00      0,00      0,00    100,00      0,00      0,00      0,00
19:29:15          2      0,00      0,00      0,00      0,00      0,00      0,00    100,00      0,00      0,00      0,00
19:29:15          3      0,00      0,00      0,00      0,00      0,00      0,00    100,00      0,00      0,00      0,00
19:29:15          4      0,00      0,00      0,00      0,00      0,00      0,00     35,87      0,00      0,00     64,13
19:29:15          5     41,21      0,00      8,04      0,00      0,00      0,00      0,00      0,00      0,00     50,75
19:29:15          6      0,00      0,00      0,50      0,00      0,00      0,00      0,00      0,00      0,00     99,50
19:29:15          7      0,00      0,00      0,00      0,50      0,00      0,00      0,00      0,00      0,00     99,50
19:29:15          8      0,00      0,00      0,00      0,00      0,00      0,00      0,00      0,00      0,00    100,00
19:29:15          9      0,00      0,00      0,00      0,00      0,00      0,00      0,00      0,00      0,00    100,00
19:29:15         10      0,00      0,00      0,00      0,00      0,00      0,00      0,00      0,00      0,00    100,00
19:29:15         11      0,00      0,00      0,00      0,00      0,00      0,00      0,00      0,00      0,00    100,00
19:29:15         12      0,00      0,00      0,00      0,00      0,00      0,00      0,00      0,00      0,00    100,00
19:29:15         13     41,29      0,00      9,45      0,00      0,00      0,00      0,00      0,00      0,00     49,25
19:29:15         14      0,00      0,00      0,00      0,00      0,00      0,00      0,00      0,00      0,00    100,00
19:29:15         15      0,00      0,00      0,00      0,00      0,00      0,00      0,00      0,00      0,00    100,00

19:29:13        IFACE   rxpck/s   txpck/s    rxkB/s    txkB/s   rxcmp/s   txcmp/s  rxmcst/s   %ifutil
19:29:15           lo      0,00      0,00      0,00      0,00      0,00      0,00      0,00      0,00
19:29:15         eno1      8,00 864860,00      0,50 108107,47      0,00      0,00      1,00     88,56
19:29:15         eno2      0,00      0,00      0,00      0,00      0,00      0,00      0,00      0,00
19:29:15      docker0      0,00      0,00      0,00      0,00      0,00      0,00      0,00      0,00
19:29:15      ens2np0 1815686,00 222622,00 219868,23  26958,09      0,00      0,00      0,00     18,01
19:29:15      ens2np1      0,00      0,00      0,00      0,00      0,00      0,00      0,00      0,00

19:29:15        CPU      %usr     %nice      %sys   %iowait    %steal      %irq     %soft    %guest    %gnice     %idle
19:29:17        all      5,03      0,00      1,32      0,00      0,00      0,00     27,11      0,00      0,00     66,54
19:29:17          0      0,00      0,00      0,00      0,00      0,00      0,00    100,00      0,00      0,00      0,00
19:29:17          1      0,00      0,00      0,00      0,00      0,00      0,00    100,00      0,00      0,00      0,00
19:29:17          2      0,00      0,00      0,00      0,00      0,00      0,00    100,00      0,00      0,00      0,00
19:29:17          3      0,00      0,00      0,00      0,00      0,00      0,00    100,00      0,00      0,00      0,00
19:29:17          4      0,00      0,00      0,00      0,00      0,00      0,00     34,81      0,00      0,00     65,19
19:29:17          5     45,50      0,00      9,50      0,00      0,00      0,00      0,00      0,00      0,00     45,00
19:29:17          6      0,00      0,00      0,00      0,00      0,00      0,00      0,00      0,00      0,00    100,00
19:29:17          7      0,00      0,00      0,00      0,00      0,00      0,00      0,00      0,00      0,00    100,00
19:29:17          8      0,00      0,00      0,00      0,00      0,00      0,00      0,00      0,00      0,00    100,00
19:29:17          9      0,00      0,00      0,00      0,00      0,00      0,00      0,00      0,00      0,00    100,00
19:29:17         10      0,00      0,00      0,00      0,00      0,00      0,00      0,00      0,00      0,00    100,00
19:29:17         11      0,00      0,00      0,00      0,00      0,00      0,00      0,00      0,00      0,00    100,00
19:29:17         12      0,50      0,00      0,00      0,00      0,00      0,00      0,00      0,00      0,00     99,50
19:29:17         13     33,50      0,00     11,50      0,00      0,00      0,00      0,00      0,00      0,00     55,00
19:29:17         14      0,50      0,00      0,00      0,00      0,00      0,00      0,00      0,00      0,00     99,50
19:29:17         15      0,00      0,00      0,00      0,00      0,00      0,00      0,00      0,00      0,00    100,00

19:29:15        IFACE   rxpck/s   txpck/s    rxkB/s    txkB/s   rxcmp/s   txcmp/s  rxmcst/s   %ifutil
19:29:17           lo      0,00      0,00      0,00      0,00      0,00      0,00      0,00      0,00
19:29:17         eno1      7,50 864860,00      0,47 108107,54      0,00      0,00      1,00     88,56
19:29:17         eno2      0,00      0,00      0,00      0,00      0,00      0,00      0,00      0,00
19:29:17      docker0      0,00      0,00      0,00      0,00      0,00      0,00      0,00      0,00
19:29:17      ens2np0 1822584,00 223985,00 220703,53  27123,10      0,00      0,00      0,00     18,08
19:29:17      ens2np1      0,00      0,00      0,00      0,00      0,00      0,00      0,00      0,00

19:29:17        CPU      %usr     %nice      %sys   %iowait    %steal      %irq     %soft    %guest    %gnice     %idle
19:29:19        all      5,64      0,00      1,13      0,00      0,00      0,00     27,08      0,00      0,00     66,15
19:29:19          0      0,00      0,00      0,00      0,00      0,00      0,00    100,00      0,00      0,00      0,00
19:29:19          1      0,00      0,00      0,00      0,00      0,00      0,00    100,00      0,00      0,00      0,00
19:29:19          2      0,00      0,00      0,00      0,00      0,00      0,00    100,00      0,00      0,00      0,00
19:29:19          3      0,00      0,00      0,00      0,00      0,00      0,00    100,00      0,00      0,00      0,00
19:29:19          4      0,56      0,00      0,00      0,00      0,00      0,00     33,90      0,00      0,00     65,54
19:29:19          5     48,26      0,00      9,45      0,00      0,00      0,00      0,00      0,00      0,00     42,29
19:29:19          6      1,51      0,00      0,50      0,00      0,00      0,00      0,00      0,00      0,00     97,99
19:29:19          7      1,00      0,00      0,00      0,00      0,00      0,00      0,00      0,00      0,00     99,00
19:29:19          8      0,00      0,00      0,00      0,00      0,00      0,00      0,00      0,00      0,00    100,00
19:29:19          9      0,00      0,00      0,00      0,00      0,00      0,00      0,00      0,00      0,00    100,00
19:29:19         10      0,50      0,00      0,00      0,00      0,00      0,00      0,00      0,00      0,00     99,50
19:29:19         11      0,00      0,00      0,50      0,00      0,00      0,00      0,00      0,00      0,00     99,50
19:29:19         12      1,00      0,00      0,50      0,00      0,00      0,00      0,00      0,00      0,00     98,50
19:29:19         13     36,00      0,00      6,50      0,00      0,00      0,00      0,00      0,00      0,00     57,50
19:29:19         14      0,00      0,00      0,00      0,00      0,00      0,00      0,00      0,00      0,00    100,00
19:29:19         15      0,50      0,00      0,50      0,00      0,00      0,00      0,00      0,00      0,00     99,00

19:29:17        IFACE   rxpck/s   txpck/s    rxkB/s    txkB/s   rxcmp/s   txcmp/s  rxmcst/s   %ifutil
19:29:19           lo      0,00      0,00      0,00      0,00      0,00      0,00      0,00      0,00
19:29:19         eno1      6,50 864861,50      0,41 108107,62      0,00      0,00      1,00     88,56
19:29:19         eno2      0,00      0,00      0,00      0,00      0,00      0,00      0,00      0,00
19:29:19      docker0      0,00      0,00      0,00      0,00      0,00      0,00      0,00      0,00
19:29:19      ens2np0 1818735,50 221920,50 220237,50  26873,15      0,00      0,00      0,00     18,04
19:29:19      ens2np1      0,00      0,00      0,00      0,00      0,00      0,00      0,00      0,00

19:29:19        CPU      %usr     %nice      %sys   %iowait    %steal      %irq     %soft    %guest    %gnice     %idle
19:29:21        all      5,22      0,00      1,10      0,00      0,00      0,00     27,25      0,00      0,00     66,44
19:29:21          0      0,00      0,00      0,50      0,00      0,00      0,00     99,50      0,00      0,00      0,00
19:29:21          1      0,00      0,00      0,00      0,00      0,00      0,00    100,00      0,00      0,00      0,00
19:29:21          2      0,00      0,00      0,00      0,00      0,00      0,00    100,00      0,00      0,00      0,00
19:29:21          3      0,00      0,00      0,00      0,00      0,00      0,00    100,00      0,00      0,00      0,00
19:29:21          4      0,00      0,00      0,00      0,00      0,00      0,00     36,76      0,00      0,00     63,24
19:29:21          5     46,50      0,00      8,00      0,00      0,00      0,00      0,00      0,00      0,00     45,50
19:29:21          6      0,00      0,00      0,00      0,00      0,00      0,00      0,00      0,00      0,00    100,00
19:29:21          7      0,00      0,00      0,00      0,00      0,00      0,00      0,00      0,00      0,00    100,00
19:29:21          8      0,00      0,00      0,00      0,00      0,00      0,00      0,00      0,00      0,00    100,00
19:29:21          9      0,00      0,00      0,00      0,00      0,00      0,00      0,00      0,00      0,00    100,00
19:29:21         10      0,00      0,00      0,00      0,00      0,00      0,00      0,00      0,00      0,00    100,00
19:29:21         11      0,00      0,00      0,00      0,00      0,00      0,00      0,00      0,00      0,00    100,00
19:29:21         12      0,00      0,00      0,50      0,00      0,00      0,00      0,00      0,00      0,00     99,50
19:29:21         13     36,87      0,00      8,59      0,00      0,00      0,00      0,00      0,00      0,00     54,55
19:29:21         14      0,00      0,00      0,00      0,00      0,00      0,00      0,00      0,00      0,00    100,00
19:29:21         15      0,00      0,00      0,00      0,00      0,00      0,00      0,00      0,00      0,00    100,00

19:29:19        IFACE   rxpck/s   txpck/s    rxkB/s    txkB/s   rxcmp/s   txcmp/s  rxmcst/s   %ifutil
19:29:21           lo      0,00      0,00      0,00      0,00      0,00      0,00      0,00      0,00
19:29:21         eno1      8,00 864859,50      0,56 108107,35      0,00      0,00      2,00     88,56
19:29:21         eno2      0,00      0,00      0,00      0,00      0,00      0,00      0,00      0,00
19:29:21      docker0      0,00      0,00      0,00      0,00      0,00      0,00      0,00      0,00
19:29:21      ens2np0 1822676,00 223393,00 220714,67  27051,42      0,00      0,00      0,00     18,08
19:29:21      ens2np1      0,00      0,00      0,00      0,00      0,00      0,00      0,00      0,00

19:29:21        CPU      %usr     %nice      %sys   %iowait    %steal      %irq     %soft    %guest    %gnice     %idle
19:29:23        all      5,16      0,00      1,19      0,03      0,00      0,00     27,14      0,00      0,00     66,48
19:29:23          0      0,00      0,00      0,50      0,00      0,00      0,00     99,50      0,00      0,00      0,00
19:29:23          1      0,00      0,00      0,00      0,00      0,00      0,00    100,00      0,00      0,00      0,00
19:29:23          2      0,00      0,00      0,00      0,00      0,00      0,00    100,00      0,00      0,00      0,00
19:29:23          3      0,00      0,00      0,00      0,00      0,00      0,00    100,00      0,00      0,00      0,00
19:29:23          4      0,00      0,00      0,00      0,00      0,00      0,00     35,20      0,00      0,00     64,80
19:29:23          5     55,00      0,00     14,00      0,00      0,00      0,00      0,00      0,00      0,00     31,00
19:29:23          6      0,00      0,00      0,00      0,00      0,00      0,00      0,00      0,00      0,00    100,00
19:29:23          7      0,00      0,00      0,00      0,00      0,00      0,00      0,00      0,00      0,00    100,00
19:29:23          8      0,00      0,00      0,00      0,00      0,00      0,00      0,00      0,00      0,00    100,00
19:29:23          9      0,00      0,00      0,00      0,00      0,00      0,00      0,00      0,00      0,00    100,00
19:29:23         10      0,00      0,00      0,00      0,00      0,00      0,00      0,00      0,00      0,00    100,00
19:29:23         11      0,00      0,00      0,00      0,00      0,00      0,00      0,00      0,00      0,00    100,00
19:29:23         12      0,00      0,00      0,00      0,00      0,00      0,00      0,00      0,00      0,00    100,00
19:29:23         13     26,73      0,00      4,46      0,00      0,00      0,00      0,00      0,00      0,00     68,81
19:29:23         14      0,00      0,00      0,00      0,50      0,00      0,00      0,00      0,00      0,00     99,50
19:29:23         15      0,00      0,00      0,00      0,00      0,00      0,00      0,00      0,00      0,00    100,00

19:29:21        IFACE   rxpck/s   txpck/s    rxkB/s    txkB/s   rxcmp/s   txcmp/s  rxmcst/s   %ifutil
19:29:23           lo      0,00      0,00      0,00      0,00      0,00      0,00      0,00      0,00
19:29:23         eno1      7,00 862271,50      0,44 107783,87      0,00      0,00      1,00     88,30
19:29:23         eno2      0,00      0,00      0,00      0,00      0,00      0,00      0,00      0,00
19:29:23      docker0      0,00      0,00      0,00      0,00      0,00      0,00      0,00      0,00
19:29:23      ens2np0 1822084,50 221824,50 220643,04  26861,52      0,00      0,00      0,00     18,08
19:29:23      ens2np1      0,00      0,00      0,00      0,00      0,00      0,00      0,00      0,00

Average:        CPU      %usr     %nice      %sys   %iowait    %steal      %irq     %soft    %guest    %gnice     %idle
Average:        all      5,49      0,00      0,94      0,01      0,00      0,00     21,32      0,00      0,00     72,25
Average:          0      0,02      0,00      0,16      0,00      0,00      0,00     78,27      0,00      0,00     21,55
Average:          1      0,08      0,00      0,00      0,00      0,00      0,00     78,40      0,00      0,00     21,52
Average:          2      0,02      0,00      0,00      0,00      0,00      0,00     78,38      0,00      0,00     21,60
Average:          3      0,02      0,00      0,02      0,00      0,00      0,00     78,40      0,00      0,00     21,56
Average:          4      0,06      0,00      0,06      0,02      0,00      0,00     28,07      0,00      0,00     71,78
Average:          5     44,81      0,00      6,76      0,00      0,00      0,00      0,00      0,00      0,00     48,43
Average:          6      0,28      0,00      0,16      0,00      0,00      0,00      0,00      0,00      0,00     99,56
Average:          7      0,18      0,00      0,12      0,02      0,00      0,00      0,00      0,00      0,00     99,68
Average:          8      0,08      0,00      0,00      0,00      0,00      0,00      0,00      0,00      0,00     99,92
Average:          9      0,10      0,00      0,04      0,00      0,00      0,00      0,00      0,00      0,00     99,86
Average:         10      0,08      0,00      0,02      0,00      0,00      0,00      0,00      0,00      0,00     99,90
Average:         11      0,10      0,00      0,02      0,00      0,00      0,00      0,00      0,00      0,00     99,88
Average:         12      0,22      0,00      0,14      0,00      0,00      0,00      0,00      0,00      0,00     99,64
Average:         13     41,16      0,00      7,36      0,00      0,00      0,00      0,00      0,00      0,00     51,48
Average:         14      0,12      0,00      0,06      0,06      0,00      0,00      0,00      0,00      0,00     99,76
Average:         15      0,16      0,00      0,06      0,00      0,00      0,00      0,00      0,00      0,00     99,78

Average:        IFACE   rxpck/s   txpck/s    rxkB/s    txkB/s   rxcmp/s   txcmp/s  rxmcst/s   %ifutil
Average:           lo      0,00      0,00      0,00      0,00      0,00      0,00      0,00      0,00
Average:         eno1      7,88 653956,74      0,60  81744,57      0,00      0,00      1,18     66,97
Average:         eno2      0,00      0,00      0,00      0,00      0,00      0,00      0,00      0,00
Average:      docker0      0,00      0,00      0,00      0,00      0,00      0,00      0,00      0,00
Average:      ens2np0 1423996,48 174084,36 172437,07  21079,00      0,00      0,00      0,00     14,13
Average:      ens2np1      0,00      0,00      0,00      0,00      0,00      0,00      0,00      0,00
