Linux 5.13.0-52-generic (w1) 	22/07/2022 	_x86_64_	(16 CPU)

20:03:17        CPU      %usr     %nice      %sys   %iowait    %steal      %irq     %soft    %guest    %gnice     %idle
20:03:19        all      6,69      0,00      0,16      0,03      0,00      0,00      0,00      0,00      0,00     93,12
20:03:19          0      0,50      0,00      0,50      0,00      0,00      0,00      0,00      0,00      0,00     99,00
20:03:19          1      1,00      0,00      0,50      0,00      0,00      0,00      0,00      0,00      0,00     98,50
20:03:19          2      0,00      0,00      0,00      0,00      0,00      0,00      0,00      0,00      0,00    100,00
20:03:19          3      0,00      0,00      0,50      0,00      0,00      0,00      0,00      0,00      0,00     99,50
20:03:19          4      1,00      0,00      0,50      0,00      0,00      0,00      0,00      0,00      0,00     98,51
20:03:19          5     88,56      0,00      0,00      0,00      0,00      0,00      0,00      0,00      0,00     11,44
20:03:19          6      0,00      0,00      0,50      0,00      0,00      0,00      0,00      0,00      0,00     99,50
20:03:19          7      0,00      0,00      0,00      0,00      0,00      0,00      0,00      0,00      0,00    100,00
20:03:19          8      0,00      0,00      0,00      0,00      0,00      0,00      0,00      0,00      0,00    100,00
20:03:19          9      1,00      0,00      0,00      0,00      0,00      0,00      0,00      0,00      0,00     99,00
20:03:19         10      1,50      0,00      0,00      0,00      0,00      0,00      0,00      0,00      0,00     98,50
20:03:19         11      0,00      0,00      0,00      0,00      0,00      0,00      0,00      0,00      0,00    100,00
20:03:19         12      1,01      0,00      0,00      0,00      0,00      0,00      0,00      0,00      0,00     98,99
20:03:19         13     11,50      0,00      0,00      0,00      0,00      0,00      0,00      0,00      0,00     88,50
20:03:19         14      0,00      0,00      0,00      0,50      0,00      0,00      0,00      0,00      0,00     99,50
20:03:19         15      0,50      0,00      0,00      0,00      0,00      0,00      0,00      0,00      0,00     99,50

20:03:17        IFACE   rxpck/s   txpck/s    rxkB/s    txkB/s   rxcmp/s   txcmp/s  rxmcst/s   %ifutil
20:03:19           lo      0,00      0,00      0,00      0,00      0,00      0,00      0,00      0,00
20:03:19         eno1     19,50     16,50      3,55      3,22      0,00      0,00      1,00      0,00
20:03:19         eno2      0,00      0,00      0,00      0,00      0,00      0,00      0,00      0,00
20:03:19      docker0      0,00      0,00      0,00      0,00      0,00      0,00      0,00      0,00
20:03:19      ens2np0      0,00      0,00      0,00      0,00      0,00      0,00      0,00      0,00
20:03:19      ens2np1      0,00      0,00      0,00      0,00      0,00      0,00      0,00      0,00

20:03:19        CPU      %usr     %nice      %sys   %iowait    %steal      %irq     %soft    %guest    %gnice     %idle
20:03:21        all      6,25      0,00      0,00      0,03      0,00      0,00      0,00      0,00      0,00     93,72
20:03:21          0      0,00      0,00      0,00      0,50      0,00      0,00      0,00      0,00      0,00     99,50
20:03:21          1      0,00      0,00      0,00      0,00      0,00      0,00      0,00      0,00      0,00    100,00
20:03:21          2      0,00      0,00      0,00      0,00      0,00      0,00      0,00      0,00      0,00    100,00
20:03:21          3      0,00      0,00      0,00      0,00      0,00      0,00      0,00      0,00      0,00    100,00
20:03:21          4      0,00      0,00      0,00      0,00      0,00      0,00      0,00      0,00      0,00    100,00
20:03:21          5      0,00      0,00      0,00      0,00      0,00      0,00      0,00      0,00      0,00    100,00
20:03:21          6      0,00      0,00      0,00      0,00      0,00      0,00      0,00      0,00      0,00    100,00
20:03:21          7      0,00      0,00      0,00      0,00      0,00      0,00      0,00      0,00      0,00    100,00
20:03:21          8      0,00      0,00      0,00      0,00      0,00      0,00      0,00      0,00      0,00    100,00
20:03:21          9      0,00      0,00      0,00      0,00      0,00      0,00      0,00      0,00      0,00    100,00
20:03:21         10      0,00      0,00      0,00      0,00      0,00      0,00      0,00      0,00      0,00    100,00
20:03:21         11      0,00      0,00      0,00      0,00      0,00      0,00      0,00      0,00      0,00    100,00
20:03:21         12      0,00      0,00      0,00      0,00      0,00      0,00      0,00      0,00      0,00    100,00
20:03:21         13    100,00      0,00      0,00      0,00      0,00      0,00      0,00      0,00      0,00      0,00
20:03:21         14      0,00      0,00      0,00      0,00      0,00      0,00      0,00      0,00      0,00    100,00
20:03:21         15      0,00      0,00      0,00      0,00      0,00      0,00      0,00      0,00      0,00    100,00

20:03:19        IFACE   rxpck/s   txpck/s    rxkB/s    txkB/s   rxcmp/s   txcmp/s  rxmcst/s   %ifutil
20:03:21           lo      0,00      0,00      0,00      0,00      0,00      0,00      0,00      0,00
20:03:21         eno1      5,00      0,00      0,37      0,00      0,00      0,00      2,00      0,00
20:03:21         eno2      0,00      0,00      0,00      0,00      0,00      0,00      0,00      0,00
20:03:21      docker0      0,00      0,00      0,00      0,00      0,00      0,00      0,00      0,00
20:03:21      ens2np0      0,00      0,00      0,00      0,00      0,00      0,00      0,00      0,00
20:03:21      ens2np1      0,00      0,00      0,00      0,00      0,00      0,00      0,00      0,00

20:03:21        CPU      %usr     %nice      %sys   %iowait    %steal      %irq     %soft    %guest    %gnice     %idle
20:03:23        all      6,31      0,00      0,03      0,00      0,00      0,00      0,00      0,00      0,00     93,66
20:03:23          0      0,00      0,00      0,00      0,00      0,00      0,00      0,00      0,00      0,00    100,00
20:03:23          1      0,00      0,00      0,00      0,00      0,00      0,00      0,00      0,00      0,00    100,00
20:03:23          2      0,00      0,00      0,00      0,00      0,00      0,00      0,00      0,00      0,00    100,00
20:03:23          3      0,00      0,00      0,00      0,00      0,00      0,00      0,00      0,00      0,00    100,00
20:03:23          4      0,50      0,00      0,00      0,00      0,00      0,00      0,00      0,00      0,00     99,50
20:03:23          5      0,00      0,00      0,00      0,00      0,00      0,00      0,00      0,00      0,00    100,00
20:03:23          6      0,50      0,00      0,00      0,00      0,00      0,00      0,00      0,00      0,00     99,50
20:03:23          7      0,00      0,00      0,00      0,00      0,00      0,00      0,00      0,00      0,00    100,00
20:03:23          8      0,00      0,00      0,00      0,00      0,00      0,00      0,00      0,00      0,00    100,00
20:03:23          9      0,00      0,00      0,00      0,00      0,00      0,00      0,00      0,00      0,00    100,00
20:03:23         10      0,00      0,00      0,00      0,00      0,00      0,00      0,00      0,00      0,00    100,00
20:03:23         11      0,00      0,00      0,00      0,00      0,00      0,00      0,00      0,00      0,00    100,00
20:03:23         12      0,00      0,00      0,00      0,00      0,00      0,00      0,00      0,00      0,00    100,00
20:03:23         13    100,00      0,00      0,00      0,00      0,00      0,00      0,00      0,00      0,00      0,00
20:03:23         14      0,00      0,00      0,50      0,00      0,00      0,00      0,00      0,00      0,00     99,50
20:03:23         15      0,00      0,00      0,00      0,00      0,00      0,00      0,00      0,00      0,00    100,00

20:03:21        IFACE   rxpck/s   txpck/s    rxkB/s    txkB/s   rxcmp/s   txcmp/s  rxmcst/s   %ifutil
20:03:23           lo      0,00      0,00      0,00      0,00      0,00      0,00      0,00      0,00
20:03:23         eno1     10,00      4,00      1,12      0,97      0,00      0,00      1,00      0,00
20:03:23         eno2      0,00      0,00      0,00      0,00      0,00      0,00      0,00      0,00
20:03:23      docker0      0,00      0,00      0,00      0,00      0,00      0,00      0,00      0,00
20:03:23      ens2np0      0,00      0,00      0,00      0,00      0,00      0,00      0,00      0,00
20:03:23      ens2np1      0,00      0,00      0,00      0,00      0,00      0,00      0,00      0,00

20:03:23        CPU      %usr     %nice      %sys   %iowait    %steal      %irq     %soft    %guest    %gnice     %idle
20:03:25        all      6,50      0,00      0,00      0,00      0,00      0,00      0,03      0,00      0,00     93,47
20:03:25          0      0,00      0,00      0,00      0,00      0,00      0,00      0,50      0,00      0,00     99,50
20:03:25          1      0,00      0,00      0,00      0,00      0,00      0,00      0,00      0,00      0,00    100,00
20:03:25          2      0,50      0,00      0,00      0,00      0,00      0,00      0,00      0,00      0,00     99,50
20:03:25          3      0,00      0,00      0,00      0,00      0,00      0,00      0,00      0,00      0,00    100,00
20:03:25          4      1,00      0,00      0,00      0,00      0,00      0,00      0,00      0,00      0,00     99,00
20:03:25          5      0,00      0,00      0,00      0,00      0,00      0,00      0,00      0,00      0,00    100,00
20:03:25          6      0,00      0,00      0,00      0,00      0,00      0,00      0,00      0,00      0,00    100,00
20:03:25          7      0,50      0,00      0,00      0,00      0,00      0,00      0,00      0,00      0,00     99,50
20:03:25          8      0,00      0,00      0,00      0,00      0,00      0,00      0,00      0,00      0,00    100,00
20:03:25          9      0,00      0,00      0,00      0,00      0,00      0,00      0,00      0,00      0,00    100,00
20:03:25         10      0,00      0,00      0,00      0,00      0,00      0,00      0,00      0,00      0,00    100,00
20:03:25         11      0,50      0,00      0,00      0,00      0,00      0,00      0,00      0,00      0,00     99,50
20:03:25         12      0,50      0,00      0,00      0,00      0,00      0,00      0,00      0,00      0,00     99,50
20:03:25         13    100,00      0,00      0,00      0,00      0,00      0,00      0,00      0,00      0,00      0,00
20:03:25         14      0,50      0,00      0,00      0,00      0,00      0,00      0,00      0,00      0,00     99,50
20:03:25         15      0,50      0,00      0,00      0,00      0,00      0,00      0,00      0,00      0,00     99,50

20:03:23        IFACE   rxpck/s   txpck/s    rxkB/s    txkB/s   rxcmp/s   txcmp/s  rxmcst/s   %ifutil
20:03:25           lo      0,00      0,00      0,00      0,00      0,00      0,00      0,00      0,00
20:03:25         eno1      6,00      3,50      0,63      0,31      0,00      0,00      1,00      0,00
20:03:25         eno2      0,00      0,00      0,00      0,00      0,00      0,00      0,00      0,00
20:03:25      docker0      0,00      0,00      0,00      0,00      0,00      0,00      0,00      0,00
20:03:25      ens2np0      0,00      0,00      0,00      0,00      0,00      0,00      0,00      0,00
20:03:25      ens2np1      0,00      0,00      0,00      0,00      0,00      0,00      0,00      0,00

20:03:25        CPU      %usr     %nice      %sys   %iowait    %steal      %irq     %soft    %guest    %gnice     %idle
20:03:27        all      6,25      0,00      0,03      0,00      0,00      0,00      0,00      0,00      0,00     93,72
20:03:27          0      0,00      0,00      0,00      0,00      0,00      0,00      0,00      0,00      0,00    100,00
20:03:27          1      0,00      0,00      0,00      0,00      0,00      0,00      0,00      0,00      0,00    100,00
20:03:27          2      0,00      0,00      0,00      0,00      0,00      0,00      0,00      0,00      0,00    100,00
20:03:27          3      0,00      0,00      0,00      0,00      0,00      0,00      0,00      0,00      0,00    100,00
20:03:27          4      0,00      0,00      0,00      0,00      0,00      0,00      0,00      0,00      0,00    100,00
20:03:27          5      0,00      0,00      0,00      0,00      0,00      0,00      0,00      0,00      0,00    100,00
20:03:27          6      0,00      0,00      0,00      0,00      0,00      0,00      0,00      0,00      0,00    100,00
20:03:27          7      0,00      0,00      0,00      0,00      0,00      0,00      0,00      0,00      0,00    100,00
20:03:27          8      0,00      0,00      0,00      0,00      0,00      0,00      0,00      0,00      0,00    100,00
20:03:27          9      0,00      0,00      0,00      0,00      0,00      0,00      0,00      0,00      0,00    100,00
20:03:27         10      0,00      0,00      0,00      0,00      0,00      0,00      0,00      0,00      0,00    100,00
20:03:27         11      0,00      0,00      0,00      0,00      0,00      0,00      0,00      0,00      0,00    100,00
20:03:27         12      0,00      0,00      0,00      0,00      0,00      0,00      0,00      0,00      0,00    100,00
20:03:27         13    100,00      0,00      0,00      0,00      0,00      0,00      0,00      0,00      0,00      0,00
20:03:27         14      0,00      0,00      0,50      0,00      0,00      0,00      0,00      0,00      0,00     99,50
20:03:27         15      0,00      0,00      0,00      0,00      0,00      0,00      0,00      0,00      0,00    100,00

20:03:25        IFACE   rxpck/s   txpck/s    rxkB/s    txkB/s   rxcmp/s   txcmp/s  rxmcst/s   %ifutil
20:03:27           lo      0,00      0,00      0,00      0,00      0,00      0,00      0,00      0,00
20:03:27         eno1      2,00      0,00      0,13      0,00      0,00      0,00      0,50      0,00
20:03:27         eno2      0,00      0,00      0,00      0,00      0,00      0,00      0,00      0,00
20:03:27      docker0      0,00      0,00      0,00      0,00      0,00      0,00      0,00      0,00
20:03:27      ens2np0      0,00      0,00      0,00      0,00      0,00      0,00      0,00      0,00
20:03:27      ens2np1      0,00      0,00      0,00      0,00      0,00      0,00      0,00      0,00

20:03:27        CPU      %usr     %nice      %sys   %iowait    %steal      %irq     %soft    %guest    %gnice     %idle
20:03:29        all      6,25      0,00      0,16      0,00      0,00      0,00     12,41      0,00      0,00     81,19
20:03:29          0      0,53      0,00      0,00      0,00      0,00      0,00     28,04      0,00      0,00     71,43
20:03:29          1      0,00      0,00      0,00      0,00      0,00      0,00     55,50      0,00      0,00     44,50
20:03:29          2      0,00      0,00      0,00      0,00      0,00      0,00     55,50      0,00      0,00     44,50
20:03:29          3      0,00      0,00      0,00      0,00      0,00      0,00     55,50      0,00      0,00     44,50
20:03:29          4      0,00      0,00      0,00      0,00      0,00      0,00      3,87      0,00      0,00     96,13
20:03:29          5     46,77      0,00      1,99      0,00      0,00      0,00      0,00      0,00      0,00     51,24
20:03:29          6      0,00      0,00      0,50      0,00      0,00      0,00      0,00      0,00      0,00     99,50
20:03:29          7      0,50      0,00      0,00      0,00      0,00      0,00      0,00      0,00      0,00     99,50
20:03:29          8      0,00      0,00      0,00      0,00      0,00      0,00      0,00      0,00      0,00    100,00
20:03:29          9      0,00      0,00      0,00      0,00      0,00      0,00      0,00      0,00      0,00    100,00
20:03:29         10      0,00      0,00      0,00      0,00      0,00      0,00      0,00      0,00      0,00    100,00
20:03:29         11      0,00      0,00      0,00      0,00      0,00      0,00      0,00      0,00      0,00    100,00
20:03:29         12      0,00      0,00      0,00      0,00      0,00      0,00      0,00      0,00      0,00    100,00
20:03:29         13     51,26      0,00      0,00      0,00      0,00      0,00      0,00      0,00      0,00     48,74
20:03:29         14      0,00      0,00      0,00      0,00      0,00      0,00      0,00      0,00      0,00    100,00
20:03:29         15      0,00      0,00      0,00      0,00      0,00      0,00      0,00      0,00      0,00    100,00

20:03:27        IFACE   rxpck/s   txpck/s    rxkB/s    txkB/s   rxcmp/s   txcmp/s  rxmcst/s   %ifutil
20:03:29           lo      0,00      0,00      0,00      0,00      0,00      0,00      0,00      0,00
20:03:29         eno1      7,00  17916,50      0,58   8957,25      0,00      0,00      1,00      7,34
20:03:29         eno2      0,00      0,00      0,00      0,00      0,00      0,00      0,00      0,00
20:03:29      docker0      0,00      0,00      0,00      0,00      0,00      0,00      0,00      0,00
20:03:29      ens2np0 758078,00  20481,00 376077,76  10055,95      0,00      0,00      0,00     30,81
20:03:29      ens2np1      0,00      0,00      0,00      0,00      0,00      0,00      0,00      0,00

20:03:29        CPU      %usr     %nice      %sys   %iowait    %steal      %irq     %soft    %guest    %gnice     %idle
20:03:31        all      6,47      0,00      0,32      0,00      0,00      0,00     22,65      0,00      0,00     70,57
20:03:31          0      0,00      0,00      0,00      0,00      0,00      0,00     52,25      0,00      0,00     47,75
20:03:31          1      0,00      0,00      0,00      0,00      0,00      0,00    100,00      0,00      0,00      0,00
20:03:31          2      0,00      0,00      0,00      0,00      0,00      0,00    100,00      0,00      0,00      0,00
20:03:31          3      0,00      0,00      0,00      0,00      0,00      0,00    100,00      0,00      0,00      0,00
20:03:31          4      0,57      0,00      0,57      0,00      0,00      0,00     12,00      0,00      0,00     86,86
20:03:31          5     93,50      0,00      3,50      0,00      0,00      0,00      0,00      0,00      0,00      3,00
20:03:31          6      0,50      0,00      0,00      0,00      0,00      0,00      0,00      0,00      0,00     99,50
20:03:31          7      1,00      0,00      0,50      0,00      0,00      0,00      0,00      0,00      0,00     98,51
20:03:31          8      0,50      0,00      0,00      0,00      0,00      0,00      0,00      0,00      0,00     99,50
20:03:31          9      0,50      0,00      0,00      0,00      0,00      0,00      0,00      0,00      0,00     99,50
20:03:31         10      0,00      0,00      0,00      0,00      0,00      0,00      0,00      0,00      0,00    100,00
20:03:31         11      0,00      0,00      0,00      0,00      0,00      0,00      0,00      0,00      0,00    100,00
20:03:31         12      1,01      0,00      0,00      0,00      0,00      0,00      0,00      0,00      0,00     98,99
20:03:31         13      2,99      0,00      0,50      0,00      0,00      0,00      0,00      0,00      0,00     96,52
20:03:31         14      1,01      0,00      0,00      0,00      0,00      0,00      0,00      0,00      0,00     98,99
20:03:31         15      0,50      0,00      0,00      0,00      0,00      0,00      0,00      0,00      0,00     99,50

20:03:29        IFACE   rxpck/s   txpck/s    rxkB/s    txkB/s   rxcmp/s   txcmp/s  rxmcst/s   %ifutil
20:03:31           lo      0,00      0,00      0,00      0,00      0,00      0,00      0,00      0,00
20:03:31         eno1      6,00 240600,50      0,52 120300,07      0,00      0,00      1,50     98,55
20:03:31         eno2      0,00      0,00      0,00      0,00      0,00      0,00      0,00      0,00
20:03:31      docker0      0,00      0,00      0,00      0,00      0,00      0,00      0,00      0,00
20:03:31      ens2np0 1365402,50  36784,50 677367,65  18248,33      0,00      0,00      0,00     55,49
20:03:31      ens2np1      0,00      0,00      0,00      0,00      0,00      0,00      0,00      0,00

20:03:31        CPU      %usr     %nice      %sys   %iowait    %steal      %irq     %soft    %guest    %gnice     %idle
20:03:33        all      6,23      0,00      0,19      0,00      0,00      0,00     22,47      0,00      0,00     71,11
20:03:33          0      0,00      0,00      0,00      0,00      0,00      0,00     51,41      0,00      0,00     48,59
20:03:33          1      0,00      0,00      0,00      0,00      0,00      0,00    100,00      0,00      0,00      0,00
20:03:33          2      0,00      0,00      0,00      0,00      0,00      0,00    100,00      0,00      0,00      0,00
20:03:33          3      0,00      0,00      0,00      0,00      0,00      0,00    100,00      0,00      0,00      0,00
20:03:33          4      0,00      0,00      0,00      0,00      0,00      0,00      9,47      0,00      0,00     90,53
20:03:33          5     95,48      0,00      2,51      0,00      0,00      0,00      0,00      0,00      0,00      2,01
20:03:33          6      0,00      0,00      0,00      0,00      0,00      0,00      0,00      0,00      0,00    100,00
20:03:33          7      0,00      0,00      0,00      0,00      0,00      0,00      0,00      0,00      0,00    100,00
20:03:33          8      0,50      0,00      0,00      0,00      0,00      0,00      0,00      0,00      0,00     99,50
20:03:33          9      0,00      0,00      0,00      0,00      0,00      0,00      0,00      0,00      0,00    100,00
20:03:33         10      0,00      0,00      0,00      0,00      0,00      0,00      0,00      0,00      0,00    100,00
20:03:33         11      0,00      0,00      0,00      0,00      0,00      0,00      0,00      0,00      0,00    100,00
20:03:33         12      0,00      0,00      0,00      0,00      0,00      0,00      0,00      0,00      0,00    100,00
20:03:33         13      2,50      0,00      0,00      0,00      0,00      0,00      0,00      0,00      0,00     97,50
20:03:33         14      0,00      0,00      0,50      0,00      0,00      0,00      0,00      0,00      0,00     99,50
20:03:33         15      0,00      0,00      0,00      0,00      0,00      0,00      0,00      0,00      0,00    100,00

20:03:31        IFACE   rxpck/s   txpck/s    rxkB/s    txkB/s   rxcmp/s   txcmp/s  rxmcst/s   %ifutil
20:03:33           lo      0,00      0,00      0,00      0,00      0,00      0,00      0,00      0,00
20:03:33         eno1      6,50 240601,00      0,55 120300,33      0,00      0,00      1,00     98,55
20:03:33         eno2      0,00      0,00      0,00      0,00      0,00      0,00      0,00      0,00
20:03:33      docker0      0,00      0,00      0,00      0,00      0,00      0,00      0,00      0,00
20:03:33      ens2np0 1367793,00  36801,00 678553,56  18256,29      0,00      0,00      0,00     55,59
20:03:33      ens2np1      0,00      0,00      0,00      0,00      0,00      0,00      0,00      0,00

20:03:33        CPU      %usr     %nice      %sys   %iowait    %steal      %irq     %soft    %guest    %gnice     %idle
20:03:35        all      6,11      0,00      0,29      0,00      0,00      0,00     22,35      0,00      0,00     71,25
20:03:35          0      0,00      0,00      0,00      0,00      0,00      0,00     50,29      0,00      0,00     49,71
20:03:35          1      0,00      0,00      0,00      0,00      0,00      0,00    100,00      0,00      0,00      0,00
20:03:35          2      0,00      0,00      0,00      0,00      0,00      0,00    100,00      0,00      0,00      0,00
20:03:35          3      0,00      0,00      0,00      0,00      0,00      0,00    100,00      0,00      0,00      0,00
20:03:35          4      0,00      0,00      0,00      0,00      0,00      0,00      9,47      0,00      0,00     90,53
20:03:35          5     95,02      0,00      4,48      0,00      0,00      0,00      0,00      0,00      0,00      0,50
20:03:35          6      0,00      0,00      0,00      0,00      0,00      0,00      0,00      0,00      0,00    100,00
20:03:35          7      0,00      0,00      0,00      0,00      0,00      0,00      0,00      0,00      0,00    100,00
20:03:35          8      0,00      0,00      0,00      0,00      0,00      0,00      0,00      0,00      0,00    100,00
20:03:35          9      0,00      0,00      0,00      0,00      0,00      0,00      0,00      0,00      0,00    100,00
20:03:35         10      0,00      0,00      0,00      0,00      0,00      0,00      0,00      0,00      0,00    100,00
20:03:35         11      0,00      0,00      0,00      0,00      0,00      0,00      0,00      0,00      0,00    100,00
20:03:35         12      0,00      0,00      0,00      0,00      0,00      0,00      0,00      0,00      0,00    100,00
20:03:35         13      0,00      0,00      0,00      0,00      0,00      0,00      0,00      0,00      0,00    100,00
20:03:35         14      0,50      0,00      0,00      0,00      0,00      0,00      0,00      0,00      0,00     99,50
20:03:35         15      0,00      0,00      0,00      0,00      0,00      0,00      0,00      0,00      0,00    100,00

20:03:33        IFACE   rxpck/s   txpck/s    rxkB/s    txkB/s   rxcmp/s   txcmp/s  rxmcst/s   %ifutil
20:03:35           lo      0,00      0,00      0,00      0,00      0,00      0,00      0,00      0,00
20:03:35         eno1      7,50 240601,00      0,52 120300,08      0,00      0,00      1,00     98,55
20:03:35         eno2      0,00      0,00      0,00      0,00      0,00      0,00      0,00      0,00
20:03:35      docker0      0,00      0,00      0,00      0,00      0,00      0,00      0,00      0,00
20:03:35      ens2np0 1367526,50  36800,50 678421,35  18256,27      0,00      0,00      0,00     55,58
20:03:35      ens2np1      0,00      0,00      0,00      0,00      0,00      0,00      0,00      0,00

20:03:35        CPU      %usr     %nice      %sys   %iowait    %steal      %irq     %soft    %guest    %gnice     %idle
20:03:37        all      6,08      0,00      0,32      0,00      0,00      0,00     22,42      0,00      0,00     71,18
20:03:37          0      0,00      0,00      0,00      0,00      0,00      0,00     51,69      0,00      0,00     48,31
20:03:37          1      0,00      0,00      0,00      0,00      0,00      0,00    100,00      0,00      0,00      0,00
20:03:37          2      0,00      0,00      0,00      0,00      0,00      0,00    100,00      0,00      0,00      0,00
20:03:37          3      0,00      0,00      0,00      0,00      0,00      0,00    100,00      0,00      0,00      0,00
20:03:37          4      0,00      0,00      0,00      0,00      0,00      0,00      7,78      0,00      0,00     92,22
20:03:37          5     95,98      0,00      4,02      0,00      0,00      0,00      0,00      0,00      0,00      0,00
20:03:37          6      0,00      0,00      0,00      0,00      0,00      0,00      0,00      0,00      0,00    100,00
20:03:37          7      0,00      0,00      0,00      0,00      0,00      0,00      0,00      0,00      0,00    100,00
20:03:37          8      0,00      0,00      0,50      0,00      0,00      0,00      0,00      0,00      0,00     99,50
20:03:37          9      0,00      0,00      0,50      0,00      0,00      0,00      0,00      0,00      0,00     99,50
20:03:37         10      0,00      0,00      0,00      0,00      0,00      0,00      0,00      0,00      0,00    100,00
20:03:37         11      0,00      0,00      0,00      0,00      0,00      0,00      0,00      0,00      0,00    100,00
20:03:37         12      0,00      0,00      0,00      0,00      0,00      0,00      0,00      0,00      0,00    100,00
20:03:37         13      0,00      0,00      0,00      0,00      0,00      0,00      0,00      0,00      0,00    100,00
20:03:37         14      0,00      0,00      0,00      0,00      0,00      0,00      0,00      0,00      0,00    100,00
20:03:37         15      0,00      0,00      0,00      0,00      0,00      0,00      0,00      0,00      0,00    100,00

20:03:35        IFACE   rxpck/s   txpck/s    rxkB/s    txkB/s   rxcmp/s   txcmp/s  rxmcst/s   %ifutil
20:03:37           lo      0,00      0,00      0,00      0,00      0,00      0,00      0,00      0,00
20:03:37         eno1      6,00 240600,50      0,43 120299,79      0,00      0,00      1,00     98,55
20:03:37         eno2      0,00      0,00      0,00      0,00      0,00      0,00      0,00      0,00
20:03:37      docker0      0,00      0,00      0,00      0,00      0,00      0,00      0,00      0,00
20:03:37      ens2np0 1368505,00  36833,00 678906,78  18272,17      0,00      0,00      0,00     55,62
20:03:37      ens2np1      0,00      0,00      0,00      0,00      0,00      0,00      0,00      0,00

20:03:37        CPU      %usr     %nice      %sys   %iowait    %steal      %irq     %soft    %guest    %gnice     %idle
20:03:39        all      6,21      0,00      0,16      0,03      0,00      0,00     22,64      0,00      0,00     70,96
20:03:39          0      0,00      0,00      0,00      0,00      0,00      0,00     52,25      0,00      0,00     47,75
20:03:39          1      0,00      0,00      0,00      0,00      0,00      0,00    100,00      0,00      0,00      0,00
20:03:39          2      0,00      0,00      0,00      0,00      0,00      0,00    100,00      0,00      0,00      0,00
20:03:39          3      0,00      0,00      0,00      0,00      0,00      0,00    100,00      0,00      0,00      0,00
20:03:39          4      0,00      0,00      0,00      0,57      0,00      0,00     12,00      0,00      0,00     87,43
20:03:39          5     92,00      0,00      2,00      0,00      0,00      0,00      0,00      0,00      0,00      6,00
20:03:39          6      0,00      0,00      0,00      0,00      0,00      0,00      0,00      0,00      0,00    100,00
20:03:39          7      0,00      0,00      0,00      0,00      0,00      0,00      0,00      0,00      0,00    100,00
20:03:39          8      0,00      0,00      0,00      0,00      0,00      0,00      0,00      0,00      0,00    100,00
20:03:39          9      0,00      0,00      0,00      0,00      0,00      0,00      0,00      0,00      0,00    100,00
20:03:39         10      0,00      0,00      0,00      0,00      0,00      0,00      0,00      0,00      0,00    100,00
20:03:39         11      0,00      0,00      0,00      0,00      0,00      0,00      0,00      0,00      0,00    100,00
20:03:39         12      0,00      0,00      0,00      0,00      0,00      0,00      0,00      0,00      0,00    100,00
20:03:39         13      5,97      0,00      0,50      0,00      0,00      0,00      0,00      0,00      0,00     93,53
20:03:39         14      0,00      0,00      0,00      0,00      0,00      0,00      0,00      0,00      0,00    100,00
20:03:39         15      0,00      0,00      0,00      0,00      0,00      0,00      0,00      0,00      0,00    100,00

20:03:37        IFACE   rxpck/s   txpck/s    rxkB/s    txkB/s   rxcmp/s   txcmp/s  rxmcst/s   %ifutil
20:03:39           lo      0,00      0,00      0,00      0,00      0,00      0,00      0,00      0,00
20:03:39         eno1      9,50 240602,50      0,79 120300,19      0,00      0,00      1,50     98,55
20:03:39         eno2      0,00      0,00      0,00      0,00      0,00      0,00      0,00      0,00
20:03:39      docker0      0,00      0,00      0,00      0,00      0,00      0,00      0,00      0,00
20:03:39      ens2np0 1370494,50  36832,50 679893,76  18272,15      0,00      0,00      0,00     55,70
20:03:39      ens2np1      0,00      0,00      0,00      0,00      0,00      0,00      0,00      0,00

20:03:39        CPU      %usr     %nice      %sys   %iowait    %steal      %irq     %soft    %guest    %gnice     %idle
20:03:41        all      6,49      0,00      0,38      0,00      0,00      0,00     22,68      0,00      0,00     70,45
20:03:41          0      0,00      0,00      0,00      0,00      0,00      0,00     52,22      0,00      0,00     47,78
20:03:41          1      0,00      0,00      0,00      0,00      0,00      0,00    100,00      0,00      0,00      0,00
20:03:41          2      0,00      0,00      0,00      0,00      0,00      0,00    100,00      0,00      0,00      0,00
20:03:41          3      0,00      0,00      0,00      0,00      0,00      0,00    100,00      0,00      0,00      0,00
20:03:41          4      0,57      0,00      0,57      0,00      0,00      0,00     12,50      0,00      0,00     86,36
20:03:41          5     97,01      0,00      2,99      0,00      0,00      0,00      0,00      0,00      0,00      0,00
20:03:41          6      1,00      0,00      0,50      0,00      0,00      0,00      0,00      0,00      0,00     98,50
20:03:41          7      0,50      0,00      0,00      0,00      0,00      0,00      0,00      0,00      0,00     99,50
20:03:41          8      0,00      0,00      0,00      0,00      0,00      0,00      0,00      0,00      0,00    100,00
20:03:41          9      0,00      0,00      0,00      0,00      0,00      0,00      0,00      0,00      0,00    100,00
20:03:41         10      0,50      0,00      0,00      0,00      0,00      0,00      0,00      0,00      0,00     99,50
20:03:41         11      0,00      0,00      0,00      0,00      0,00      0,00      0,00      0,00      0,00    100,00
20:03:41         12      0,50      0,00      0,50      0,00      0,00      0,00      0,00      0,00      0,00     99,00
20:03:41         13      0,00      0,00      0,00      0,00      0,00      0,00      0,00      0,00      0,00    100,00
20:03:41         14      1,00      0,00      0,50      0,00      0,00      0,00      0,00      0,00      0,00     98,51
20:03:41         15      1,00      0,00      1,00      0,00      0,00      0,00      0,00      0,00      0,00     98,00

20:03:39        IFACE   rxpck/s   txpck/s    rxkB/s    txkB/s   rxcmp/s   txcmp/s  rxmcst/s   %ifutil
20:03:41           lo      0,00      0,00      0,00      0,00      0,00      0,00      0,00      0,00
20:03:41         eno1      6,50 240601,50      0,44 120300,18      0,00      0,00      1,00     98,55
20:03:41         eno2      0,00      0,00      0,00      0,00      0,00      0,00      0,00      0,00
20:03:41      docker0      0,00      0,00      0,00      0,00      0,00      0,00      0,00      0,00
20:03:41      ens2np0 1364624,00  36801,00 676981,44  18256,29      0,00      0,00      0,00     55,46
20:03:41      ens2np1      0,00      0,00      0,00      0,00      0,00      0,00      0,00      0,00

20:03:41        CPU      %usr     %nice      %sys   %iowait    %steal      %irq     %soft    %guest    %gnice     %idle
20:03:43        all      6,13      0,00      0,22      0,00      0,00      0,00     22,64      0,00      0,00     71,01
20:03:43          0      0,00      0,00      0,00      0,00      0,00      0,00     53,04      0,00      0,00     46,96
20:03:43          1      0,00      0,00      0,00      0,00      0,00      0,00    100,00      0,00      0,00      0,00
20:03:43          2      0,00      0,00      0,00      0,00      0,00      0,00    100,00      0,00      0,00      0,00
20:03:43          3      0,00      0,00      0,00      0,00      0,00      0,00    100,00      0,00      0,00      0,00
20:03:43          4      0,00      0,00      0,00      0,00      0,00      0,00     10,00      0,00      0,00     90,00
20:03:43          5     96,48      0,00      3,52      0,00      0,00      0,00      0,00      0,00      0,00      0,00
20:03:43          6      0,00      0,00      0,00      0,00      0,00      0,00      0,00      0,00      0,00    100,00
20:03:43          7      0,00      0,00      0,00      0,00      0,00      0,00      0,00      0,00      0,00    100,00
20:03:43          8      0,50      0,00      0,00      0,00      0,00      0,00      0,00      0,00      0,00     99,50
20:03:43          9      0,00      0,00      0,00      0,00      0,00      0,00      0,00      0,00      0,00    100,00
20:03:43         10      0,00      0,00      0,00      0,00      0,00      0,00      0,00      0,00      0,00    100,00
20:03:43         11      0,00      0,00      0,00      0,00      0,00      0,00      0,00      0,00      0,00    100,00
20:03:43         12      0,00      0,00      0,00      0,00      0,00      0,00      0,00      0,00      0,00    100,00
20:03:43         13      0,00      0,00      0,00      0,00      0,00      0,00      0,00      0,00      0,00    100,00
20:03:43         14      0,00      0,00      0,00      0,00      0,00      0,00      0,00      0,00      0,00    100,00
20:03:43         15      0,00      0,00      0,00      0,00      0,00      0,00      0,00      0,00      0,00    100,00

20:03:41        IFACE   rxpck/s   txpck/s    rxkB/s    txkB/s   rxcmp/s   txcmp/s  rxmcst/s   %ifutil
20:03:43           lo      0,00      0,00      0,00      0,00      0,00      0,00      0,00      0,00
20:03:43         eno1      7,00 240601,50      0,59 120300,11      0,00      0,00      1,00     98,55
20:03:43         eno2      0,00      0,00      0,00      0,00      0,00      0,00      0,00      0,00
20:03:43      docker0      0,00      0,00      0,00      0,00      0,00      0,00      0,00      0,00
20:03:43      ens2np0 1368086,50  36773,50 678699,16  18242,88      0,00      0,00      0,00     55,60
20:03:43      ens2np1      0,00      0,00      0,00      0,00      0,00      0,00      0,00      0,00

20:03:43        CPU      %usr     %nice      %sys   %iowait    %steal      %irq     %soft    %guest    %gnice     %idle
20:03:45        all      6,15      0,00      0,25      0,00      0,00      0,00     22,66      0,00      0,00     70,94
20:03:45          0      0,00      0,00      0,00      0,00      0,00      0,00     54,26      0,00      0,00     45,74
20:03:45          1      0,00      0,00      0,00      0,00      0,00      0,00    100,00      0,00      0,00      0,00
20:03:45          2      0,00      0,00      0,00      0,00      0,00      0,00    100,00      0,00      0,00      0,00
20:03:45          3      0,00      0,00      0,00      0,00      0,00      0,00    100,00      0,00      0,00      0,00
20:03:45          4      0,60      0,00      0,00      0,00      0,00      0,00      7,78      0,00      0,00     91,62
20:03:45          5     96,00      0,00      3,50      0,00      0,00      0,00      0,00      0,00      0,00      0,50
20:03:45          6      0,00      0,00      0,00      0,00      0,00      0,00      0,00      0,00      0,00    100,00
20:03:45          7      0,00      0,00      0,00      0,00      0,00      0,00      0,00      0,00      0,00    100,00
20:03:45          8      0,00      0,00      0,00      0,00      0,00      0,00      0,00      0,00      0,00    100,00
20:03:45          9      0,00      0,00      0,00      0,00      0,00      0,00      0,00      0,00      0,00    100,00
20:03:45         10      0,00      0,00      0,00      0,00      0,00      0,00      0,00      0,00      0,00    100,00
20:03:45         11      0,00      0,00      0,00      0,00      0,00      0,00      0,00      0,00      0,00    100,00
20:03:45         12      0,00      0,00      0,00      0,00      0,00      0,00      0,00      0,00      0,00    100,00
20:03:45         13      0,50      0,00      0,00      0,00      0,00      0,00      0,00      0,00      0,00     99,50
20:03:45         14      0,00      0,00      0,50      0,00      0,00      0,00      0,00      0,00      0,00     99,50
20:03:45         15      0,00      0,00      0,00      0,00      0,00      0,00      0,00      0,00      0,00    100,00

20:03:43        IFACE   rxpck/s   txpck/s    rxkB/s    txkB/s   rxcmp/s   txcmp/s  rxmcst/s   %ifutil
20:03:45           lo      0,00      0,00      0,00      0,00      0,00      0,00      0,00      0,00
20:03:45         eno1      9,50 240601,00      0,62 120300,08      0,00      0,00      1,00     98,55
20:03:45         eno2      0,00      0,00      0,00      0,00      0,00      0,00      0,00      0,00
20:03:45      docker0      0,00      0,00      0,00      0,00      0,00      0,00      0,00      0,00
20:03:45      ens2np0 1365693,50  36817,00 677512,01  18264,23      0,00      0,00      0,00     55,50
20:03:45      ens2np1      0,00      0,00      0,00      0,00      0,00      0,00      0,00      0,00

20:03:45        CPU      %usr     %nice      %sys   %iowait    %steal      %irq     %soft    %guest    %gnice     %idle
20:03:47        all      6,09      0,00      0,29      0,00      0,00      0,00     22,53      0,00      0,00     71,09
20:03:47          0      0,00      0,00      0,00      0,00      0,00      0,00     52,75      0,00      0,00     47,25
20:03:47          1      0,00      0,00      0,00      0,00      0,00      0,00    100,00      0,00      0,00      0,00
20:03:47          2      0,00      0,00      0,00      0,00      0,00      0,00    100,00      0,00      0,00      0,00
20:03:47          3      0,00      0,00      0,00      0,00      0,00      0,00    100,00      0,00      0,00      0,00
20:03:47          4      0,00      0,00      0,00      0,00      0,00      0,00      8,33      0,00      0,00     91,67
20:03:47          5     95,52      0,00      4,48      0,00      0,00      0,00      0,00      0,00      0,00      0,00
20:03:47          6      0,00      0,00      0,00      0,00      0,00      0,00      0,00      0,00      0,00    100,00
20:03:47          7      0,00      0,00      0,00      0,00      0,00      0,00      0,00      0,00      0,00    100,00
20:03:47          8      0,00      0,00      0,00      0,00      0,00      0,00      0,00      0,00      0,00    100,00
20:03:47          9      0,00      0,00      0,00      0,00      0,00      0,00      0,00      0,00      0,00    100,00
20:03:47         10      0,00      0,00      0,00      0,00      0,00      0,00      0,00      0,00      0,00    100,00
20:03:47         11      0,00      0,00      0,00      0,00      0,00      0,00      0,00      0,00      0,00    100,00
20:03:47         12      0,00      0,00      0,00      0,00      0,00      0,00      0,00      0,00      0,00    100,00
20:03:47         13      0,00      0,00      0,00      0,00      0,00      0,00      0,00      0,00      0,00    100,00
20:03:47         14      0,00      0,00      0,00      0,00      0,00      0,00      0,00      0,00      0,00    100,00
20:03:47         15      0,00      0,00      0,00      0,00      0,00      0,00      0,00      0,00      0,00    100,00

20:03:45        IFACE   rxpck/s   txpck/s    rxkB/s    txkB/s   rxcmp/s   txcmp/s  rxmcst/s   %ifutil
20:03:47           lo      0,00      0,00      0,00      0,00      0,00      0,00      0,00      0,00
20:03:47         eno1      9,00 240602,50      0,57 120300,40      0,00      0,00      1,00     98,55
20:03:47         eno2      0,00      0,00      0,00      0,00      0,00      0,00      0,00      0,00
20:03:47      docker0      0,00      0,00      0,00      0,00      0,00      0,00      0,00      0,00
20:03:47      ens2np0 1368143,50  36784,50 678727,44  18248,33      0,00      0,00      0,00     55,60
20:03:47      ens2np1      0,00      0,00      0,00      0,00      0,00      0,00      0,00      0,00

20:03:47        CPU      %usr     %nice      %sys   %iowait    %steal      %irq     %soft    %guest    %gnice     %idle
20:03:49        all      6,13      0,00      0,22      0,00      0,00      0,00     22,59      0,00      0,00     71,06
20:03:49          0      0,00      0,00      0,00      0,00      0,00      0,00     53,55      0,00      0,00     46,45
20:03:49          1      0,00      0,00      0,00      0,00      0,00      0,00    100,00      0,00      0,00      0,00
20:03:49          2      0,00      0,00      0,00      0,00      0,00      0,00    100,00      0,00      0,00      0,00
20:03:49          3      0,00      0,00      0,00      0,00      0,00      0,00    100,00      0,00      0,00      0,00
20:03:49          4      0,00      0,00      0,00      0,00      0,00      0,00      7,83      0,00      0,00     92,17
20:03:49          5     96,50      0,00      3,50      0,00      0,00      0,00      0,00      0,00      0,00      0,00
20:03:49          6      0,00      0,00      0,00      0,00      0,00      0,00      0,00      0,00      0,00    100,00
20:03:49          7      0,00      0,00      0,00      0,00      0,00      0,00      0,00      0,00      0,00    100,00
20:03:49          8      0,00      0,00      0,00      0,00      0,00      0,00      0,00      0,00      0,00    100,00
20:03:49          9      0,00      0,00      0,00      0,00      0,00      0,00      0,00      0,00      0,00    100,00
20:03:49         10      0,00      0,00      0,00      0,00      0,00      0,00      0,00      0,00      0,00    100,00
20:03:49         11      0,00      0,00      0,00      0,00      0,00      0,00      0,00      0,00      0,00    100,00
20:03:49         12      0,00      0,00      0,00      0,00      0,00      0,00      0,00      0,00      0,00    100,00
20:03:49         13      0,00      0,00      0,00      0,00      0,00      0,00      0,00      0,00      0,00    100,00
20:03:49         14      0,00      0,00      0,00      0,00      0,00      0,00      0,00      0,00      0,00    100,00
20:03:49         15      0,00      0,00      0,00      0,00      0,00      0,00      0,00      0,00      0,00    100,00

20:03:47        IFACE   rxpck/s   txpck/s    rxkB/s    txkB/s   rxcmp/s   txcmp/s  rxmcst/s   %ifutil
20:03:49           lo      0,00      0,00      0,00      0,00      0,00      0,00      0,00      0,00
20:03:49         eno1      7,00 240601,00      0,44 120299,86      0,00      0,00      1,00     98,55
20:03:49         eno2      0,00      0,00      0,00      0,00      0,00      0,00      0,00      0,00
20:03:49      docker0      0,00      0,00      0,00      0,00      0,00      0,00      0,00      0,00
20:03:49      ens2np0 1364500,00  36833,00 676919,92  18272,17      0,00      0,00      0,00     55,45
20:03:49      ens2np1      0,00      0,00      0,00      0,00      0,00      0,00      0,00      0,00

20:03:49        CPU      %usr     %nice      %sys   %iowait    %steal      %irq     %soft    %guest    %gnice     %idle
20:03:51        all      6,60      0,00      0,35      0,00      0,00      0,00     22,51      0,00      0,00     70,54
20:03:51          0      1,10      0,00      0,00      0,00      0,00      0,00     51,65      0,00      0,00     47,25
20:03:51          1      0,00      0,00      0,00      0,00      0,00      0,00    100,00      0,00      0,00      0,00
20:03:51          2      0,00      0,00      0,00      0,00      0,00      0,00    100,00      0,00      0,00      0,00
20:03:51          3      0,00      0,00      0,00      0,00      0,00      0,00    100,00      0,00      0,00      0,00
20:03:51          4      0,60      0,00      0,00      0,00      0,00      0,00      8,93      0,00      0,00     90,48
20:03:51          5     96,50      0,00      3,50      0,00      0,00      0,00      0,00      0,00      0,00      0,00
20:03:51          6      1,50      0,00      0,50      0,00      0,00      0,00      0,00      0,00      0,00     98,00
20:03:51          7      0,50      0,00      0,50      0,00      0,00      0,00      0,00      0,00      0,00     99,00
20:03:51          8      0,50      0,00      0,00      0,00      0,00      0,00      0,00      0,00      0,00     99,50
20:03:51          9      0,50      0,00      0,00      0,00      0,00      0,00      0,00      0,00      0,00     99,50
20:03:51         10      0,00      0,00      0,00      0,00      0,00      0,00      0,00      0,00      0,00    100,00
20:03:51         11      0,50      0,00      0,00      0,00      0,00      0,00      0,00      0,00      0,00     99,50
20:03:51         12      0,50      0,00      0,50      0,00      0,00      0,00      0,00      0,00      0,00     99,00
20:03:51         13      0,00      0,00      0,00      0,00      0,00      0,00      0,00      0,00      0,00    100,00
20:03:51         14      1,01      0,00      0,00      0,00      0,00      0,00      0,00      0,00      0,00     98,99
20:03:51         15      1,00      0,00      0,50      0,00      0,00      0,00      0,00      0,00      0,00     98,50

20:03:49        IFACE   rxpck/s   txpck/s    rxkB/s    txkB/s   rxcmp/s   txcmp/s  rxmcst/s   %ifutil
20:03:51           lo      0,00      0,00      0,00      0,00      0,00      0,00      0,00      0,00
20:03:51         eno1      6,50 240601,00      0,41 120300,29      0,00      0,00      1,50     98,55
20:03:51         eno2      0,00      0,00      0,00      0,00      0,00      0,00      0,00      0,00
20:03:51      docker0      0,00      0,00      0,00      0,00      0,00      0,00      0,00      0,00
20:03:51      ens2np0 1364071,00  36768,50 676707,10  18240,40      0,00      0,00      0,00     55,44
20:03:51      ens2np1      0,00      0,00      0,00      0,00      0,00      0,00      0,00      0,00

20:03:51        CPU      %usr     %nice      %sys   %iowait    %steal      %irq     %soft    %guest    %gnice     %idle
20:03:53        all      6,06      0,00      0,29      0,00      0,00      0,00     22,62      0,00      0,00     71,03
20:03:53          0      0,00      0,00      0,00      0,00      0,00      0,00     54,05      0,00      0,00     45,95
20:03:53          1      0,00      0,00      0,00      0,00      0,00      0,00    100,00      0,00      0,00      0,00
20:03:53          2      0,00      0,00      0,00      0,00      0,00      0,00    100,00      0,00      0,00      0,00
20:03:53          3      0,00      0,00      0,00      0,00      0,00      0,00    100,00      0,00      0,00      0,00
20:03:53          4      0,00      0,00      0,00      0,00      0,00      0,00      7,78      0,00      0,00     92,22
20:03:53          5     95,50      0,00      4,50      0,00      0,00      0,00      0,00      0,00      0,00      0,00
20:03:53          6      0,00      0,00      0,00      0,00      0,00      0,00      0,00      0,00      0,00    100,00
20:03:53          7      0,00      0,00      0,00      0,00      0,00      0,00      0,00      0,00      0,00    100,00
20:03:53          8      0,00      0,00      0,00      0,00      0,00      0,00      0,00      0,00      0,00    100,00
20:03:53          9      0,00      0,00      0,00      0,00      0,00      0,00      0,00      0,00      0,00    100,00
20:03:53         10      0,00      0,00      0,00      0,00      0,00      0,00      0,00      0,00      0,00    100,00
20:03:53         11      0,00      0,00      0,00      0,00      0,00      0,00      0,00      0,00      0,00    100,00
20:03:53         12      0,00      0,00      0,00      0,00      0,00      0,00      0,00      0,00      0,00    100,00
20:03:53         13      0,00      0,00      0,00      0,00      0,00      0,00      0,00      0,00      0,00    100,00
20:03:53         14      0,00      0,00      0,00      0,00      0,00      0,00      0,00      0,00      0,00    100,00
20:03:53         15      0,00      0,00      0,00      0,00      0,00      0,00      0,00      0,00      0,00    100,00

20:03:51        IFACE   rxpck/s   txpck/s    rxkB/s    txkB/s   rxcmp/s   txcmp/s  rxmcst/s   %ifutil
20:03:53           lo      0,00      0,00      0,00      0,00      0,00      0,00      0,00      0,00
20:03:53         eno1      7,50 240601,50      0,61 120300,53      0,00      0,00      1,00     98,55
20:03:53         eno2      0,00      0,00      0,00      0,00      0,00      0,00      0,00      0,00
20:03:53      docker0      0,00      0,00      0,00      0,00      0,00      0,00      0,00      0,00
20:03:53      ens2np0 1365552,50  36849,00 677442,06  18280,10      0,00      0,00      0,00     55,50
20:03:53      ens2np1      0,00      0,00      0,00      0,00      0,00      0,00      0,00      0,00

20:03:53        CPU      %usr     %nice      %sys   %iowait    %steal      %irq     %soft    %guest    %gnice     %idle
20:03:55        all      6,05      0,00      0,32      0,03      0,00      0,00     22,54      0,00      0,00     71,06
20:03:55          0      0,00      0,00      0,00      0,00      0,00      0,00     53,26      0,00      0,00     46,74
20:03:55          1      0,00      0,00      0,00      0,00      0,00      0,00    100,00      0,00      0,00      0,00
20:03:55          2      0,00      0,00      0,00      0,00      0,00      0,00    100,00      0,00      0,00      0,00
20:03:55          3      0,00      0,00      0,00      0,00      0,00      0,00    100,00      0,00      0,00      0,00
20:03:55          4      0,00      0,00      0,00      0,59      0,00      0,00      7,65      0,00      0,00     91,76
20:03:55          5     95,50      0,00      4,50      0,00      0,00      0,00      0,00      0,00      0,00      0,00
20:03:55          6      0,00      0,00      0,50      0,00      0,00      0,00      0,00      0,00      0,00     99,50
20:03:55          7      0,00      0,00      0,00      0,00      0,00      0,00      0,00      0,00      0,00    100,00
20:03:55          8      0,00      0,00      0,00      0,00      0,00      0,00      0,00      0,00      0,00    100,00
20:03:55          9      0,00      0,00      0,00      0,00      0,00      0,00      0,00      0,00      0,00    100,00
20:03:55         10      0,00      0,00      0,00      0,00      0,00      0,00      0,00      0,00      0,00    100,00
20:03:55         11      0,00      0,00      0,00      0,00      0,00      0,00      0,00      0,00      0,00    100,00
20:03:55         12      0,00      0,00      0,00      0,00      0,00      0,00      0,00      0,00      0,00    100,00
20:03:55         13      0,00      0,00      0,00      0,00      0,00      0,00      0,00      0,00      0,00    100,00
20:03:55         14      0,00      0,00      0,00      0,00      0,00      0,00      0,00      0,00      0,00    100,00
20:03:55         15      0,00      0,00      0,00      0,00      0,00      0,00      0,00      0,00      0,00    100,00

20:03:53        IFACE   rxpck/s   txpck/s    rxkB/s    txkB/s   rxcmp/s   txcmp/s  rxmcst/s   %ifutil
20:03:55           lo      0,00      0,00      0,00      0,00      0,00      0,00      0,00      0,00
20:03:55         eno1      6,50 240600,50      0,41 120299,78      0,00      0,00      1,00     98,55
20:03:55         eno2      0,00      0,00      0,00      0,00      0,00      0,00      0,00      0,00
20:03:55      docker0      0,00      0,00      0,00      0,00      0,00      0,00      0,00      0,00
20:03:55      ens2np0 1390783,00  36854,00 689958,75  18282,81      0,00      0,00      0,00     56,52
20:03:55      ens2np1      0,00      0,00      0,00      0,00      0,00      0,00      0,00      0,00

20:03:55        CPU      %usr     %nice      %sys   %iowait    %steal      %irq     %soft    %guest    %gnice     %idle
20:03:57        all      6,13      0,00      0,16      0,00      0,00      0,00     22,31      0,00      0,00     71,41
20:03:57          0      0,00      0,00      0,00      0,00      0,00      0,00     52,97      0,00      0,00     47,03
20:03:57          1      0,00      0,00      0,00      0,00      0,00      0,00    100,00      0,00      0,00      0,00
20:03:57          2      0,00      0,00      0,00      0,00      0,00      0,00    100,00      0,00      0,00      0,00
20:03:57          3      0,00      0,00      0,00      0,00      0,00      0,00    100,00      0,00      0,00      0,00
20:03:57          4      0,00      0,00      0,00      0,00      0,00      0,00      4,42      0,00      0,00     95,58
20:03:57          5     97,49      0,00      2,51      0,00      0,00      0,00      0,00      0,00      0,00      0,00
20:03:57          6      0,00      0,00      0,00      0,00      0,00      0,00      0,00      0,00      0,00    100,00
20:03:57          7      0,00      0,00      0,00      0,00      0,00      0,00      0,00      0,00      0,00    100,00
20:03:57          8      0,00      0,00      0,00      0,00      0,00      0,00      0,00      0,00      0,00    100,00
20:03:57          9      0,00      0,00      0,00      0,00      0,00      0,00      0,00      0,00      0,00    100,00
20:03:57         10      0,00      0,00      0,00      0,00      0,00      0,00      0,00      0,00      0,00    100,00
20:03:57         11      0,00      0,00      0,00      0,00      0,00      0,00      0,00      0,00      0,00    100,00
20:03:57         12      0,00      0,00      0,00      0,00      0,00      0,00      0,00      0,00      0,00    100,00
20:03:57         13      0,00      0,00      0,00      0,00      0,00      0,00      0,00      0,00      0,00    100,00
20:03:57         14      0,00      0,00      0,00      0,00      0,00      0,00      0,00      0,00      0,00    100,00
20:03:57         15      0,00      0,00      0,00      0,00      0,00      0,00      0,00      0,00      0,00    100,00

20:03:55        IFACE   rxpck/s   txpck/s    rxkB/s    txkB/s   rxcmp/s   txcmp/s  rxmcst/s   %ifutil
20:03:57           lo      0,00      0,00      0,00      0,00      0,00      0,00      0,00      0,00
20:03:57         eno1      6,50 123721,50      0,41  61860,56      0,00      0,00      1,00     50,68
20:03:57         eno2      0,00      0,00      0,00      0,00      0,00      0,00      0,00      0,00
20:03:57      docker0      0,00      0,00      0,00      0,00      0,00      0,00      0,00      0,00
20:03:57      ens2np0 1489422,50  37003,50 738893,19  18356,75      0,00      0,00      0,00     60,53
20:03:57      ens2np1      0,00      0,00      0,00      0,00      0,00      0,00      0,00      0,00

20:03:57        CPU      %usr     %nice      %sys   %iowait    %steal      %irq     %soft    %guest    %gnice     %idle
20:03:59        all      6,14      0,00      0,25      0,00      0,00      0,00     22,43      0,00      0,00     71,17
20:03:59          0      0,00      0,00      0,00      0,00      0,00      0,00     53,51      0,00      0,00     46,49
20:03:59          1      0,00      0,00      0,00      0,00      0,00      0,00    100,00      0,00      0,00      0,00
20:03:59          2      0,00      0,00      0,00      0,00      0,00      0,00    100,00      0,00      0,00      0,00
20:03:59          3      0,00      0,00      0,00      0,00      0,00      0,00    100,00      0,00      0,00      0,00
20:03:59          4      0,00      0,00      0,00      0,00      0,00      0,00      3,75      0,00      0,00     96,25
20:03:59          5     95,52      0,00      3,98      0,00      0,00      0,00      0,00      0,00      0,00      0,50
20:03:59          6      0,00      0,00      0,00      0,00      0,00      0,00      0,00      0,00      0,00    100,00
20:03:59          7      0,00      0,00      0,00      0,00      0,00      0,00      0,00      0,00      0,00    100,00
20:03:59          8      0,00      0,00      0,00      0,00      0,00      0,00      0,00      0,00      0,00    100,00
20:03:59          9      0,00      0,00      0,00      0,00      0,00      0,00      0,00      0,00      0,00    100,00
20:03:59         10      0,00      0,00      0,00      0,00      0,00      0,00      0,00      0,00      0,00    100,00
20:03:59         11      0,00      0,00      0,00      0,00      0,00      0,00      0,00      0,00      0,00    100,00
20:03:59         12      0,00      0,00      0,00      0,00      0,00      0,00      0,00      0,00      0,00    100,00
20:03:59         13      0,50      0,00      0,00      0,00      0,00      0,00      0,00      0,00      0,00     99,50
20:03:59         14      0,00      0,00      0,00      0,00      0,00      0,00      0,00      0,00      0,00    100,00
20:03:59         15      0,00      0,00      0,00      0,00      0,00      0,00      0,00      0,00      0,00    100,00

20:03:57        IFACE   rxpck/s   txpck/s    rxkB/s    txkB/s   rxcmp/s   txcmp/s  rxmcst/s   %ifutil
20:03:59           lo      0,00      0,00      0,00      0,00      0,00      0,00      0,00      0,00
20:03:59         eno1      6,50 240600,50      0,41 120300,00      0,00      0,00      1,00     98,55
20:03:59         eno2      0,00      0,00      0,00      0,00      0,00      0,00      0,00      0,00
20:03:59      docker0      0,00      0,00      0,00      0,00      0,00      0,00      0,00      0,00
20:03:59      ens2np0 1365472,50  36816,50 677402,37  18264,21      0,00      0,00      0,00     55,49
20:03:59      ens2np1      0,00      0,00      0,00      0,00      0,00      0,00      0,00      0,00

20:03:59        CPU      %usr     %nice      %sys   %iowait    %steal      %irq     %soft    %guest    %gnice     %idle
20:04:01        all      6,41      0,00      0,54      0,00      0,00      0,00     22,60      0,00      0,00     70,45
20:04:01          0      0,00      0,00      0,00      0,00      0,00      0,00     53,04      0,00      0,00     46,96
20:04:01          1      0,00      0,00      0,00      0,00      0,00      0,00    100,00      0,00      0,00      0,00
20:04:01          2      0,00      0,00      0,00      0,00      0,00      0,00    100,00      0,00      0,00      0,00
20:04:01          3      0,00      0,00      0,00      0,00      0,00      0,00    100,00      0,00      0,00      0,00
20:04:01          4      0,59      0,00      0,00      0,00      0,00      0,00      9,47      0,00      0,00     89,94
20:04:01          5     40,20      0,00      1,01      0,00      0,00      0,00      0,00      0,00      0,00     58,79
20:04:01          6      0,50      0,00      0,00      0,00      0,00      0,00      0,00      0,00      0,00     99,50
20:04:01          7      0,00      0,00      0,00      0,00      0,00      0,00      0,00      0,00      0,00    100,00
20:04:01          8      0,50      0,00      0,99      0,00      0,00      0,00      0,00      0,00      0,00     98,51
20:04:01          9      0,50      0,00      0,00      0,00      0,00      0,00      0,00      0,00      0,00     99,50
20:04:01         10      0,50      0,00      0,50      0,00      0,00      0,00      0,00      0,00      0,00     99,00
20:04:01         11      0,50      0,00      0,00      0,00      0,00      0,00      0,00      0,00      0,00     99,50
20:04:01         12      0,50      0,00      0,00      0,00      0,00      0,00      0,00      0,00      0,00     99,50
20:04:01         13     55,50      0,00      3,50      0,00      0,00      0,00      0,00      0,00      0,00     41,00
20:04:01         14      0,50      0,00      1,49      0,00      0,00      0,00      0,00      0,00      0,00     98,01
20:04:01         15      1,51      0,00      1,01      0,00      0,00      0,00      0,00      0,00      0,00     97,49

20:03:59        IFACE   rxpck/s   txpck/s    rxkB/s    txkB/s   rxcmp/s   txcmp/s  rxmcst/s   %ifutil
20:04:01           lo      0,00      0,00      0,00      0,00      0,00      0,00      0,00      0,00
20:04:01         eno1      7,50 241070,50      0,47 120535,03      0,00      0,00      1,00     98,74
20:04:01         eno2      0,00      0,00      0,00      0,00      0,00      0,00      0,00      0,00
20:04:01      docker0      0,00      0,00      0,00      0,00      0,00      0,00      0,00      0,00
20:04:01      ens2np0 1367223,00  36753,00 678270,79  18232,48      0,00      0,00      0,00     55,56
20:04:01      ens2np1      0,00      0,00      0,00      0,00      0,00      0,00      0,00      0,00

20:04:01        CPU      %usr     %nice      %sys   %iowait    %steal      %irq     %soft    %guest    %gnice     %idle
20:04:03        all      6,19      0,00      0,19      0,00      0,00      0,00     22,66      0,00      0,00     70,96
20:04:03          0      0,00      0,00      0,00      0,00      0,00      0,00     54,05      0,00      0,00     45,95
20:04:03          1      0,00      0,00      0,00      0,00      0,00      0,00    100,00      0,00      0,00      0,00
20:04:03          2      0,00      0,00      0,00      0,00      0,00      0,00    100,00      0,00      0,00      0,00
20:04:03          3      0,00      0,00      0,00      0,00      0,00      0,00    100,00      0,00      0,00      0,00
20:04:03          4      0,00      0,00      0,00      0,00      0,00      0,00      8,38      0,00      0,00     91,62
20:04:03          5     95,50      0,00      2,50      0,00      0,00      0,00      0,00      0,00      0,00      2,00
20:04:03          6      0,00      0,00      0,50      0,00      0,00      0,00      0,00      0,00      0,00     99,50
20:04:03          7      0,00      0,00      0,00      0,00      0,00      0,00      0,00      0,00      0,00    100,00
20:04:03          8      0,00      0,00      0,00      0,00      0,00      0,00      0,00      0,00      0,00    100,00
20:04:03          9      0,00      0,00      0,00      0,00      0,00      0,00      0,00      0,00      0,00    100,00
20:04:03         10      0,00      0,00      0,00      0,00      0,00      0,00      0,00      0,00      0,00    100,00
20:04:03         11      0,00      0,00      0,00      0,00      0,00      0,00      0,00      0,00      0,00    100,00
20:04:03         12      0,00      0,00      0,00      0,00      0,00      0,00      0,00      0,00      0,00    100,00
20:04:03         13      2,00      0,00      0,00      0,00      0,00      0,00      0,00      0,00      0,00     98,00
20:04:03         14      0,00      0,00      0,00      0,00      0,00      0,00      0,00      0,00      0,00    100,00
20:04:03         15      0,00      0,00      0,00      0,00      0,00      0,00      0,00      0,00      0,00    100,00

20:04:01        IFACE   rxpck/s   txpck/s    rxkB/s    txkB/s   rxcmp/s   txcmp/s  rxmcst/s   %ifutil
20:04:03           lo      0,00      0,00      0,00      0,00      0,00      0,00      0,00      0,00
20:04:03         eno1      5,50 240130,50      0,35 120065,25      0,00      0,00      1,00     98,36
20:04:03         eno2      0,00      0,00      0,00      0,00      0,00      0,00      0,00      0,00
20:04:03      docker0      0,00      0,00      0,00      0,00      0,00      0,00      0,00      0,00
20:04:03      ens2np0 1365764,50  36800,50 677547,23  18256,27      0,00      0,00      0,00     55,50
20:04:03      ens2np1      0,00      0,00      0,00      0,00      0,00      0,00      0,00      0,00

20:04:03        CPU      %usr     %nice      %sys   %iowait    %steal      %irq     %soft    %guest    %gnice     %idle
20:04:05        all      6,06      0,00      0,29      0,00      0,00      0,00     22,63      0,00      0,00     71,03
20:04:05          0      0,00      0,00      0,00      0,00      0,00      0,00     54,01      0,00      0,00     45,99
20:04:05          1      0,00      0,00      0,00      0,00      0,00      0,00    100,00      0,00      0,00      0,00
20:04:05          2      0,00      0,00      0,00      0,00      0,00      0,00    100,00      0,00      0,00      0,00
20:04:05          3      0,00      0,00      0,00      0,00      0,00      0,00    100,00      0,00      0,00      0,00
20:04:05          4      0,00      0,00      0,00      0,00      0,00      0,00      7,27      0,00      0,00     92,73
20:04:05          5     95,50      0,00      4,50      0,00      0,00      0,00      0,00      0,00      0,00      0,00
20:04:05          6      0,00      0,00      0,00      0,00      0,00      0,00      0,00      0,00      0,00    100,00
20:04:05          7      0,00      0,00      0,00      0,00      0,00      0,00      0,00      0,00      0,00    100,00
20:04:05          8      0,00      0,00      0,00      0,00      0,00      0,00      0,00      0,00      0,00    100,00
20:04:05          9      0,00      0,00      0,00      0,00      0,00      0,00      0,00      0,00      0,00    100,00
20:04:05         10      0,00      0,00      0,00      0,00      0,00      0,00      0,00      0,00      0,00    100,00
20:04:05         11      0,00      0,00      0,00      0,00      0,00      0,00      0,00      0,00      0,00    100,00
20:04:05         12      0,00      0,00      0,00      0,00      0,00      0,00      0,00      0,00      0,00    100,00
20:04:05         13      0,00      0,00      0,00      0,00      0,00      0,00      0,00      0,00      0,00    100,00
20:04:05         14      0,00      0,00      0,00      0,00      0,00      0,00      0,00      0,00      0,00    100,00
20:04:05         15      0,00      0,00      0,00      0,00      0,00      0,00      0,00      0,00      0,00    100,00

20:04:03        IFACE   rxpck/s   txpck/s    rxkB/s    txkB/s   rxcmp/s   txcmp/s  rxmcst/s   %ifutil
20:04:05           lo      0,00      0,00      0,00      0,00      0,00      0,00      0,00      0,00
20:04:05         eno1      7,50 240601,50      0,47 120301,00      0,00      0,00      1,00     98,55
20:04:05         eno2      0,00      0,00      0,00      0,00      0,00      0,00      0,00      0,00
20:04:05      docker0      0,00      0,00      0,00      0,00      0,00      0,00      0,00      0,00
20:04:05      ens2np0 1368593,50  36785,00 678950,68  18248,35      0,00      0,00      0,00     55,62
20:04:05      ens2np1      0,00      0,00      0,00      0,00      0,00      0,00      0,00      0,00

20:04:05        CPU      %usr     %nice      %sys   %iowait    %steal      %irq     %soft    %guest    %gnice     %idle
20:04:07        all      6,18      0,00      0,25      0,00      0,00      0,00     22,21      0,00      0,00     71,35
20:04:07          0      0,00      0,00      0,00      0,00      0,00      0,00     50,57      0,00      0,00     49,43
20:04:07          1      0,00      0,00      0,00      0,00      0,00      0,00    100,00      0,00      0,00      0,00
20:04:07          2      0,00      0,00      0,00      0,00      0,00      0,00    100,00      0,00      0,00      0,00
20:04:07          3      0,00      0,00      0,00      0,00      0,00      0,00    100,00      0,00      0,00      0,00
20:04:07          4      0,00      0,00      0,00      0,00      0,00      0,00      5,56      0,00      0,00     94,44
20:04:07          5     97,00      0,00      3,00      0,00      0,00      0,00      0,00      0,00      0,00      0,00
20:04:07          6      0,00      0,00      0,00      0,00      0,00      0,00      0,00      0,00      0,00    100,00
20:04:07          7      0,00      0,00      0,00      0,00      0,00      0,00      0,00      0,00      0,00    100,00
20:04:07          8      0,00      0,00      0,00      0,00      0,00      0,00      0,00      0,00      0,00    100,00
20:04:07          9      0,00      0,00      0,50      0,00      0,00      0,00      0,00      0,00      0,00     99,50
20:04:07         10      0,00      0,00      0,00      0,00      0,00      0,00      0,00      0,00      0,00    100,00
20:04:07         11      0,00      0,00      0,00      0,00      0,00      0,00      0,00      0,00      0,00    100,00
20:04:07         12      0,00      0,00      0,00      0,00      0,00      0,00      0,00      0,00      0,00    100,00
20:04:07         13      0,00      0,00      0,00      0,00      0,00      0,00      0,00      0,00      0,00    100,00
20:04:07         14      0,00      0,00      0,50      0,00      0,00      0,00      0,00      0,00      0,00     99,50
20:04:07         15      0,00      0,00      0,00      0,00      0,00      0,00      0,00      0,00      0,00    100,00

20:04:05        IFACE   rxpck/s   txpck/s    rxkB/s    txkB/s   rxcmp/s   txcmp/s  rxmcst/s   %ifutil
20:04:07           lo      0,00      0,00      0,00      0,00      0,00      0,00      0,00      0,00
20:04:07         eno1      5,00 240600,00      0,31 120300,00      0,00      0,00      1,00     98,55
20:04:07         eno2      0,00      0,00      0,00      0,00      0,00      0,00      0,00      0,00
20:04:07      docker0      0,00      0,00      0,00      0,00      0,00      0,00      0,00      0,00
20:04:07      ens2np0 1367523,50  36816,50 678419,86  18264,21      0,00      0,00      0,00     55,58
20:04:07      ens2np1      0,00      0,00      0,00      0,00      0,00      0,00      0,00      0,00

Average:        CPU      %usr     %nice      %sys   %iowait    %steal      %irq     %soft    %guest    %gnice     %idle
Average:        all      6,25      0,00      0,23      0,01      0,00      0,00     17,57      0,00      0,00     75,95
Average:          0      0,09      0,00      0,02      0,02      0,00      0,00     40,34      0,00      0,00     59,53
Average:          1      0,04      0,00      0,02      0,00      0,00      0,00     78,22      0,00      0,00     21,72
Average:          2      0,02      0,00      0,00      0,00      0,00      0,00     78,24      0,00      0,00     21,74
Average:          3      0,00      0,00      0,02      0,00      0,00      0,00     78,22      0,00      0,00     21,76
Average:          4      0,23      0,00      0,07      0,05      0,00      0,00      6,35      0,00      0,00     93,31
Average:          5     75,92      0,00      2,66      0,00      0,00      0,00      0,00      0,00      0,00     21,42
Average:          6      0,16      0,00      0,12      0,00      0,00      0,00      0,00      0,00      0,00     99,72
Average:          7      0,12      0,00      0,04      0,00      0,00      0,00      0,00      0,00      0,00     99,84
Average:          8      0,10      0,00      0,06      0,00      0,00      0,00      0,00      0,00      0,00     99,84
Average:          9      0,10      0,00      0,04      0,00      0,00      0,00      0,00      0,00      0,00     99,86
Average:         10      0,10      0,00      0,02      0,00      0,00      0,00      0,00      0,00      0,00     99,88
Average:         11      0,06      0,00      0,00      0,00      0,00      0,00      0,00      0,00      0,00     99,94
Average:         12      0,16      0,00      0,04      0,00      0,00      0,00      0,00      0,00      0,00     99,80
Average:         13     21,30      0,00      0,18      0,00      0,00      0,00      0,00      0,00      0,00     78,52
Average:         14      0,18      0,00      0,18      0,02      0,00      0,00      0,00      0,00      0,00     99,62
Average:         15      0,20      0,00      0,10      0,00      0,00      0,00      0,00      0,00      0,00     99,70

Average:        IFACE   rxpck/s   txpck/s    rxkB/s    txkB/s   rxcmp/s   txcmp/s  rxmcst/s   %ifutil
Average:           lo      0,00      0,00      0,00      0,00      0,00      0,00      0,00      0,00
Average:         eno1      7,32 178899,24      0,63  89449,01      0,00      0,00      1,08     73,28
Average:         eno2      0,00      0,00      0,00      0,00      0,00      0,00      0,00      0,00
Average:      docker0      0,00      0,00      0,00      0,00      0,00      0,00      0,00      0,00
Average:      ens2np0 1074930,12  28799,52 533266,11  14282,83      0,00      0,00      0,00     43,69
Average:      ens2np1      0,00      0,00      0,00      0,00      0,00      0,00      0,00      0,00
