Linux 5.13.0-52-generic (w1) 	22/07/2022 	_x86_64_	(16 CPU)

16:26:27        CPU      %usr     %nice      %sys   %iowait    %steal      %irq     %soft    %guest    %gnice     %idle
16:26:29        all      6,32      0,00      0,03      0,00      0,00      0,00      0,00      0,00      0,00     93,65
16:26:29          0      0,00      0,00      0,00      0,00      0,00      0,00      0,00      0,00      0,00    100,00
16:26:29          1      0,00      0,00      0,00      0,00      0,00      0,00      0,00      0,00      0,00    100,00
16:26:29          2      0,00      0,00      0,00      0,00      0,00      0,00      0,00      0,00      0,00    100,00
16:26:29          3    100,00      0,00      0,00      0,00      0,00      0,00      0,00      0,00      0,00      0,00
16:26:29          4      0,00      0,00      0,00      0,00      0,00      0,00      0,00      0,00      0,00    100,00
16:26:29          5      0,00      0,00      0,00      0,00      0,00      0,00      0,00      0,00      0,00    100,00
16:26:29          6      0,50      0,00      0,50      0,00      0,00      0,00      0,00      0,00      0,00     99,00
16:26:29          7      0,00      0,00      0,00      0,00      0,00      0,00      0,00      0,00      0,00    100,00
16:26:29          8      0,00      0,00      0,00      0,00      0,00      0,00      0,00      0,00      0,00    100,00
16:26:29          9      0,00      0,00      0,00      0,00      0,00      0,00      0,00      0,00      0,00    100,00
16:26:29         10      0,00      0,00      0,00      0,00      0,00      0,00      0,00      0,00      0,00    100,00
16:26:29         11      0,00      0,00      0,00      0,00      0,00      0,00      0,00      0,00      0,00    100,00
16:26:29         12      0,00      0,00      0,00      0,00      0,00      0,00      0,00      0,00      0,00    100,00
16:26:29         13      0,00      0,00      0,00      0,00      0,00      0,00      0,00      0,00      0,00    100,00
16:26:29         14      0,00      0,00      0,00      0,00      0,00      0,00      0,00      0,00      0,00    100,00
16:26:29         15      0,50      0,00      0,00      0,00      0,00      0,00      0,00      0,00      0,00     99,50

16:26:27        IFACE   rxpck/s   txpck/s    rxkB/s    txkB/s   rxcmp/s   txcmp/s  rxmcst/s   %ifutil
16:26:29           lo      0,00      0,00      0,00      0,00      0,00      0,00      0,00      0,00
16:26:29         eno1     24,00     19,00      4,05      3,38      0,00      0,00      1,50      0,00
16:26:29         eno2      0,00      0,00      0,00      0,00      0,00      0,00      0,00      0,00
16:26:29      docker0      0,00      0,00      0,00      0,00      0,00      0,00      0,00      0,00
16:26:29      ens2np0      0,00      1,00      0,00      0,08      0,00      0,00      0,00      0,00
16:26:29      ens2np1      0,00      0,00      0,00      0,00      0,00      0,00      0,00      0,00

16:26:29        CPU      %usr     %nice      %sys   %iowait    %steal      %irq     %soft    %guest    %gnice     %idle
16:26:31        all      6,44      0,00      0,06      0,00      0,00      0,00      0,00      0,00      0,00     93,50
16:26:31          0      1,51      0,00      0,00      0,00      0,00      0,00      0,00      0,00      0,00     98,49
16:26:31          1      1,00      0,00      0,50      0,00      0,00      0,00      0,00      0,00      0,00     98,50
16:26:31          2      0,00      0,00      0,00      0,00      0,00      0,00      0,00      0,00      0,00    100,00
16:26:31          3    100,00      0,00      0,00      0,00      0,00      0,00      0,00      0,00      0,00      0,00
16:26:31          4      0,00      0,00      0,00      0,00      0,00      0,00      0,00      0,00      0,00    100,00
16:26:31          5      0,00      0,00      0,00      0,00      0,00      0,00      0,00      0,00      0,00    100,00
16:26:31          6      0,50      0,00      0,00      0,00      0,00      0,00      0,00      0,00      0,00     99,50
16:26:31          7      0,00      0,00      0,00      0,00      0,00      0,00      0,00      0,00      0,00    100,00
16:26:31          8      0,00      0,00      0,00      0,00      0,00      0,00      0,00      0,00      0,00    100,00
16:26:31          9      0,00      0,00      0,00      0,00      0,00      0,00      0,00      0,00      0,00    100,00
16:26:31         10      0,00      0,00      0,00      0,00      0,00      0,00      0,00      0,00      0,00    100,00
16:26:31         11      0,00      0,00      0,00      0,00      0,00      0,00      0,00      0,00      0,00    100,00
16:26:31         12      0,00      0,00      0,00      0,00      0,00      0,00      0,00      0,00      0,00    100,00
16:26:31         13      0,00      0,00      0,00      0,00      0,00      0,00      0,00      0,00      0,00    100,00
16:26:31         14      0,00      0,00      0,00      0,00      0,00      0,00      0,00      0,00      0,00    100,00
16:26:31         15      0,00      0,00      0,50      0,00      0,00      0,00      0,00      0,00      0,00     99,50

16:26:29        IFACE   rxpck/s   txpck/s    rxkB/s    txkB/s   rxcmp/s   txcmp/s  rxmcst/s   %ifutil
16:26:31           lo      0,00      0,00      0,00      0,00      0,00      0,00      0,00      0,00
16:26:31         eno1     16,00      5,00      1,30      1,02      0,00      0,00      1,00      0,00
16:26:31         eno2      0,00      0,00      0,00      0,00      0,00      0,00      0,00      0,00
16:26:31      docker0      0,00      0,00      0,00      0,00      0,00      0,00      0,00      0,00
16:26:31      ens2np0      0,00      0,00      0,00      0,00      0,00      0,00      0,00      0,00
16:26:31      ens2np1      0,00      0,00      0,00      0,00      0,00      0,00      0,00      0,00

16:26:31        CPU      %usr     %nice      %sys   %iowait    %steal      %irq     %soft    %guest    %gnice     %idle
16:26:33        all      6,38      0,00      0,03      0,00      0,00      0,00      0,00      0,00      0,00     93,59
16:26:33          0      0,00      0,00      0,00      0,00      0,00      0,00      0,00      0,00      0,00    100,00
16:26:33          1      1,00      0,00      0,00      0,00      0,00      0,00      0,00      0,00      0,00     99,00
16:26:33          2      0,50      0,00      0,50      0,00      0,00      0,00      0,00      0,00      0,00     99,00
16:26:33          3    100,00      0,00      0,00      0,00      0,00      0,00      0,00      0,00      0,00      0,00
16:26:33          4      0,00      0,00      0,00      0,00      0,00      0,00      0,00      0,00      0,00    100,00
16:26:33          5      0,00      0,00      0,00      0,00      0,00      0,00      0,00      0,00      0,00    100,00
16:26:33          6      0,00      0,00      0,00      0,00      0,00      0,00      0,00      0,00      0,00    100,00
16:26:33          7      0,00      0,00      0,00      0,00      0,00      0,00      0,00      0,00      0,00    100,00
16:26:33          8      0,00      0,00      0,00      0,00      0,00      0,00      0,00      0,00      0,00    100,00
16:26:33          9      0,50      0,00      0,00      0,00      0,00      0,00      0,00      0,00      0,00     99,50
16:26:33         10      0,00      0,00      0,00      0,00      0,00      0,00      0,00      0,00      0,00    100,00
16:26:33         11      0,00      0,00      0,00      0,00      0,00      0,00      0,00      0,00      0,00    100,00
16:26:33         12      0,00      0,00      0,00      0,00      0,00      0,00      0,00      0,00      0,00    100,00
16:26:33         13      0,00      0,00      0,00      0,00      0,00      0,00      0,00      0,00      0,00    100,00
16:26:33         14      0,00      0,00      0,00      0,00      0,00      0,00      0,00      0,00      0,00    100,00
16:26:33         15      0,00      0,00      0,00      0,00      0,00      0,00      0,00      0,00      0,00    100,00

16:26:31        IFACE   rxpck/s   txpck/s    rxkB/s    txkB/s   rxcmp/s   txcmp/s  rxmcst/s   %ifutil
16:26:33           lo      0,00      0,00      0,00      0,00      0,00      0,00      0,00      0,00
16:26:33         eno1     11,00      7,00      1,12      1,21      0,00      0,00      1,50      0,00
16:26:33         eno2      0,00      0,00      0,00      0,00      0,00      0,00      0,00      0,00
16:26:33      docker0      0,00      0,00      0,00      0,00      0,00      0,00      0,00      0,00
16:26:33      ens2np0      0,00      0,00      0,00      0,00      0,00      0,00      0,00      0,00
16:26:33      ens2np1      0,00      0,00      0,00      0,00      0,00      0,00      0,00      0,00

16:26:33        CPU      %usr     %nice      %sys   %iowait    %steal      %irq     %soft    %guest    %gnice     %idle
16:26:35        all      6,90      0,00      0,16      0,03      0,00      0,00      0,03      0,00      0,00     92,88
16:26:35          0      0,50      0,00      0,00      0,00      0,00      0,00      0,50      0,00      0,00     99,00
16:26:35          1      0,50      0,00      0,00      0,00      0,00      0,00      0,00      0,00      0,00     99,50
16:26:35          2      0,50      0,00      0,00      0,50      0,00      0,00      0,00      0,00      0,00     99,00
16:26:35          3    100,00      0,00      0,00      0,00      0,00      0,00      0,00      0,00      0,00      0,00
16:26:35          4      1,00      0,00      0,00      0,00      0,00      0,00      0,00      0,00      0,00     99,00
16:26:35          5      1,00      0,00      0,50      0,00      0,00      0,00      0,00      0,00      0,00     98,51
16:26:35          6      0,50      0,00      0,00      0,00      0,00      0,00      0,00      0,00      0,00     99,50
16:26:35          7      0,00      0,00      0,00      0,00      0,00      0,00      0,00      0,00      0,00    100,00
16:26:35          8      1,00      0,00      0,00      0,00      0,00      0,00      0,00      0,00      0,00     99,00
16:26:35          9      1,49      0,00      0,50      0,00      0,00      0,00      0,00      0,00      0,00     98,01
16:26:35         10      1,49      0,00      0,00      0,00      0,00      0,00      0,00      0,00      0,00     98,51
16:26:35         11      0,50      0,00      0,00      0,00      0,00      0,00      0,00      0,00      0,00     99,50
16:26:35         12      0,00      0,00      0,50      0,00      0,00      0,00      0,00      0,00      0,00     99,50
16:26:35         13      0,50      0,00      1,01      0,00      0,00      0,00      0,00      0,00      0,00     98,49
16:26:35         14      1,00      0,00      0,00      0,00      0,00      0,00      0,00      0,00      0,00     99,00
16:26:35         15      0,50      0,00      0,00      0,00      0,00      0,00      0,00      0,00      0,00     99,50

16:26:33        IFACE   rxpck/s   txpck/s    rxkB/s    txkB/s   rxcmp/s   txcmp/s  rxmcst/s   %ifutil
16:26:35           lo      4,00      4,00      0,44      0,44      0,00      0,00      0,00      0,00
16:26:35         eno1     16,00     10,00      1,52      1,51      0,00      0,00      1,00      0,00
16:26:35         eno2      0,00      0,00      0,00      0,00      0,00      0,00      0,00      0,00
16:26:35      docker0      0,00      0,00      0,00      0,00      0,00      0,00      0,00      0,00
16:26:35      ens2np0      0,00      0,00      0,00      0,00      0,00      0,00      0,00      0,00
16:26:35      ens2np1      0,00      0,00      0,00      0,00      0,00      0,00      0,00      0,00

16:26:35        CPU      %usr     %nice      %sys   %iowait    %steal      %irq     %soft    %guest    %gnice     %idle
16:26:37        all      6,25      0,00      0,06      0,00      0,00      0,00      0,00      0,00      0,00     93,69
16:26:37          0      0,00      0,00      0,00      0,00      0,00      0,00      0,00      0,00      0,00    100,00
16:26:37          1      0,00      0,00      0,00      0,00      0,00      0,00      0,00      0,00      0,00    100,00
16:26:37          2      0,00      0,00      0,00      0,00      0,00      0,00      0,00      0,00      0,00    100,00
16:26:37          3    100,00      0,00      0,00      0,00      0,00      0,00      0,00      0,00      0,00      0,00
16:26:37          4      0,00      0,00      0,00      0,00      0,00      0,00      0,00      0,00      0,00    100,00
16:26:37          5      0,00      0,00      0,00      0,00      0,00      0,00      0,00      0,00      0,00    100,00
16:26:37          6      0,00      0,00      0,00      0,00      0,00      0,00      0,00      0,00      0,00    100,00
16:26:37          7      0,00      0,00      0,00      0,00      0,00      0,00      0,00      0,00      0,00    100,00
16:26:37          8      0,00      0,00      0,00      0,00      0,00      0,00      0,00      0,00      0,00    100,00
16:26:37          9      0,00      0,00      0,00      0,00      0,00      0,00      0,00      0,00      0,00    100,00
16:26:37         10      0,00      0,00      0,50      0,00      0,00      0,00      0,00      0,00      0,00     99,50
16:26:37         11      0,00      0,00      0,00      0,00      0,00      0,00      0,00      0,00      0,00    100,00
16:26:37         12      0,00      0,00      0,00      0,00      0,00      0,00      0,00      0,00      0,00    100,00
16:26:37         13      0,00      0,00      0,50      0,00      0,00      0,00      0,00      0,00      0,00     99,50
16:26:37         14      0,00      0,00      0,00      0,00      0,00      0,00      0,00      0,00      0,00    100,00
16:26:37         15      0,00      0,00      0,00      0,00      0,00      0,00      0,00      0,00      0,00    100,00

16:26:35        IFACE   rxpck/s   txpck/s    rxkB/s    txkB/s   rxcmp/s   txcmp/s  rxmcst/s   %ifutil
16:26:37           lo      0,00      0,00      0,00      0,00      0,00      0,00      0,00      0,00
16:26:37         eno1      9,50      1,50      0,76      0,10      0,00      0,00      1,00      0,00
16:26:37         eno2      0,00      0,00      0,00      0,00      0,00      0,00      0,00      0,00
16:26:37      docker0      0,00      0,00      0,00      0,00      0,00      0,00      0,00      0,00
16:26:37      ens2np0      0,00      1,00      0,00      0,08      0,00      0,00      0,00      0,00
16:26:37      ens2np1      0,00      0,00      0,00      0,00      0,00      0,00      0,00      0,00

16:26:37        CPU      %usr     %nice      %sys   %iowait    %steal      %irq     %soft    %guest    %gnice     %idle
16:26:39        all      6,13      0,00      0,16      0,00      0,00      0,00      4,22      0,00      0,00     89,49
16:26:39          0      0,00      0,00      0,00      0,00      0,00      0,00     67,84      0,00      0,00     32,16
16:26:39          1      0,00      0,00      0,00      0,00      0,00      0,00      0,00      0,00      0,00    100,00
16:26:39          2      0,00      0,00      0,00      0,00      0,00      0,00      0,00      0,00      0,00    100,00
16:26:39          3     97,50      0,00      2,50      0,00      0,00      0,00      0,00      0,00      0,00      0,00
16:26:39          4      0,00      0,00      0,00      0,00      0,00      0,00      0,00      0,00      0,00    100,00
16:26:39          5      0,00      0,00      0,00      0,00      0,00      0,00      0,00      0,00      0,00    100,00
16:26:39          6      0,50      0,00      0,00      0,00      0,00      0,00      0,00      0,00      0,00     99,50
16:26:39          7      0,00      0,00      0,00      0,00      0,00      0,00      0,00      0,00      0,00    100,00
16:26:39          8      0,00      0,00      0,00      0,00      0,00      0,00      0,00      0,00      0,00    100,00
16:26:39          9      0,00      0,00      0,00      0,00      0,00      0,00      0,00      0,00      0,00    100,00
16:26:39         10      0,00      0,00      0,00      0,00      0,00      0,00      0,00      0,00      0,00    100,00
16:26:39         11      0,00      0,00      0,00      0,00      0,00      0,00      0,00      0,00      0,00    100,00
16:26:39         12      0,00      0,00      0,00      0,00      0,00      0,00      0,00      0,00      0,00    100,00
16:26:39         13      0,00      0,00      0,00      0,00      0,00      0,00      0,00      0,00      0,00    100,00
16:26:39         14      0,00      0,00      0,00      0,00      0,00      0,00      0,00      0,00      0,00    100,00
16:26:39         15      0,00      0,00      0,00      0,00      0,00      0,00      0,00      0,00      0,00    100,00

16:26:37        IFACE   rxpck/s   txpck/s    rxkB/s    txkB/s   rxcmp/s   txcmp/s  rxmcst/s   %ifutil
16:26:39           lo      0,00      0,00      0,00      0,00      0,00      0,00      0,00      0,00
16:26:39         eno1      8,50      1,50      0,57      0,14      0,00      0,00      1,00      0,00
16:26:39         eno2      0,00      0,00      0,00      0,00      0,00      0,00      0,00      0,00
16:26:39      docker0      0,00      0,00      0,00      0,00      0,00      0,00      0,00      0,00
16:26:39      ens2np0 992544,00  25140,00  58156,88   1473,05      0,00      0,00      0,00      4,76
16:26:39      ens2np1      0,00      0,00      0,00      0,00      0,00      0,00      0,00      0,00

16:26:39        CPU      %usr     %nice      %sys   %iowait    %steal      %irq     %soft    %guest    %gnice     %idle
16:26:41        all      6,13      0,00      0,16      0,00      0,00      0,00      6,25      0,00      0,00     87,46
16:26:41          0      0,00      0,00      0,00      0,00      0,00      0,00    100,00      0,00      0,00      0,00
16:26:41          1      0,00      0,00      0,00      0,00      0,00      0,00      0,00      0,00      0,00    100,00
16:26:41          2      0,00      0,00      0,00      0,00      0,00      0,00      0,00      0,00      0,00    100,00
16:26:41          3     98,00      0,00      2,00      0,00      0,00      0,00      0,00      0,00      0,00      0,00
16:26:41          4      0,00      0,00      0,00      0,00      0,00      0,00      0,00      0,00      0,00    100,00
16:26:41          5      0,00      0,00      0,00      0,00      0,00      0,00      0,00      0,00      0,00    100,00
16:26:41          6      0,00      0,00      0,50      0,00      0,00      0,00      0,00      0,00      0,00     99,50
16:26:41          7      0,00      0,00      0,00      0,00      0,00      0,00      0,00      0,00      0,00    100,00
16:26:41          8      0,00      0,00      0,00      0,00      0,00      0,00      0,00      0,00      0,00    100,00
16:26:41          9      0,00      0,00      0,00      0,00      0,00      0,00      0,00      0,00      0,00    100,00
16:26:41         10      0,00      0,00      0,00      0,00      0,00      0,00      0,00      0,00      0,00    100,00
16:26:41         11      0,00      0,00      0,00      0,00      0,00      0,00      0,00      0,00      0,00    100,00
16:26:41         12      0,00      0,00      0,00      0,00      0,00      0,00      0,00      0,00      0,00    100,00
16:26:41         13      0,00      0,00      0,00      0,00      0,00      0,00      0,00      0,00      0,00    100,00
16:26:41         14      0,00      0,00      0,00      0,00      0,00      0,00      0,00      0,00      0,00    100,00
16:26:41         15      0,00      0,00      0,00      0,00      0,00      0,00      0,00      0,00      0,00    100,00

16:26:39        IFACE   rxpck/s   txpck/s    rxkB/s    txkB/s   rxcmp/s   txcmp/s  rxmcst/s   %ifutil
16:26:41           lo      0,00      0,00      0,00      0,00      0,00      0,00      0,00      0,00
16:26:41         eno1      8,50      0,00      0,53      0,00      0,00      0,00      1,00      0,00
16:26:41         eno2      0,00      0,00      0,00      0,00      0,00      0,00      0,00      0,00
16:26:41      docker0      0,00      0,00      0,00      0,00      0,00      0,00      0,00      0,00
16:26:41      ens2np0 1482714,50  37200,00  86877,80   2179,69      0,00      0,00      0,00      7,12
16:26:41      ens2np1      0,00      0,00      0,00      0,00      0,00      0,00      0,00      0,00

16:26:41        CPU      %usr     %nice      %sys   %iowait    %steal      %irq     %soft    %guest    %gnice     %idle
16:26:43        all      6,06      0,00      0,28      0,00      0,00      0,00      6,25      0,00      0,00     87,41
16:26:43          0      0,00      0,00      0,00      0,00      0,00      0,00    100,00      0,00      0,00      0,00
16:26:43          1      0,50      0,00      0,00      0,00      0,00      0,00      0,00      0,00      0,00     99,50
16:26:43          2      0,00      0,00      0,00      0,00      0,00      0,00      0,00      0,00      0,00    100,00
16:26:43          3     96,50      0,00      3,50      0,00      0,00      0,00      0,00      0,00      0,00      0,00
16:26:43          4      0,00      0,00      0,00      0,00      0,00      0,00      0,00      0,00      0,00    100,00
16:26:43          5      0,00      0,00      0,00      0,00      0,00      0,00      0,00      0,00      0,00    100,00
16:26:43          6      0,00      0,00      0,50      0,00      0,00      0,00      0,00      0,00      0,00     99,50
16:26:43          7      0,00      0,00      0,50      0,00      0,00      0,00      0,00      0,00      0,00     99,50
16:26:43          8      0,00      0,00      0,00      0,00      0,00      0,00      0,00      0,00      0,00    100,00
16:26:43          9      0,00      0,00      0,00      0,00      0,00      0,00      0,00      0,00      0,00    100,00
16:26:43         10      0,00      0,00      0,00      0,00      0,00      0,00      0,00      0,00      0,00    100,00
16:26:43         11      0,00      0,00      0,00      0,00      0,00      0,00      0,00      0,00      0,00    100,00
16:26:43         12      0,00      0,00      0,00      0,00      0,00      0,00      0,00      0,00      0,00    100,00
16:26:43         13      0,00      0,00      0,00      0,00      0,00      0,00      0,00      0,00      0,00    100,00
16:26:43         14      0,00      0,00      0,00      0,00      0,00      0,00      0,00      0,00      0,00    100,00
16:26:43         15      0,00      0,00      0,00      0,00      0,00      0,00      0,00      0,00      0,00    100,00

16:26:41        IFACE   rxpck/s   txpck/s    rxkB/s    txkB/s   rxcmp/s   txcmp/s  rxmcst/s   %ifutil
16:26:43           lo      0,00      0,00      0,00      0,00      0,00      0,00      0,00      0,00
16:26:43         eno1      5,00      0,00      0,33      0,00      0,00      0,00      1,50      0,00
16:26:43         eno2      0,00      0,00      0,00      0,00      0,00      0,00      0,00      0,00
16:26:43      docker0      0,00      0,00      0,00      0,00      0,00      0,00      0,00      0,00
16:26:43      ens2np0 1484673,00  37248,00  86992,56   2182,50      0,00      0,00      0,00      7,13
16:26:43      ens2np1      0,00      0,00      0,00      0,00      0,00      0,00      0,00      0,00

16:26:43        CPU      %usr     %nice      %sys   %iowait    %steal      %irq     %soft    %guest    %gnice     %idle
16:26:45        all      6,62      0,00      0,34      0,00      0,00      0,00      6,24      0,00      0,00     86,79
16:26:45          0      0,00      0,00      0,00      0,00      0,00      0,00    100,00      0,00      0,00      0,00
16:26:45          1      0,50      0,00      0,00      0,00      0,00      0,00      0,00      0,00      0,00     99,50
16:26:45          2      1,50      0,00      0,00      0,00      0,00      0,00      0,00      0,00      0,00     98,50
16:26:45          3     96,00      0,00      4,00      0,00      0,00      0,00      0,00      0,00      0,00      0,00
16:26:45          4      0,50      0,00      0,00      0,00      0,00      0,00      0,00      0,00      0,00     99,50
16:26:45          5      0,50      0,00      0,00      0,00      0,00      0,00      0,00      0,00      0,00     99,50
16:26:45          6      0,50      0,00      0,00      0,00      0,00      0,00      0,00      0,00      0,00     99,50
16:26:45          7      0,50      0,00      0,00      0,00      0,00      0,00      0,00      0,00      0,00     99,50
16:26:45          8      0,00      0,00      0,00      0,00      0,00      0,00      0,00      0,00      0,00    100,00
16:26:45          9      0,50      0,00      0,00      0,00      0,00      0,00      0,00      0,00      0,00     99,50
16:26:45         10      1,50      0,00      0,00      0,00      0,00      0,00      0,00      0,00      0,00     98,50
16:26:45         11      0,50      0,00      0,50      0,00      0,00      0,00      0,00      0,00      0,00     99,00
16:26:45         12      0,50      0,00      0,00      0,00      0,00      0,00      0,00      0,00      0,00     99,50
16:26:45         13      0,50      0,00      0,50      0,00      0,00      0,00      0,00      0,00      0,00     99,00
16:26:45         14      1,49      0,00      0,50      0,00      0,00      0,00      0,00      0,00      0,00     98,01
16:26:45         15      1,00      0,00      0,00      0,00      0,00      0,00      0,00      0,00      0,00     99,00

16:26:43        IFACE   rxpck/s   txpck/s    rxkB/s    txkB/s   rxcmp/s   txcmp/s  rxmcst/s   %ifutil
16:26:45           lo      0,00      0,00      0,00      0,00      0,00      0,00      0,00      0,00
16:26:45         eno1      7,50      0,00      0,49      0,00      0,00      0,00      1,50      0,00
16:26:45         eno2      0,00      0,00      0,00      0,00      0,00      0,00      0,00      0,00
16:26:45      docker0      0,00      0,00      0,00      0,00      0,00      0,00      0,00      0,00
16:26:45      ens2np0 1482304,50  37232,00  86853,78   2181,56      0,00      0,00      0,00      7,12
16:26:45      ens2np1      0,00      0,00      0,00      0,00      0,00      0,00      0,00      0,00

16:26:45        CPU      %usr     %nice      %sys   %iowait    %steal      %irq     %soft    %guest    %gnice     %idle
16:26:47        all      6,38      0,00      0,13      0,00      0,00      0,00      6,25      0,00      0,00     87,25
16:26:47          0      0,00      0,00      0,00      0,00      0,00      0,00    100,00      0,00      0,00      0,00
16:26:47          1      0,00      0,00      0,00      0,00      0,00      0,00      0,00      0,00      0,00    100,00
16:26:47          2      0,00      0,00      0,00      0,00      0,00      0,00      0,00      0,00      0,00    100,00
16:26:47          3     98,50      0,00      1,50      0,00      0,00      0,00      0,00      0,00      0,00      0,00
16:26:47          4      0,00      0,00      0,00      0,00      0,00      0,00      0,00      0,00      0,00    100,00
16:26:47          5      0,00      0,00      0,00      0,00      0,00      0,00      0,00      0,00      0,00    100,00
16:26:47          6      0,00      0,00      0,00      0,00      0,00      0,00      0,00      0,00      0,00    100,00
16:26:47          7      3,02      0,00      0,00      0,00      0,00      0,00      0,00      0,00      0,00     96,98
16:26:47          8      0,00      0,00      0,00      0,00      0,00      0,00      0,00      0,00      0,00    100,00
16:26:47          9      0,00      0,00      0,00      0,00      0,00      0,00      0,00      0,00      0,00    100,00
16:26:47         10      0,50      0,00      0,50      0,00      0,00      0,00      0,00      0,00      0,00     99,00
16:26:47         11      0,00      0,00      0,00      0,00      0,00      0,00      0,00      0,00      0,00    100,00
16:26:47         12      0,00      0,00      0,00      0,00      0,00      0,00      0,00      0,00      0,00    100,00
16:26:47         13      0,00      0,00      0,00      0,00      0,00      0,00      0,00      0,00      0,00    100,00
16:26:47         14      0,00      0,00      0,00      0,00      0,00      0,00      0,00      0,00      0,00    100,00
16:26:47         15      0,00      0,00      0,00      0,00      0,00      0,00      0,00      0,00      0,00    100,00

16:26:45        IFACE   rxpck/s   txpck/s    rxkB/s    txkB/s   rxcmp/s   txcmp/s  rxmcst/s   %ifutil
16:26:47           lo      0,00      0,00      0,00      0,00      0,00      0,00      0,00      0,00
16:26:47         eno1      7,50      0,00      0,47      0,00      0,00      0,00      1,00      0,00
16:26:47         eno2      0,00      0,00      0,00      0,00      0,00      0,00      0,00      0,00
16:26:47      docker0      0,00      0,00      0,00      0,00      0,00      0,00      0,00      0,00
16:26:47      ens2np0 1487871,00  37232,00  87179,94   2181,56      0,00      0,00      0,00      7,14
16:26:47      ens2np1      0,00      0,00      0,00      0,00      0,00      0,00      0,00      0,00

16:26:47        CPU      %usr     %nice      %sys   %iowait    %steal      %irq     %soft    %guest    %gnice     %idle
16:26:49        all      6,12      0,00      0,16      0,00      0,00      0,00      6,28      0,00      0,00     87,44
16:26:49          0      0,00      0,00      0,00      0,00      0,00      0,00    100,00      0,00      0,00      0,00
16:26:49          1      0,00      0,00      0,00      0,00      0,00      0,00      0,50      0,00      0,00     99,50
16:26:49          2      0,00      0,00      0,00      0,00      0,00      0,00      0,00      0,00      0,00    100,00
16:26:49          3     97,51      0,00      2,49      0,00      0,00      0,00      0,00      0,00      0,00      0,00
16:26:49          4      0,00      0,00      0,00      0,00      0,00      0,00      0,00      0,00      0,00    100,00
16:26:49          5      0,00      0,00      0,00      0,00      0,00      0,00      0,00      0,00      0,00    100,00
16:26:49          6      0,00      0,00      0,00      0,00      0,00      0,00      0,00      0,00      0,00    100,00
16:26:49          7      0,00      0,00      0,00      0,00      0,00      0,00      0,00      0,00      0,00    100,00
16:26:49          8      0,00      0,00      0,00      0,00      0,00      0,00      0,00      0,00      0,00    100,00
16:26:49          9      0,00      0,00      0,00      0,00      0,00      0,00      0,00      0,00      0,00    100,00
16:26:49         10      0,00      0,00      0,00      0,00      0,00      0,00      0,00      0,00      0,00    100,00
16:26:49         11      0,00      0,00      0,00      0,00      0,00      0,00      0,00      0,00      0,00    100,00
16:26:49         12      0,00      0,00      0,00      0,00      0,00      0,00      0,00      0,00      0,00    100,00
16:26:49         13      0,00      0,00      0,00      0,00      0,00      0,00      0,00      0,00      0,00    100,00
16:26:49         14      0,00      0,00      0,00      0,00      0,00      0,00      0,00      0,00      0,00    100,00
16:26:49         15      0,00      0,00      0,00      0,00      0,00      0,00      0,00      0,00      0,00    100,00

16:26:47        IFACE   rxpck/s   txpck/s    rxkB/s    txkB/s   rxcmp/s   txcmp/s  rxmcst/s   %ifutil
16:26:49           lo      0,00      0,00      0,00      0,00      0,00      0,00      0,00      0,00
16:26:49         eno1      6,50      0,00      0,41      0,00      0,00      0,00      1,00      0,00
16:26:49         eno2      0,00      0,00      0,00      0,00      0,00      0,00      0,00      0,00
16:26:49      docker0      0,00      0,00      0,00      0,00      0,00      0,00      0,00      0,00
16:26:49      ens2np0 1488133,00  37191,00  87195,29   2179,16      0,00      0,00      0,00      7,14
16:26:49      ens2np1      0,00      0,00      0,00      0,00      0,00      0,00      0,00      0,00

16:26:49        CPU      %usr     %nice      %sys   %iowait    %steal      %irq     %soft    %guest    %gnice     %idle
16:26:51        all      6,06      0,00      0,16      0,00      0,00      0,00      6,28      0,00      0,00     87,50
16:26:51          0      0,00      0,00      0,00      0,00      0,00      0,00    100,00      0,00      0,00      0,00
16:26:51          1      0,00      0,00      0,00      0,00      0,00      0,00      0,50      0,00      0,00     99,50
16:26:51          2      0,00      0,00      0,00      0,00      0,00      0,00      0,00      0,00      0,00    100,00
16:26:51          3     97,49      0,00      2,51      0,00      0,00      0,00      0,00      0,00      0,00      0,00
16:26:51          4      0,00      0,00      0,00      0,00      0,00      0,00      0,00      0,00      0,00    100,00
16:26:51          5      0,00      0,00      0,00      0,00      0,00      0,00      0,00      0,00      0,00    100,00
16:26:51          6      0,00      0,00      0,00      0,00      0,00      0,00      0,00      0,00      0,00    100,00
16:26:51          7      0,00      0,00      0,00      0,00      0,00      0,00      0,00      0,00      0,00    100,00
16:26:51          8      0,00      0,00      0,00      0,00      0,00      0,00      0,00      0,00      0,00    100,00
16:26:51          9      0,00      0,00      0,00      0,00      0,00      0,00      0,00      0,00      0,00    100,00
16:26:51         10      0,00      0,00      0,00      0,00      0,00      0,00      0,00      0,00      0,00    100,00
16:26:51         11      0,00      0,00      0,00      0,00      0,00      0,00      0,00      0,00      0,00    100,00
16:26:51         12      0,00      0,00      0,00      0,00      0,00      0,00      0,00      0,00      0,00    100,00
16:26:51         13      0,00      0,00      0,00      0,00      0,00      0,00      0,00      0,00      0,00    100,00
16:26:51         14      0,00      0,00      0,00      0,00      0,00      0,00      0,00      0,00      0,00    100,00
16:26:51         15      0,00      0,00      0,00      0,00      0,00      0,00      0,00      0,00      0,00    100,00

16:26:49        IFACE   rxpck/s   txpck/s    rxkB/s    txkB/s   rxcmp/s   txcmp/s  rxmcst/s   %ifutil
16:26:51           lo      0,00      0,00      0,00      0,00      0,00      0,00      0,00      0,00
16:26:51         eno1      8,50      0,00      0,53      0,00      0,00      0,00      1,50      0,00
16:26:51         eno2      0,00      0,00      0,00      0,00      0,00      0,00      0,00      0,00
16:26:51      docker0      0,00      0,00      0,00      0,00      0,00      0,00      0,00      0,00
16:26:51      ens2np0 1490253,50  37225,00  87319,54   2181,15      0,00      0,00      0,00      7,15
16:26:51      ens2np1      0,00      0,00      0,00      0,00      0,00      0,00      0,00      0,00

16:26:51        CPU      %usr     %nice      %sys   %iowait    %steal      %irq     %soft    %guest    %gnice     %idle
16:26:53        all      6,34      0,00      0,19      0,00      0,00      0,00      6,25      0,00      0,00     87,22
16:26:53          0      0,00      0,00      0,00      0,00      0,00      0,00    100,00      0,00      0,00      0,00
16:26:53          1      0,50      0,00      0,00      0,00      0,00      0,00      0,00      0,00      0,00     99,50
16:26:53          2      0,00      0,00      0,00      0,00      0,00      0,00      0,00      0,00      0,00    100,00
16:26:53          3     97,00      0,00      3,00      0,00      0,00      0,00      0,00      0,00      0,00      0,00
16:26:53          4      0,50      0,00      0,00      0,00      0,00      0,00      0,00      0,00      0,00     99,50
16:26:53          5      0,50      0,00      0,00      0,00      0,00      0,00      0,00      0,00      0,00     99,50
16:26:53          6      0,00      0,00      0,00      0,00      0,00      0,00      0,00      0,00      0,00    100,00
16:26:53          7      0,50      0,00      0,00      0,00      0,00      0,00      0,00      0,00      0,00     99,50
16:26:53          8      0,50      0,00      0,00      0,00      0,00      0,00      0,00      0,00      0,00     99,50
16:26:53          9      0,50      0,00      0,00      0,00      0,00      0,00      0,00      0,00      0,00     99,50
16:26:53         10      0,50      0,00      0,00      0,00      0,00      0,00      0,00      0,00      0,00     99,50
16:26:53         11      0,00      0,00      0,00      0,00      0,00      0,00      0,00      0,00      0,00    100,00
16:26:53         12      0,50      0,00      0,00      0,00      0,00      0,00      0,00      0,00      0,00     99,50
16:26:53         13      0,50      0,00      0,00      0,00      0,00      0,00      0,00      0,00      0,00     99,50
16:26:53         14      0,00      0,00      0,00      0,00      0,00      0,00      0,00      0,00      0,00    100,00
16:26:53         15      0,00      0,00      0,00      0,00      0,00      0,00      0,00      0,00      0,00    100,00

16:26:51        IFACE   rxpck/s   txpck/s    rxkB/s    txkB/s   rxcmp/s   txcmp/s  rxmcst/s   %ifutil
16:26:53           lo      0,00      0,00      0,00      0,00      0,00      0,00      0,00      0,00
16:26:53         eno1      4,50      0,00      0,28      0,00      0,00      0,00      1,00      0,00
16:26:53         eno2      0,00      0,00      0,00      0,00      0,00      0,00      0,00      0,00
16:26:53      docker0      0,00      0,00      0,00      0,00      0,00      0,00      0,00      0,00
16:26:53      ens2np0 1488822,50  37280,50  87235,69   2184,42      0,00      0,00      0,00      7,15
16:26:53      ens2np1      0,00      0,00      0,00      0,00      0,00      0,00      0,00      0,00

16:26:53        CPU      %usr     %nice      %sys   %iowait    %steal      %irq     %soft    %guest    %gnice     %idle
16:26:55        all      6,47      0,00      0,28      0,00      0,00      0,00      6,26      0,00      0,00     86,99
16:26:55          0      0,00      0,00      0,00      0,00      0,00      0,00    100,00      0,00      0,00      0,00
16:26:55          1      0,50      0,00      0,00      0,00      0,00      0,00      0,00      0,00      0,00     99,50
16:26:55          2      0,50      0,00      0,00      0,00      0,00      0,00      0,00      0,00      0,00     99,50
16:26:55          3     96,50      0,00      3,50      0,00      0,00      0,00      0,00      0,00      0,00      0,00
16:26:55          4      0,50      0,00      0,50      0,00      0,00      0,00      0,00      0,00      0,00     99,00
16:26:55          5      0,00      0,00      0,00      0,00      0,00      0,00      0,00      0,00      0,00    100,00
16:26:55          6      0,50      0,00      0,00      0,00      0,00      0,00      0,00      0,00      0,00     99,50
16:26:55          7      0,50      0,00      0,00      0,00      0,00      0,00      0,00      0,00      0,00     99,50
16:26:55          8      0,50      0,00      0,50      0,00      0,00      0,00      0,00      0,00      0,00     99,00
16:26:55          9      0,00      0,00      0,00      0,00      0,00      0,00      0,00      0,00      0,00    100,00
16:26:55         10      0,50      0,00      0,00      0,00      0,00      0,00      0,00      0,00      0,00     99,50
16:26:55         11      0,50      0,00      0,00      0,00      0,00      0,00      0,00      0,00      0,00     99,50
16:26:55         12      0,00      0,00      0,00      0,00      0,00      0,00      0,00      0,00      0,00    100,00
16:26:55         13      0,50      0,00      0,00      0,00      0,00      0,00      0,00      0,00      0,00     99,50
16:26:55         14      0,50      0,00      0,00      0,00      0,00      0,00      0,00      0,00      0,00     99,50
16:26:55         15      2,00      0,00      0,00      0,00      0,00      0,00      0,00      0,00      0,00     98,00

16:26:53        IFACE   rxpck/s   txpck/s    rxkB/s    txkB/s   rxcmp/s   txcmp/s  rxmcst/s   %ifutil
16:26:55           lo      0,00      0,00      0,00      0,00      0,00      0,00      0,00      0,00
16:26:55         eno1      7,00      0,00      0,44      0,00      0,00      0,00      1,00      0,00
16:26:55         eno2      0,00      0,00      0,00      0,00      0,00      0,00      0,00      0,00
16:26:55      docker0      0,00      0,00      0,00      0,00      0,00      0,00      0,00      0,00
16:26:55      ens2np0 1483436,00  37168,00  86920,08   2177,81      0,00      0,00      0,00      7,12
16:26:55      ens2np1      0,00      0,00      0,00      0,00      0,00      0,00      0,00      0,00

16:26:55        CPU      %usr     %nice      %sys   %iowait    %steal      %irq     %soft    %guest    %gnice     %idle
16:26:57        all      6,28      0,00      0,16      0,00      0,00      0,00      6,24      0,00      0,00     87,32
16:26:57          0      0,00      0,00      0,00      0,00      0,00      0,00    100,00      0,00      0,00      0,00
16:26:57          1      0,00      0,00      0,00      0,00      0,00      0,00      0,00      0,00      0,00    100,00
16:26:57          2      0,00      0,00      0,00      0,00      0,00      0,00      0,00      0,00      0,00    100,00
16:26:57          3     98,00      0,00      2,00      0,00      0,00      0,00      0,00      0,00      0,00      0,00
16:26:57          4      0,50      0,00      0,00      0,00      0,00      0,00      0,00      0,00      0,00     99,50
16:26:57          5      0,50      0,00      0,00      0,00      0,00      0,00      0,00      0,00      0,00     99,50
16:26:57          6      0,00      0,00      0,50      0,00      0,00      0,00      0,00      0,00      0,00     99,50
16:26:57          7      0,50      0,00      0,00      0,00      0,00      0,00      0,00      0,00      0,00     99,50
16:26:57          8      0,00      0,00      0,00      0,00      0,00      0,00      0,00      0,00      0,00    100,00
16:26:57          9      0,50      0,00      0,00      0,00      0,00      0,00      0,00      0,00      0,00     99,50
16:26:57         10      0,00      0,00      0,00      0,00      0,00      0,00      0,00      0,00      0,00    100,00
16:26:57         11      0,00      0,00      0,00      0,00      0,00      0,00      0,00      0,00      0,00    100,00
16:26:57         12      0,00      0,00      0,00      0,00      0,00      0,00      0,00      0,00      0,00    100,00
16:26:57         13      0,00      0,00      0,00      0,00      0,00      0,00      0,00      0,00      0,00    100,00
16:26:57         14      0,50      0,00      0,00      0,00      0,00      0,00      0,00      0,00      0,00     99,50
16:26:57         15      0,00      0,00      0,00      0,00      0,00      0,00      0,00      0,00      0,00    100,00

16:26:55        IFACE   rxpck/s   txpck/s    rxkB/s    txkB/s   rxcmp/s   txcmp/s  rxmcst/s   %ifutil
16:26:57           lo      0,00      0,00      0,00      0,00      0,00      0,00      0,00      0,00
16:26:57         eno1      7,50      0,00      0,47      0,00      0,00      0,00      1,00      0,00
16:26:57         eno2      0,00      0,00      0,00      0,00      0,00      0,00      0,00      0,00
16:26:57      docker0      0,00      0,00      0,00      0,00      0,00      0,00      0,00      0,00
16:26:57      ens2np0 1487072,00  37136,00  87133,12   2175,94      0,00      0,00      0,00      7,14
16:26:57      ens2np1      0,00      0,00      0,00      0,00      0,00      0,00      0,00      0,00

16:26:57        CPU      %usr     %nice      %sys   %iowait    %steal      %irq     %soft    %guest    %gnice     %idle
16:26:59        all      6,16      0,00      0,09      0,00      0,00      0,00      6,25      0,00      0,00     87,50
16:26:59          0      0,00      0,00      0,00      0,00      0,00      0,00    100,00      0,00      0,00      0,00
16:26:59          1      0,00      0,00      0,00      0,00      0,00      0,00      0,00      0,00      0,00    100,00
16:26:59          2      0,00      0,00      0,00      0,00      0,00      0,00      0,00      0,00      0,00    100,00
16:26:59          3     98,50      0,00      1,50      0,00      0,00      0,00      0,00      0,00      0,00      0,00
16:26:59          4      0,00      0,00      0,00      0,00      0,00      0,00      0,00      0,00      0,00    100,00
16:26:59          5      0,00      0,00      0,00      0,00      0,00      0,00      0,00      0,00      0,00    100,00
16:26:59          6      0,00      0,00      0,00      0,00      0,00      0,00      0,00      0,00      0,00    100,00
16:26:59          7      0,00      0,00      0,00      0,00      0,00      0,00      0,00      0,00      0,00    100,00
16:26:59          8      0,00      0,00      0,00      0,00      0,00      0,00      0,00      0,00      0,00    100,00
16:26:59          9      0,00      0,00      0,00      0,00      0,00      0,00      0,00      0,00      0,00    100,00
16:26:59         10      0,00      0,00      0,00      0,00      0,00      0,00      0,00      0,00      0,00    100,00
16:26:59         11      0,00      0,00      0,00      0,00      0,00      0,00      0,00      0,00      0,00    100,00
16:26:59         12      0,00      0,00      0,00      0,00      0,00      0,00      0,00      0,00      0,00    100,00
16:26:59         13      0,00      0,00      0,00      0,00      0,00      0,00      0,00      0,00      0,00    100,00
16:26:59         14      0,00      0,00      0,00      0,00      0,00      0,00      0,00      0,00      0,00    100,00
16:26:59         15      0,00      0,00      0,00      0,00      0,00      0,00      0,00      0,00      0,00    100,00

16:26:57        IFACE   rxpck/s   txpck/s    rxkB/s    txkB/s   rxcmp/s   txcmp/s  rxmcst/s   %ifutil
16:26:59           lo      0,00      0,00      0,00      0,00      0,00      0,00      0,00      0,00
16:26:59         eno1      3,00      0,00      0,19      0,00      0,00      0,00      1,00      0,00
16:26:59         eno2      0,00      0,00      0,00      0,00      0,00      0,00      0,00      0,00
16:26:59      docker0      0,00      0,00      0,00      0,00      0,00      0,00      0,00      0,00
16:26:59      ens2np0 1488956,00  37136,00  87243,52   2175,94      0,00      0,00      0,00      7,15
16:26:59      ens2np1      0,00      0,00      0,00      0,00      0,00      0,00      0,00      0,00

16:26:59        CPU      %usr     %nice      %sys   %iowait    %steal      %irq     %soft    %guest    %gnice     %idle
16:27:01        all      6,19      0,00      0,09      0,00      0,00      0,00      6,25      0,00      0,00     87,46
16:27:01          0      0,00      0,00      0,00      0,00      0,00      0,00    100,00      0,00      0,00      0,00
16:27:01          1      0,00      0,00      0,00      0,00      0,00      0,00      0,00      0,00      0,00    100,00
16:27:01          2      0,00      0,00      0,00      0,00      0,00      0,00      0,00      0,00      0,00    100,00
16:27:01          3     98,51      0,00      1,49      0,00      0,00      0,00      0,00      0,00      0,00      0,00
16:27:01          4      0,00      0,00      0,00      0,00      0,00      0,00      0,00      0,00      0,00    100,00
16:27:01          5      0,00      0,00      0,00      0,00      0,00      0,00      0,00      0,00      0,00    100,00
16:27:01          6      0,00      0,00      0,00      0,00      0,00      0,00      0,00      0,00      0,00    100,00
16:27:01          7      0,00      0,00      0,00      0,00      0,00      0,00      0,00      0,00      0,00    100,00
16:27:01          8      0,00      0,00      0,00      0,00      0,00      0,00      0,00      0,00      0,00    100,00
16:27:01          9      0,00      0,00      0,00      0,00      0,00      0,00      0,00      0,00      0,00    100,00
16:27:01         10      0,00      0,00      0,00      0,00      0,00      0,00      0,00      0,00      0,00    100,00
16:27:01         11      0,00      0,00      0,00      0,00      0,00      0,00      0,00      0,00      0,00    100,00
16:27:01         12      0,00      0,00      0,00      0,00      0,00      0,00      0,00      0,00      0,00    100,00
16:27:01         13      0,00      0,00      0,00      0,00      0,00      0,00      0,00      0,00      0,00    100,00
16:27:01         14      0,00      0,00      0,00      0,00      0,00      0,00      0,00      0,00      0,00    100,00
16:27:01         15      0,00      0,00      0,00      0,00      0,00      0,00      0,00      0,00      0,00    100,00

16:26:59        IFACE   rxpck/s   txpck/s    rxkB/s    txkB/s   rxcmp/s   txcmp/s  rxmcst/s   %ifutil
16:27:01           lo      0,00      0,00      0,00      0,00      0,00      0,00      0,00      0,00
16:27:01         eno1      7,50      0,50      0,47      0,03      0,00      0,00      1,00      0,00
16:27:01         eno2      0,00      0,00      0,00      0,00      0,00      0,00      0,00      0,00
16:27:01      docker0      0,00      0,00      0,00      0,00      0,00      0,00      0,00      0,00
16:27:01      ens2np0 1489085,00  37328,00  87251,07   2187,19      0,00      0,00      0,00      7,15
16:27:01      ens2np1      0,00      0,00      0,00      0,00      0,00      0,00      0,00      0,00

16:27:01        CPU      %usr     %nice      %sys   %iowait    %steal      %irq     %soft    %guest    %gnice     %idle
16:27:03        all      6,10      0,00      0,16      0,00      0,00      0,00      6,26      0,00      0,00     87,49
16:27:03          0      0,00      0,00      0,00      0,00      0,00      0,00    100,00      0,00      0,00      0,00
16:27:03          1      0,00      0,00      0,00      0,00      0,00      0,00      0,00      0,00      0,00    100,00
16:27:03          2      0,50      0,00      0,00      0,00      0,00      0,00      0,00      0,00      0,00     99,50
16:27:03          3     97,49      0,00      2,51      0,00      0,00      0,00      0,00      0,00      0,00      0,00
16:27:03          4      0,00      0,00      0,00      0,00      0,00      0,00      0,00      0,00      0,00    100,00
16:27:03          5      0,00      0,00      0,00      0,00      0,00      0,00      0,00      0,00      0,00    100,00
16:27:03          6      0,00      0,00      0,00      0,00      0,00      0,00      0,00      0,00      0,00    100,00
16:27:03          7      0,00      0,00      0,00      0,00      0,00      0,00      0,00      0,00      0,00    100,00
16:27:03          8      0,00      0,00      0,00      0,00      0,00      0,00      0,00      0,00      0,00    100,00
16:27:03          9      0,00      0,00      0,00      0,00      0,00      0,00      0,00      0,00      0,00    100,00
16:27:03         10      0,00      0,00      0,00      0,00      0,00      0,00      0,00      0,00      0,00    100,00
16:27:03         11      0,00      0,00      0,00      0,00      0,00      0,00      0,00      0,00      0,00    100,00
16:27:03         12      0,00      0,00      0,00      0,00      0,00      0,00      0,00      0,00      0,00    100,00
16:27:03         13      0,00      0,00      0,00      0,00      0,00      0,00      0,00      0,00      0,00    100,00
16:27:03         14      0,00      0,00      0,00      0,00      0,00      0,00      0,00      0,00      0,00    100,00
16:27:03         15      0,00      0,00      0,00      0,00      0,00      0,00      0,00      0,00      0,00    100,00

16:27:01        IFACE   rxpck/s   txpck/s    rxkB/s    txkB/s   rxcmp/s   txcmp/s  rxmcst/s   %ifutil
16:27:03           lo      0,00      0,00      0,00      0,00      0,00      0,00      0,00      0,00
16:27:03         eno1      7,50      0,00      0,47      0,00      0,00      0,00      1,00      0,00
16:27:03         eno2      0,00      0,00      0,00      0,00      0,00      0,00      0,00      0,00
16:27:03      docker0      0,00      0,00      0,00      0,00      0,00      0,00      0,00      0,00
16:27:03      ens2np0 1483718,00  37280,00  86936,60   2184,38      0,00      0,00      0,00      7,12
16:27:03      ens2np1      0,00      0,00      0,00      0,00      0,00      0,00      0,00      0,00

16:27:03        CPU      %usr     %nice      %sys   %iowait    %steal      %irq     %soft    %guest    %gnice     %idle
16:27:05        all      6,42      0,00      0,28      0,00      0,00      0,00      6,26      0,00      0,00     87,04
16:27:05          0      0,00      0,00      0,00      0,00      0,00      0,00    100,00      0,00      0,00      0,00
16:27:05          1      0,50      0,00      0,00      0,00      0,00      0,00      0,00      0,00      0,00     99,50
16:27:05          2      0,00      0,00      0,00      0,00      0,00      0,00      0,00      0,00      0,00    100,00
16:27:05          3     97,50      0,00      2,50      0,00      0,00      0,00      0,00      0,00      0,00      0,00
16:27:05          4      0,00      0,00      0,00      0,00      0,00      0,00      0,00      0,00      0,00    100,00
16:27:05          5      0,50      0,00      0,00      0,00      0,00      0,00      0,00      0,00      0,00     99,50
16:27:05          6      0,00      0,00      0,00      0,00      0,00      0,00      0,00      0,00      0,00    100,00
16:27:05          7      1,00      0,00      0,50      0,00      0,00      0,00      0,00      0,00      0,00     98,50
16:27:05          8      0,00      0,00      0,00      0,00      0,00      0,00      0,00      0,00      0,00    100,00
16:27:05          9      0,50      0,00      0,00      0,00      0,00      0,00      0,00      0,00      0,00     99,50
16:27:05         10      0,00      0,00      0,00      0,00      0,00      0,00      0,00      0,00      0,00    100,00
16:27:05         11      0,00      0,00      0,00      0,00      0,00      0,00      0,00      0,00      0,00    100,00
16:27:05         12      0,00      0,00      0,00      0,00      0,00      0,00      0,00      0,00      0,00    100,00
16:27:05         13      1,49      0,00      0,50      0,00      0,00      0,00      0,00      0,00      0,00     98,01
16:27:05         14      0,50      0,00      1,00      0,00      0,00      0,00      0,00      0,00      0,00     98,50
16:27:05         15      0,50      0,00      0,00      0,00      0,00      0,00      0,00      0,00      0,00     99,50

16:27:03        IFACE   rxpck/s   txpck/s    rxkB/s    txkB/s   rxcmp/s   txcmp/s  rxmcst/s   %ifutil
16:27:05           lo      0,00      0,00      0,00      0,00      0,00      0,00      0,00      0,00
16:27:05         eno1      6,50      0,00      0,41      0,00      0,00      0,00      1,00      0,00
16:27:05         eno2      0,00      0,00      0,00      0,00      0,00      0,00      0,00      0,00
16:27:05      docker0      0,00      0,00      0,00      0,00      0,00      0,00      0,00      0,00
16:27:05      ens2np0 1486893,00  37200,00  87122,64   2179,69      0,00      0,00      0,00      7,14
16:27:05      ens2np1      0,00      0,00      0,00      0,00      0,00      0,00      0,00      0,00

16:27:05        CPU      %usr     %nice      %sys   %iowait    %steal      %irq     %soft    %guest    %gnice     %idle
16:27:07        all      6,12      0,00      0,19      0,00      0,00      0,00      6,25      0,00      0,00     87,44
16:27:07          0      0,00      0,00      0,00      0,00      0,00      0,00    100,00      0,00      0,00      0,00
16:27:07          1      0,00      0,00      0,00      0,00      0,00      0,00      0,00      0,00      0,00    100,00
16:27:07          2      0,50      0,00      0,00      0,00      0,00      0,00      0,00      0,00      0,00     99,50
16:27:07          3     97,01      0,00      2,99      0,00      0,00      0,00      0,00      0,00      0,00      0,00
16:27:07          4      0,00      0,00      0,00      0,00      0,00      0,00      0,00      0,00      0,00    100,00
16:27:07          5      0,00      0,00      0,00      0,00      0,00      0,00      0,00      0,00      0,00    100,00
16:27:07          6      0,00      0,00      0,00      0,00      0,00      0,00      0,00      0,00      0,00    100,00
16:27:07          7      0,00      0,00      0,00      0,00      0,00      0,00      0,00      0,00      0,00    100,00
16:27:07          8      0,00      0,00      0,00      0,00      0,00      0,00      0,00      0,00      0,00    100,00
16:27:07          9      0,00      0,00      0,00      0,00      0,00      0,00      0,00      0,00      0,00    100,00
16:27:07         10      0,00      0,00      0,00      0,00      0,00      0,00      0,00      0,00      0,00    100,00
16:27:07         11      0,00      0,00      0,00      0,00      0,00      0,00      0,00      0,00      0,00    100,00
16:27:07         12      0,00      0,00      0,00      0,00      0,00      0,00      0,00      0,00      0,00    100,00
16:27:07         13      0,00      0,00      0,00      0,00      0,00      0,00      0,00      0,00      0,00    100,00
16:27:07         14      0,00      0,00      0,00      0,00      0,00      0,00      0,00      0,00      0,00    100,00
16:27:07         15      0,00      0,00      0,00      0,00      0,00      0,00      0,00      0,00      0,00    100,00

16:27:05        IFACE   rxpck/s   txpck/s    rxkB/s    txkB/s   rxcmp/s   txcmp/s  rxmcst/s   %ifutil
16:27:07           lo      0,00      0,00      0,00      0,00      0,00      0,00      0,00      0,00
16:27:07         eno1     11,00      0,50      0,69      0,03      0,00      0,00      1,00      0,00
16:27:07         eno2      0,00      0,00      0,00      0,00      0,00      0,00      0,00      0,00
16:27:07      docker0      0,00      0,00      0,00      0,00      0,00      0,00      0,00      0,00
16:27:07      ens2np0 1490135,50  37296,00  87312,63   2185,31      0,00      0,00      0,00      7,15
16:27:07      ens2np1      0,00      0,00      0,00      0,00      0,00      0,00      0,00      0,00

16:27:07        CPU      %usr     %nice      %sys   %iowait    %steal      %irq     %soft    %guest    %gnice     %idle
16:27:09        all      6,10      0,00      0,16      0,00      0,00      0,00      6,25      0,00      0,00     87,49
16:27:09          0      0,00      0,00      0,00      0,00      0,00      0,00    100,00      0,00      0,00      0,00
16:27:09          1      0,00      0,00      0,00      0,00      0,00      0,00      0,00      0,00      0,00    100,00
16:27:09          2      0,00      0,00      0,00      0,00      0,00      0,00      0,00      0,00      0,00    100,00
16:27:09          3     97,50      0,00      2,50      0,00      0,00      0,00      0,00      0,00      0,00      0,00
16:27:09          4      0,00      0,00      0,00      0,00      0,00      0,00      0,00      0,00      0,00    100,00
16:27:09          5      0,00      0,00      0,00      0,00      0,00      0,00      0,00      0,00      0,00    100,00
16:27:09          6      0,00      0,00      0,00      0,00      0,00      0,00      0,00      0,00      0,00    100,00
16:27:09          7      0,00      0,00      0,00      0,00      0,00      0,00      0,00      0,00      0,00    100,00
16:27:09          8      0,00      0,00      0,00      0,00      0,00      0,00      0,00      0,00      0,00    100,00
16:27:09          9      0,00      0,00      0,00      0,00      0,00      0,00      0,00      0,00      0,00    100,00
16:27:09         10      0,00      0,00      0,00      0,00      0,00      0,00      0,00      0,00      0,00    100,00
16:27:09         11      0,00      0,00      0,00      0,00      0,00      0,00      0,00      0,00      0,00    100,00
16:27:09         12      0,00      0,00      0,00      0,00      0,00      0,00      0,00      0,00      0,00    100,00
16:27:09         13      0,00      0,00      0,00      0,00      0,00      0,00      0,00      0,00      0,00    100,00
16:27:09         14      0,00      0,00      0,00      0,00      0,00      0,00      0,00      0,00      0,00    100,00
16:27:09         15      0,00      0,00      0,00      0,00      0,00      0,00      0,00      0,00      0,00    100,00

16:27:07        IFACE   rxpck/s   txpck/s    rxkB/s    txkB/s   rxcmp/s   txcmp/s  rxmcst/s   %ifutil
16:27:09           lo      0,00      0,00      0,00      0,00      0,00      0,00      0,00      0,00
16:27:09         eno1     11,00      0,00      0,69      0,00      0,00      0,00      1,00      0,00
16:27:09         eno2      0,00      0,00      0,00      0,00      0,00      0,00      0,00      0,00
16:27:09      docker0      0,00      0,00      0,00      0,00      0,00      0,00      0,00      0,00
16:27:09      ens2np0 1489770,50  37360,00  87291,24   2189,06      0,00      0,00      0,00      7,15
16:27:09      ens2np1      0,00      0,00      0,00      0,00      0,00      0,00      0,00      0,00

16:27:09        CPU      %usr     %nice      %sys   %iowait    %steal      %irq     %soft    %guest    %gnice     %idle
16:27:11        all      6,16      0,00      0,13      0,00      0,00      0,00      6,25      0,00      0,00     87,46
16:27:11          0      0,00      0,00      0,00      0,00      0,00      0,00    100,00      0,00      0,00      0,00
16:27:11          1      0,00      0,00      0,00      0,00      0,00      0,00      0,00      0,00      0,00    100,00
16:27:11          2      0,00      0,00      0,00      0,00      0,00      0,00      0,00      0,00      0,00    100,00
16:27:11          3     97,99      0,00      2,01      0,00      0,00      0,00      0,00      0,00      0,00      0,00
16:27:11          4      0,00      0,00      0,00      0,00      0,00      0,00      0,00      0,00      0,00    100,00
16:27:11          5      0,00      0,00      0,00      0,00      0,00      0,00      0,00      0,00      0,00    100,00
16:27:11          6      1,00      0,00      0,00      0,00      0,00      0,00      0,00      0,00      0,00     99,00
16:27:11          7      0,00      0,00      0,00      0,00      0,00      0,00      0,00      0,00      0,00    100,00
16:27:11          8      0,00      0,00      0,00      0,00      0,00      0,00      0,00      0,00      0,00    100,00
16:27:11          9      0,00      0,00      0,00      0,00      0,00      0,00      0,00      0,00      0,00    100,00
16:27:11         10      0,00      0,00      0,00      0,00      0,00      0,00      0,00      0,00      0,00    100,00
16:27:11         11      0,00      0,00      0,00      0,00      0,00      0,00      0,00      0,00      0,00    100,00
16:27:11         12      0,00      0,00      0,00      0,00      0,00      0,00      0,00      0,00      0,00    100,00
16:27:11         13      0,00      0,00      0,00      0,00      0,00      0,00      0,00      0,00      0,00    100,00
16:27:11         14      0,00      0,00      0,00      0,00      0,00      0,00      0,00      0,00      0,00    100,00
16:27:11         15      0,00      0,00      0,00      0,00      0,00      0,00      0,00      0,00      0,00    100,00

16:27:09        IFACE   rxpck/s   txpck/s    rxkB/s    txkB/s   rxcmp/s   txcmp/s  rxmcst/s   %ifutil
16:27:11           lo      0,00      0,00      0,00      0,00      0,00      0,00      0,00      0,00
16:27:11         eno1      6,00      0,00      0,38      0,00      0,00      0,00      1,00      0,00
16:27:11         eno2      0,00      0,00      0,00      0,00      0,00      0,00      0,00      0,00
16:27:11      docker0      0,00      0,00      0,00      0,00      0,00      0,00      0,00      0,00
16:27:11      ens2np0 1491098,00  37303,50  87369,02   2185,75      0,00      0,00      0,00      7,16
16:27:11      ens2np1      0,00      0,00      0,00      0,00      0,00      0,00      0,00      0,00

16:27:11        CPU      %usr     %nice      %sys   %iowait    %steal      %irq     %soft    %guest    %gnice     %idle
16:27:13        all      6,13      0,00      0,16      0,00      0,00      0,00      6,25      0,00      0,00     87,46
16:27:13          0      0,00      0,00      0,00      0,00      0,00      0,00    100,00      0,00      0,00      0,00
16:27:13          1      0,00      0,00      0,00      0,00      0,00      0,00      0,00      0,00      0,00    100,00
16:27:13          2      0,00      0,00      0,00      0,00      0,00      0,00      0,00      0,00      0,00    100,00
16:27:13          3     97,51      0,00      2,49      0,00      0,00      0,00      0,00      0,00      0,00      0,00
16:27:13          4      0,00      0,00      0,00      0,00      0,00      0,00      0,00      0,00      0,00    100,00
16:27:13          5      0,00      0,00      0,00      0,00      0,00      0,00      0,00      0,00      0,00    100,00
16:27:13          6      0,00      0,00      0,00      0,00      0,00      0,00      0,00      0,00      0,00    100,00
16:27:13          7      0,00      0,00      0,00      0,00      0,00      0,00      0,00      0,00      0,00    100,00
16:27:13          8      0,00      0,00      0,00      0,00      0,00      0,00      0,00      0,00      0,00    100,00
16:27:13          9      0,00      0,00      0,00      0,00      0,00      0,00      0,00      0,00      0,00    100,00
16:27:13         10      0,00      0,00      0,00      0,00      0,00      0,00      0,00      0,00      0,00    100,00
16:27:13         11      0,00      0,00      0,00      0,00      0,00      0,00      0,00      0,00      0,00    100,00
16:27:13         12      0,00      0,00      0,00      0,00      0,00      0,00      0,00      0,00      0,00    100,00
16:27:13         13      0,00      0,00      0,00      0,00      0,00      0,00      0,00      0,00      0,00    100,00
16:27:13         14      0,00      0,00      0,00      0,00      0,00      0,00      0,00      0,00      0,00    100,00
16:27:13         15      0,00      0,00      0,00      0,00      0,00      0,00      0,00      0,00      0,00    100,00

16:27:11        IFACE   rxpck/s   txpck/s    rxkB/s    txkB/s   rxcmp/s   txcmp/s  rxmcst/s   %ifutil
16:27:13           lo      0,00      0,00      0,00      0,00      0,00      0,00      0,00      0,00
16:27:13         eno1      9,00      1,50      0,57      0,12      0,00      0,00      1,00      0,00
16:27:13         eno2      0,00      0,00      0,00      0,00      0,00      0,00      0,00      0,00
16:27:13      docker0      0,00      0,00      0,00      0,00      0,00      0,00      0,00      0,00
16:27:13      ens2np0 1490924,00  37304,50  87358,83   2185,81      0,00      0,00      0,00      7,16
16:27:13      ens2np1      0,00      0,00      0,00      0,00      0,00      0,00      0,00      0,00

16:27:13        CPU      %usr     %nice      %sys   %iowait    %steal      %irq     %soft    %guest    %gnice     %idle
16:27:15        all      6,42      0,00      0,34      0,00      0,00      0,00      6,30      0,00      0,00     86,93
16:27:15          0      0,00      0,00      0,00      0,00      0,00      0,00    100,00      0,00      0,00      0,00
16:27:15          1      0,51      0,00      0,00      0,00      0,00      0,00      0,00      0,00      0,00     99,49
16:27:15          2      0,50      0,00      0,00      0,00      0,00      0,00      0,50      0,00      0,00     99,01
16:27:15          3     96,98      0,00      3,02      0,00      0,00      0,00      0,00      0,00      0,00      0,00
16:27:15          4      0,00      0,00      0,00      0,00      0,00      0,00      0,00      0,00      0,00    100,00
16:27:15          5      0,50      0,00      0,00      0,00      0,00      0,00      0,00      0,00      0,00     99,50
16:27:15          6      0,00      0,00      0,50      0,00      0,00      0,00      0,00      0,00      0,00     99,50
16:27:15          7      0,50      0,00      0,50      0,00      0,00      0,00      0,00      0,00      0,00     99,00
16:27:15          8      0,00      0,00      0,00      0,00      0,00      0,00      0,00      0,00      0,00    100,00
16:27:15          9      0,50      0,00      0,00      0,00      0,00      0,00      0,00      0,00      0,00     99,50
16:27:15         10      1,50      0,00      0,50      0,00      0,00      0,00      0,00      0,00      0,00     98,00
16:27:15         11      1,51      0,00      0,50      0,00      0,00      0,00      0,00      0,00      0,00     97,99
16:27:15         12      0,00      0,00      0,00      0,00      0,00      0,00      0,00      0,00      0,00    100,00
16:27:15         13      0,00      0,00      0,00      0,00      0,00      0,00      0,00      0,00      0,00    100,00
16:27:15         14      0,00      0,00      0,00      0,00      0,00      0,00      0,00      0,00      0,00    100,00
16:27:15         15      0,50      0,00      0,50      0,00      0,00      0,00      0,00      0,00      0,00     99,00

16:27:13        IFACE   rxpck/s   txpck/s    rxkB/s    txkB/s   rxcmp/s   txcmp/s  rxmcst/s   %ifutil
16:27:15           lo      0,00      0,00      0,00      0,00      0,00      0,00      0,00      0,00
16:27:15         eno1      8,50      4,00      0,81      0,93      0,00      0,00      1,00      0,00
16:27:15         eno2      0,00      0,00      0,00      0,00      0,00      0,00      0,00      0,00
16:27:15      docker0      0,00      0,00      0,00      0,00      0,00      0,00      0,00      0,00
16:27:15      ens2np0 1488076,00  37056,00  87191,95   2171,25      0,00      0,00      0,00      7,14
16:27:15      ens2np1      0,00      0,00      0,00      0,00      0,00      0,00      0,00      0,00

16:27:15        CPU      %usr     %nice      %sys   %iowait    %steal      %irq     %soft    %guest    %gnice     %idle
16:27:17        all      6,20      0,00      0,19      0,00      0,00      0,00      6,26      0,00      0,00     87,36
16:27:17          0      0,00      0,00      0,00      0,00      0,00      0,00    100,00      0,00      0,00      0,00
16:27:17          1      0,00      0,00      0,00      0,00      0,00      0,00      0,00      0,00      0,00    100,00
16:27:17          2      0,00      0,00      0,00      0,00      0,00      0,00      0,00      0,00      0,00    100,00
16:27:17          3     98,01      0,00      1,99      0,00      0,00      0,00      0,00      0,00      0,00      0,00
16:27:17          4      0,00      0,00      0,00      0,00      0,00      0,00      0,00      0,00      0,00    100,00
16:27:17          5      0,00      0,00      0,00      0,00      0,00      0,00      0,00      0,00      0,00    100,00
16:27:17          6      0,00      0,00      0,00      0,00      0,00      0,00      0,00      0,00      0,00    100,00
16:27:17          7      0,00      0,00      0,00      0,00      0,00      0,00      0,00      0,00      0,00    100,00
16:27:17          8      0,00      0,00      0,00      0,00      0,00      0,00      0,00      0,00      0,00    100,00
16:27:17          9      0,00      0,00      0,00      0,00      0,00      0,00      0,00      0,00      0,00    100,00
16:27:17         10      0,00      0,00      0,00      0,00      0,00      0,00      0,00      0,00      0,00    100,00
16:27:17         11      0,00      0,00      0,00      0,00      0,00      0,00      0,00      0,00      0,00    100,00
16:27:17         12      0,00      0,00      0,00      0,00      0,00      0,00      0,00      0,00      0,00    100,00
16:27:17         13      0,00      0,00      0,00      0,00      0,00      0,00      0,00      0,00      0,00    100,00
16:27:17         14      0,51      0,00      1,02      0,00      0,00      0,00      0,00      0,00      0,00     98,48
16:27:17         15      0,00      0,00      0,00      0,00      0,00      0,00      0,00      0,00      0,00    100,00

16:27:15        IFACE   rxpck/s   txpck/s    rxkB/s    txkB/s   rxcmp/s   txcmp/s  rxmcst/s   %ifutil
16:27:17           lo      0,00      0,00      0,00      0,00      0,00      0,00      0,00      0,00
16:27:17         eno1      8,00      2,00      0,62      0,17      0,00      0,00      2,50      0,00
16:27:17         eno2      0,00      0,00      0,00      0,00      0,00      0,00      0,00      0,00
16:27:17      docker0      0,00      0,00      0,00      0,00      0,00      0,00      0,00      0,00
16:27:17      ens2np0 1489677,50  37184,00  87285,79   2178,75      0,00      0,00      0,00      7,15
16:27:17      ens2np1      0,00      0,00      0,00      0,00      0,00      0,00      0,00      0,00

Average:        CPU      %usr     %nice      %sys   %iowait    %steal      %irq     %soft    %guest    %gnice     %idle
Average:        all      6,27      0,00      0,17      0,00      0,00      0,00      4,93      0,00      0,00     88,63
Average:          0      0,08      0,00      0,00      0,00      0,00      0,00     78,75      0,00      0,00     21,17
Average:          1      0,22      0,00      0,02      0,00      0,00      0,00      0,04      0,00      0,00     99,72
Average:          2      0,18      0,00      0,02      0,02      0,00      0,00      0,02      0,00      0,00     99,76
Average:          3     98,00      0,00      2,00      0,00      0,00      0,00      0,00      0,00      0,00      0,00
Average:          4      0,12      0,00      0,02      0,00      0,00      0,00      0,00      0,00      0,00     99,86
Average:          5      0,14      0,00      0,02      0,00      0,00      0,00      0,00      0,00      0,00     99,84
Average:          6      0,16      0,00      0,10      0,00      0,00      0,00      0,00      0,00      0,00     99,74
Average:          7      0,26      0,00      0,06      0,00      0,00      0,00      0,00      0,00      0,00     99,68
Average:          8      0,08      0,00      0,02      0,00      0,00      0,00      0,00      0,00      0,00     99,90
Average:          9      0,18      0,00      0,02      0,00      0,00      0,00      0,00      0,00      0,00     99,80
Average:         10      0,24      0,00      0,06      0,00      0,00      0,00      0,00      0,00      0,00     99,70
Average:         11      0,12      0,00      0,04      0,00      0,00      0,00      0,00      0,00      0,00     99,84
Average:         12      0,04      0,00      0,02      0,00      0,00      0,00      0,00      0,00      0,00     99,94
Average:         13      0,14      0,00      0,10      0,00      0,00      0,00      0,00      0,00      0,00     99,76
Average:         14      0,18      0,00      0,10      0,00      0,00      0,00      0,00      0,00      0,00     99,72
Average:         15      0,20      0,00      0,04      0,00      0,00      0,00      0,00      0,00      0,00     99,76

Average:        IFACE   rxpck/s   txpck/s    rxkB/s    txkB/s   rxcmp/s   txcmp/s  rxmcst/s   %ifutil
Average:           lo      0,16      0,16      0,02      0,02      0,00      0,00      0,00      0,00
Average:         eno1      9,02      2,10      0,74      0,35      0,00      0,00      1,16      0,00
Average:         eno2      0,00      0,00      0,00      0,00      0,00      0,00      0,00      0,00
Average:      docker0      0,00      0,00      0,00      0,00      0,00      0,00      0,00      0,00
Average:      ens2np0 1170246,30  29300,10  68569,12   1716,80      0,00      0,00      0,00      5,62
Average:      ens2np1      0,00      0,00      0,00      0,00      0,00      0,00      0,00      0,00
