Linux 5.13.0-52-generic (w1) 	22/07/2022 	_x86_64_	(16 CPU)

20:13:55        CPU      %usr     %nice      %sys   %iowait    %steal      %irq     %soft    %guest    %gnice     %idle
20:13:57        all      6,28      0,00      0,00      0,00      0,00      0,00      0,06      0,00      0,00     93,66
20:13:57          0      0,00      0,00      0,00      0,00      0,00      0,00      0,99      0,00      0,00     99,01
20:13:57          1      0,00      0,00      0,00      0,00      0,00      0,00      0,00      0,00      0,00    100,00
20:13:57          2      0,00      0,00      0,00      0,00      0,00      0,00      0,00      0,00      0,00    100,00
20:13:57          3      0,00      0,00      0,00      0,00      0,00      0,00      0,00      0,00      0,00    100,00
20:13:57          4      0,00      0,00      0,00      0,00      0,00      0,00      0,00      0,00      0,00    100,00
20:13:57          5    100,00      0,00      0,00      0,00      0,00      0,00      0,00      0,00      0,00      0,00
20:13:57          6      0,00      0,00      0,00      0,00      0,00      0,00      0,00      0,00      0,00    100,00
20:13:57          7      0,00      0,00      0,00      0,00      0,00      0,00      0,00      0,00      0,00    100,00
20:13:57          8      0,00      0,00      0,00      0,00      0,00      0,00      0,00      0,00      0,00    100,00
20:13:57          9      0,00      0,00      0,00      0,00      0,00      0,00      0,00      0,00      0,00    100,00
20:13:57         10      0,00      0,00      0,00      0,00      0,00      0,00      0,00      0,00      0,00    100,00
20:13:57         11      0,00      0,00      0,00      0,00      0,00      0,00      0,00      0,00      0,00    100,00
20:13:57         12      0,50      0,00      0,00      0,00      0,00      0,00      0,00      0,00      0,00     99,50
20:13:57         13      0,00      0,00      0,00      0,00      0,00      0,00      0,00      0,00      0,00    100,00
20:13:57         14      0,00      0,00      0,00      0,00      0,00      0,00      0,00      0,00      0,00    100,00
20:13:57         15      0,00      0,00      0,00      0,00      0,00      0,00      0,00      0,00      0,00    100,00

20:13:55        IFACE   rxpck/s   txpck/s    rxkB/s    txkB/s   rxcmp/s   txcmp/s  rxmcst/s   %ifutil
20:13:57           lo      0,00      0,00      0,00      0,00      0,00      0,00      0,00      0,00
20:13:57         eno1     16,50     16,50      3,36      3,22      0,00      0,00      0,00      0,00
20:13:57         eno2      0,00      0,00      0,00      0,00      0,00      0,00      0,00      0,00
20:13:57      docker0      0,00      0,00      0,00      0,00      0,00      0,00      0,00      0,00
20:13:57      ens2np0      0,00      0,00      0,00      0,00      0,00      0,00      0,00      0,00
20:13:57      ens2np1      0,00      0,00      0,00      0,00      0,00      0,00      0,00      0,00

20:13:57        CPU      %usr     %nice      %sys   %iowait    %steal      %irq     %soft    %guest    %gnice     %idle
20:13:59        all      6,28      0,00      0,03      0,00      0,00      0,00      0,00      0,00      0,00     93,69
20:13:59          0      0,00      0,00      0,00      0,00      0,00      0,00      0,00      0,00      0,00    100,00
20:13:59          1      0,00      0,00      0,00      0,00      0,00      0,00      0,00      0,00      0,00    100,00
20:13:59          2      0,00      0,00      0,00      0,00      0,00      0,00      0,00      0,00      0,00    100,00
20:13:59          3      0,00      0,00      0,00      0,00      0,00      0,00      0,00      0,00      0,00    100,00
20:13:59          4      0,00      0,00      0,00      0,00      0,00      0,00      0,00      0,00      0,00    100,00
20:13:59          5    100,00      0,00      0,00      0,00      0,00      0,00      0,00      0,00      0,00      0,00
20:13:59          6      0,00      0,00      0,00      0,00      0,00      0,00      0,00      0,00      0,00    100,00
20:13:59          7      0,00      0,00      0,00      0,00      0,00      0,00      0,00      0,00      0,00    100,00
20:13:59          8      0,00      0,00      0,00      0,00      0,00      0,00      0,00      0,00      0,00    100,00
20:13:59          9      0,00      0,00      0,00      0,00      0,00      0,00      0,00      0,00      0,00    100,00
20:13:59         10      0,00      0,00      0,00      0,00      0,00      0,00      0,00      0,00      0,00    100,00
20:13:59         11      0,00      0,00      0,00      0,00      0,00      0,00      0,00      0,00      0,00    100,00
20:13:59         12      0,50      0,00      0,00      0,00      0,00      0,00      0,00      0,00      0,00     99,50
20:13:59         13      0,00      0,00      0,00      0,00      0,00      0,00      0,00      0,00      0,00    100,00
20:13:59         14      0,00      0,00      0,00      0,00      0,00      0,00      0,00      0,00      0,00    100,00
20:13:59         15      0,00      0,00      0,50      0,00      0,00      0,00      0,00      0,00      0,00     99,50

20:13:57        IFACE   rxpck/s   txpck/s    rxkB/s    txkB/s   rxcmp/s   txcmp/s  rxmcst/s   %ifutil
20:13:59           lo      0,00      0,00      0,00      0,00      0,00      0,00      0,00      0,00
20:13:59         eno1      5,50      0,00      0,35      0,00      0,00      0,00      1,00      0,00
20:13:59         eno2      0,00      0,00      0,00      0,00      0,00      0,00      0,00      0,00
20:13:59      docker0      0,00      0,00      0,00      0,00      0,00      0,00      0,00      0,00
20:13:59      ens2np0      0,00      0,00      0,00      0,00      0,00      0,00      0,00      0,00
20:13:59      ens2np1      0,00      0,00      0,00      0,00      0,00      0,00      0,00      0,00

20:13:59        CPU      %usr     %nice      %sys   %iowait    %steal      %irq     %soft    %guest    %gnice     %idle
20:14:01        all      6,28      0,00      0,00      0,03      0,00      0,00      0,00      0,00      0,00     93,69
20:14:01          0      0,00      0,00      0,00      0,00      0,00      0,00      0,00      0,00      0,00    100,00
20:14:01          1      0,00      0,00      0,00      0,00      0,00      0,00      0,00      0,00      0,00    100,00
20:14:01          2      0,00      0,00      0,00      0,00      0,00      0,00      0,00      0,00      0,00    100,00
20:14:01          3      0,00      0,00      0,00      0,00      0,00      0,00      0,00      0,00      0,00    100,00
20:14:01          4      0,00      0,00      0,00      0,00      0,00      0,00      0,00      0,00      0,00    100,00
20:14:01          5    100,00      0,00      0,00      0,00      0,00      0,00      0,00      0,00      0,00      0,00
20:14:01          6      0,00      0,00      0,00      0,00      0,00      0,00      0,00      0,00      0,00    100,00
20:14:01          7      0,00      0,00      0,00      0,00      0,00      0,00      0,00      0,00      0,00    100,00
20:14:01          8      0,00      0,00      0,00      0,00      0,00      0,00      0,00      0,00      0,00    100,00
20:14:01          9      0,00      0,00      0,00      0,00      0,00      0,00      0,00      0,00      0,00    100,00
20:14:01         10      0,00      0,00      0,00      0,00      0,00      0,00      0,00      0,00      0,00    100,00
20:14:01         11      0,00      0,00      0,00      0,00      0,00      0,00      0,00      0,00      0,00    100,00
20:14:01         12      0,00      0,00      0,00      0,50      0,00      0,00      0,00      0,00      0,00     99,50
20:14:01         13      0,00      0,00      0,00      0,00      0,00      0,00      0,00      0,00      0,00    100,00
20:14:01         14      0,50      0,00      0,00      0,00      0,00      0,00      0,00      0,00      0,00     99,50
20:14:01         15      0,00      0,00      0,00      0,00      0,00      0,00      0,00      0,00      0,00    100,00

20:13:59        IFACE   rxpck/s   txpck/s    rxkB/s    txkB/s   rxcmp/s   txcmp/s  rxmcst/s   %ifutil
20:14:01           lo      0,00      0,00      0,00      0,00      0,00      0,00      0,00      0,00
20:14:01         eno1      7,50      0,00      0,47      0,00      0,00      0,00      1,00      0,00
20:14:01         eno2      0,00      0,00      0,00      0,00      0,00      0,00      0,00      0,00
20:14:01      docker0      0,00      0,00      0,00      0,00      0,00      0,00      0,00      0,00
20:14:01      ens2np0      0,00      0,00      0,00      0,00      0,00      0,00      0,00      0,00
20:14:01      ens2np1      0,00      0,00      0,00      0,00      0,00      0,00      0,00      0,00

20:14:01        CPU      %usr     %nice      %sys   %iowait    %steal      %irq     %soft    %guest    %gnice     %idle
20:14:03        all      6,25      0,00      0,00      0,00      0,00      0,00      0,00      0,00      0,00     93,75
20:14:03          0      0,00      0,00      0,00      0,00      0,00      0,00      0,00      0,00      0,00    100,00
20:14:03          1      0,00      0,00      0,00      0,00      0,00      0,00      0,00      0,00      0,00    100,00
20:14:03          2      0,00      0,00      0,00      0,00      0,00      0,00      0,00      0,00      0,00    100,00
20:14:03          3      0,00      0,00      0,00      0,00      0,00      0,00      0,00      0,00      0,00    100,00
20:14:03          4      0,00      0,00      0,00      0,00      0,00      0,00      0,00      0,00      0,00    100,00
20:14:03          5    100,00      0,00      0,00      0,00      0,00      0,00      0,00      0,00      0,00      0,00
20:14:03          6      0,00      0,00      0,00      0,00      0,00      0,00      0,00      0,00      0,00    100,00
20:14:03          7      0,00      0,00      0,00      0,00      0,00      0,00      0,00      0,00      0,00    100,00
20:14:03          8      0,00      0,00      0,00      0,00      0,00      0,00      0,00      0,00      0,00    100,00
20:14:03          9      0,00      0,00      0,00      0,00      0,00      0,00      0,00      0,00      0,00    100,00
20:14:03         10      0,00      0,00      0,00      0,00      0,00      0,00      0,00      0,00      0,00    100,00
20:14:03         11      0,00      0,00      0,00      0,00      0,00      0,00      0,00      0,00      0,00    100,00
20:14:03         12      0,00      0,00      0,00      0,00      0,00      0,00      0,00      0,00      0,00    100,00
20:14:03         13      0,00      0,00      0,00      0,00      0,00      0,00      0,00      0,00      0,00    100,00
20:14:03         14      0,00      0,00      0,00      0,00      0,00      0,00      0,00      0,00      0,00    100,00
20:14:03         15      0,00      0,00      0,00      0,00      0,00      0,00      0,00      0,00      0,00    100,00

20:14:01        IFACE   rxpck/s   txpck/s    rxkB/s    txkB/s   rxcmp/s   txcmp/s  rxmcst/s   %ifutil
20:14:03           lo      0,00      0,00      0,00      0,00      0,00      0,00      0,00      0,00
20:14:03         eno1      6,50      0,00      0,41      0,00      0,00      0,00      1,00      0,00
20:14:03         eno2      0,00      0,00      0,00      0,00      0,00      0,00      0,00      0,00
20:14:03      docker0      0,00      0,00      0,00      0,00      0,00      0,00      0,00      0,00
20:14:03      ens2np0      0,00      0,00      0,00      0,00      0,00      0,00      0,00      0,00
20:14:03      ens2np1      0,00      0,00      0,00      0,00      0,00      0,00      0,00      0,00

20:14:03        CPU      %usr     %nice      %sys   %iowait    %steal      %irq     %soft    %guest    %gnice     %idle
20:14:05        all      6,55      0,00      0,19      0,00      0,00      0,00      0,00      0,00      0,00     93,26
20:14:05          0      0,00      0,00      0,00      0,00      0,00      0,00      0,00      0,00      0,00    100,00
20:14:05          1      1,01      0,00      0,00      0,00      0,00      0,00      0,00      0,00      0,00     98,99
20:14:05          2      0,00      0,00      0,00      0,00      0,00      0,00      0,00      0,00      0,00    100,00
20:14:05          3      1,01      0,00      0,00      0,00      0,00      0,00      0,00      0,00      0,00     98,99
20:14:05          4      0,50      0,00      0,00      0,00      0,00      0,00      0,00      0,00      0,00     99,50
20:14:05          5    100,00      0,00      0,00      0,00      0,00      0,00      0,00      0,00      0,00      0,00
20:14:05          6      0,00      0,00      0,00      0,00      0,00      0,00      0,00      0,00      0,00    100,00
20:14:05          7      0,50      0,00      0,00      0,00      0,00      0,00      0,00      0,00      0,00     99,50
20:14:05          8      0,50      0,00      0,50      0,00      0,00      0,00      0,00      0,00      0,00     99,00
20:14:05          9      0,00      0,00      0,51      0,00      0,00      0,00      0,00      0,00      0,00     99,49
20:14:05         10      0,00      0,00      0,00      0,00      0,00      0,00      0,00      0,00      0,00    100,00
20:14:05         11      0,50      0,00      0,00      0,00      0,00      0,00      0,00      0,00      0,00     99,50
20:14:05         12      0,00      0,00      1,00      0,00      0,00      0,00      0,00      0,00      0,00     99,00
20:14:05         13      0,50      0,00      0,00      0,00      0,00      0,00      0,00      0,00      0,00     99,50
20:14:05         14      0,00      0,00      0,50      0,00      0,00      0,00      0,00      0,00      0,00     99,50
20:14:05         15      0,00      0,00      0,50      0,00      0,00      0,00      0,00      0,00      0,00     99,50

20:14:03        IFACE   rxpck/s   txpck/s    rxkB/s    txkB/s   rxcmp/s   txcmp/s  rxmcst/s   %ifutil
20:14:05           lo      0,00      0,00      0,00      0,00      0,00      0,00      0,00      0,00
20:14:05         eno1      5,50      1,00      0,47      0,07      0,00      0,00      1,00      0,00
20:14:05         eno2      0,00      0,00      0,00      0,00      0,00      0,00      0,00      0,00
20:14:05      docker0      0,00      0,00      0,00      0,00      0,00      0,00      0,00      0,00
20:14:05      ens2np0      0,00      0,00      0,00      0,00      0,00      0,00      0,00      0,00
20:14:05      ens2np1      0,00      0,00      0,00      0,00      0,00      0,00      0,00      0,00

20:14:05        CPU      %usr     %nice      %sys   %iowait    %steal      %irq     %soft    %guest    %gnice     %idle
20:14:07        all      6,17      0,00      0,16      0,00      0,00      0,00     14,20      0,00      0,00     79,48
20:14:07          0      0,00      0,00      0,00      0,00      0,00      0,00     31,72      0,00      0,00     68,28
20:14:07          1      0,00      0,00      0,00      0,00      0,00      0,00     64,00      0,00      0,00     36,00
20:14:07          2      0,00      0,00      0,00      0,00      0,00      0,00     64,00      0,00      0,00     36,00
20:14:07          3      0,00      0,00      0,00      0,00      0,00      0,00     63,82      0,00      0,00     36,18
20:14:07          4      0,00      0,00      0,00      0,00      0,00      0,00      3,93      0,00      0,00     96,07
20:14:07          5     84,92      0,00      1,51      0,00      0,00      0,00      0,00      0,00      0,00     13,57
20:14:07          6      0,00      0,00      0,00      0,00      0,00      0,00      0,00      0,00      0,00    100,00
20:14:07          7      0,00      0,00      0,00      0,00      0,00      0,00      0,00      0,00      0,00    100,00
20:14:07          8      0,00      0,00      0,00      0,00      0,00      0,00      0,00      0,00      0,00    100,00
20:14:07          9      0,00      0,00      0,00      0,00      0,00      0,00      0,00      0,00      0,00    100,00
20:14:07         10      0,00      0,00      0,00      0,00      0,00      0,00      0,00      0,00      0,00    100,00
20:14:07         11      0,00      0,00      0,00      0,00      0,00      0,00      0,00      0,00      0,00    100,00
20:14:07         12      0,00      0,00      0,00      0,00      0,00      0,00      0,00      0,00      0,00    100,00
20:14:07         13     13,00      0,00      0,50      0,00      0,00      0,00      0,00      0,00      0,00     86,50
20:14:07         14      0,00      0,00      0,00      0,00      0,00      0,00      0,00      0,00      0,00    100,00
20:14:07         15      0,00      0,00      0,50      0,00      0,00      0,00      0,00      0,00      0,00     99,50

20:14:05        IFACE   rxpck/s   txpck/s    rxkB/s    txkB/s   rxcmp/s   txcmp/s  rxmcst/s   %ifutil
20:14:07           lo      0,00      0,00      0,00      0,00      0,00      0,00      0,00      0,00
20:14:07         eno1      9,50  62832,00      0,60  31414,78      0,00      0,00      1,00     25,73
20:14:07         eno2      0,00      0,00      0,00      0,00      0,00      0,00      0,00      0,00
20:14:07      docker0      0,00      0,00      0,00      0,00      0,00      0,00      0,00      0,00
20:14:07      ens2np0 871239,50  12129,00 432216,47   5886,33      0,00      0,00      0,00     35,41
20:14:07      ens2np1      0,00      0,00      0,00      0,00      0,00      0,00      0,00      0,00

20:14:07        CPU      %usr     %nice      %sys   %iowait    %steal      %irq     %soft    %guest    %gnice     %idle
20:14:09        all      6,24      0,00      0,13      0,00      0,00      0,00     22,29      0,00      0,00     71,34
20:14:09          0      0,00      0,00      0,00      0,00      0,00      0,00     50,57      0,00      0,00     49,43
20:14:09          1      0,00      0,00      0,00      0,00      0,00      0,00    100,00      0,00      0,00      0,00
20:14:09          2      0,00      0,00      0,00      0,00      0,00      0,00    100,00      0,00      0,00      0,00
20:14:09          3      0,00      0,00      0,00      0,00      0,00      0,00    100,00      0,00      0,00      0,00
20:14:09          4      0,00      0,00      0,00      0,00      0,00      0,00      6,71      0,00      0,00     93,29
20:14:09          5     98,00      0,00      2,00      0,00      0,00      0,00      0,00      0,00      0,00      0,00
20:14:09          6      0,00      0,00      0,00      0,00      0,00      0,00      0,00      0,00      0,00    100,00
20:14:09          7      0,00      0,00      0,00      0,00      0,00      0,00      0,00      0,00      0,00    100,00
20:14:09          8      0,00      0,00      0,00      0,00      0,00      0,00      0,00      0,00      0,00    100,00
20:14:09          9      0,00      0,00      0,00      0,00      0,00      0,00      0,00      0,00      0,00    100,00
20:14:09         10      0,00      0,00      0,00      0,00      0,00      0,00      0,00      0,00      0,00    100,00
20:14:09         11      0,00      0,00      0,00      0,00      0,00      0,00      0,00      0,00      0,00    100,00
20:14:09         12      0,00      0,00      0,00      0,00      0,00      0,00      0,00      0,00      0,00    100,00
20:14:09         13      0,00      0,00      0,00      0,00      0,00      0,00      0,00      0,00      0,00    100,00
20:14:09         14      0,00      0,00      0,00      0,00      0,00      0,00      0,00      0,00      0,00    100,00
20:14:09         15      0,00      0,00      0,00      0,00      0,00      0,00      0,00      0,00      0,00    100,00

20:14:07        IFACE   rxpck/s   txpck/s    rxkB/s    txkB/s   rxcmp/s   txcmp/s  rxmcst/s   %ifutil
20:14:09           lo      0,00      0,00      0,00      0,00      0,00      0,00      0,00      0,00
20:14:09         eno1      5,50 240600,50      0,35 120300,25      0,00      0,00      1,00     98,55
20:14:09         eno2      0,00      0,00      0,00      0,00      0,00      0,00      0,00      0,00
20:14:09      docker0      0,00      0,00      0,00      0,00      0,00      0,00      0,00      0,00
20:14:09      ens2np0 1362077,50  18944,50 675718,13   9398,02      0,00      0,00      0,00     55,35
20:14:09      ens2np1      0,00      0,00      0,00      0,00      0,00      0,00      0,00      0,00

20:14:09        CPU      %usr     %nice      %sys   %iowait    %steal      %irq     %soft    %guest    %gnice     %idle
20:14:11        all      6,32      0,00      0,10      0,00      0,00      0,00     22,52      0,00      0,00     71,06
20:14:11          0      0,00      0,00      0,00      0,00      0,00      0,00     52,17      0,00      0,00     47,83
20:14:11          1      0,00      0,00      0,00      0,00      0,00      0,00    100,00      0,00      0,00      0,00
20:14:11          2      0,00      0,00      0,00      0,00      0,00      0,00    100,00      0,00      0,00      0,00
20:14:11          3      0,00      0,00      0,00      0,00      0,00      0,00    100,00      0,00      0,00      0,00
20:14:11          4      1,20      0,00      0,00      0,00      0,00      0,00      7,78      0,00      0,00     91,02
20:14:11          5     98,50      0,00      1,50      0,00      0,00      0,00      0,00      0,00      0,00      0,00
20:14:11          6      0,00      0,00      0,00      0,00      0,00      0,00      0,00      0,00      0,00    100,00
20:14:11          7      0,00      0,00      0,00      0,00      0,00      0,00      0,00      0,00      0,00    100,00
20:14:11          8      0,00      0,00      0,00      0,00      0,00      0,00      0,00      0,00      0,00    100,00
20:14:11          9      0,00      0,00      0,00      0,00      0,00      0,00      0,00      0,00      0,00    100,00
20:14:11         10      0,00      0,00      0,00      0,00      0,00      0,00      0,00      0,00      0,00    100,00
20:14:11         11      0,00      0,00      0,00      0,00      0,00      0,00      0,00      0,00      0,00    100,00
20:14:11         12      0,00      0,00      0,00      0,00      0,00      0,00      0,00      0,00      0,00    100,00
20:14:11         13      0,00      0,00      0,00      0,00      0,00      0,00      0,00      0,00      0,00    100,00
20:14:11         14      0,00      0,00      0,00      0,00      0,00      0,00      0,00      0,00      0,00    100,00
20:14:11         15      0,00      0,00      0,00      0,00      0,00      0,00      0,00      0,00      0,00    100,00

20:14:09        IFACE   rxpck/s   txpck/s    rxkB/s    txkB/s   rxcmp/s   txcmp/s  rxmcst/s   %ifutil
20:14:11           lo      0,00      0,00      0,00      0,00      0,00      0,00      0,00      0,00
20:14:11         eno1      7,00 240599,50      0,44 120300,00      0,00      0,00      1,00     98,55
20:14:11         eno2      0,00      0,00      0,00      0,00      0,00      0,00      0,00      0,00
20:14:11      docker0      0,00      0,00      0,00      0,00      0,00      0,00      0,00      0,00
20:14:11      ens2np0 1364211,00  18961,00 676776,55   9405,98      0,00      0,00      0,00     55,44
20:14:11      ens2np1      0,00      0,00      0,00      0,00      0,00      0,00      0,00      0,00

20:14:11        CPU      %usr     %nice      %sys   %iowait    %steal      %irq     %soft    %guest    %gnice     %idle
20:14:13        all      6,22      0,00      0,16      0,00      0,00      0,00     22,45      0,00      0,00     71,17
20:14:13          0      0,00      0,00      0,00      0,00      0,00      0,00     51,65      0,00      0,00     48,35
20:14:13          1      0,00      0,00      0,00      0,00      0,00      0,00    100,00      0,00      0,00      0,00
20:14:13          2      0,00      0,00      0,00      0,00      0,00      0,00    100,00      0,00      0,00      0,00
20:14:13          3      0,00      0,00      0,00      0,00      0,00      0,00    100,00      0,00      0,00      0,00
20:14:13          4      0,00      0,00      0,00      0,00      0,00      0,00      7,83      0,00      0,00     92,17
20:14:13          5     98,00      0,00      2,00      0,00      0,00      0,00      0,00      0,00      0,00      0,00
20:14:13          6      0,00      0,00      0,00      0,00      0,00      0,00      0,00      0,00      0,00    100,00
20:14:13          7      0,00      0,00      0,00      0,00      0,00      0,00      0,00      0,00      0,00    100,00
20:14:13          8      0,00      0,00      0,00      0,00      0,00      0,00      0,00      0,00      0,00    100,00
20:14:13          9      0,00      0,00      0,00      0,00      0,00      0,00      0,00      0,00      0,00    100,00
20:14:13         10      0,00      0,00      0,00      0,00      0,00      0,00      0,00      0,00      0,00    100,00
20:14:13         11      0,00      0,00      0,00      0,00      0,00      0,00      0,00      0,00      0,00    100,00
20:14:13         12      0,00      0,00      0,00      0,00      0,00      0,00      0,00      0,00      0,00    100,00
20:14:13         13      0,00      0,00      0,00      0,00      0,00      0,00      0,00      0,00      0,00    100,00
20:14:13         14      0,00      0,00      0,00      0,00      0,00      0,00      0,00      0,00      0,00    100,00
20:14:13         15      0,00      0,00      0,50      0,00      0,00      0,00      0,00      0,00      0,00     99,50

20:14:11        IFACE   rxpck/s   txpck/s    rxkB/s    txkB/s   rxcmp/s   txcmp/s  rxmcst/s   %ifutil
20:14:13           lo      0,00      0,00      0,00      0,00      0,00      0,00      0,00      0,00
20:14:13         eno1      7,50 240601,50      0,47 120300,53      0,00      0,00      1,00     98,55
20:14:13         eno2      0,00      0,00      0,00      0,00      0,00      0,00      0,00      0,00
20:14:13      docker0      0,00      0,00      0,00      0,00      0,00      0,00      0,00      0,00
20:14:13      ens2np0 1367523,50  18928,50 678419,86   9390,08      0,00      0,00      0,00     55,58
20:14:13      ens2np1      0,00      0,00      0,00      0,00      0,00      0,00      0,00      0,00

20:14:13        CPU      %usr     %nice      %sys   %iowait    %steal      %irq     %soft    %guest    %gnice     %idle
20:14:15        all      6,41      0,00      0,13      0,00      0,00      0,00     22,17      0,00      0,00     71,29
20:14:15          0      0,00      0,00      0,00      0,00      0,00      0,00     49,12      0,00      0,00     50,88
20:14:15          1      0,00      0,00      0,00      0,00      0,00      0,00    100,00      0,00      0,00      0,00
20:14:15          2      0,00      0,00      0,00      0,00      0,00      0,00    100,00      0,00      0,00      0,00
20:14:15          3      0,00      0,00      0,00      0,00      0,00      0,00    100,00      0,00      0,00      0,00
20:14:15          4      0,00      0,00      0,00      0,00      0,00      0,00      6,67      0,00      0,00     93,33
20:14:15          5     98,50      0,00      1,50      0,00      0,00      0,00      0,00      0,00      0,00      0,00
20:14:15          6      0,00      0,00      0,50      0,00      0,00      0,00      0,00      0,00      0,00     99,50
20:14:15          7      0,50      0,00      0,00      0,00      0,00      0,00      0,00      0,00      0,00     99,50
20:14:15          8      0,50      0,00      0,00      0,00      0,00      0,00      0,00      0,00      0,00     99,50
20:14:15          9      0,00      0,00      0,00      0,00      0,00      0,00      0,00      0,00      0,00    100,00
20:14:15         10      0,00      0,00      0,00      0,00      0,00      0,00      0,00      0,00      0,00    100,00
20:14:15         11      0,00      0,00      0,00      0,00      0,00      0,00      0,00      0,00      0,00    100,00
20:14:15         12      0,50      0,00      0,00      0,00      0,00      0,00      0,00      0,00      0,00     99,50
20:14:15         13      0,00      0,00      0,00      0,00      0,00      0,00      0,00      0,00      0,00    100,00
20:14:15         14      0,00      0,00      0,00      0,00      0,00      0,00      0,00      0,00      0,00    100,00
20:14:15         15      0,50      0,00      0,00      0,00      0,00      0,00      0,00      0,00      0,00     99,50

20:14:13        IFACE   rxpck/s   txpck/s    rxkB/s    txkB/s   rxcmp/s   txcmp/s  rxmcst/s   %ifutil
20:14:15           lo      0,00      0,00      0,00      0,00      0,00      0,00      0,00      0,00
20:14:15         eno1      5,50 240600,50      0,35 120299,78      0,00      0,00      1,00     98,55
20:14:15         eno2      0,00      0,00      0,00      0,00      0,00      0,00      0,00      0,00
20:14:15      docker0      0,00      0,00      0,00      0,00      0,00      0,00      0,00      0,00
20:14:15      ens2np0 1370187,00  18961,00 679741,21   9405,98      0,00      0,00      0,00     55,68
20:14:15      ens2np1      0,00      0,00      0,00      0,00      0,00      0,00      0,00      0,00

20:14:15        CPU      %usr     %nice      %sys   %iowait    %steal      %irq     %soft    %guest    %gnice     %idle
20:14:17        all      6,50      0,00      0,25      0,03      0,00      0,00     22,56      0,00      0,00     70,65
20:14:17          0      0,00      0,00      0,54      0,00      0,00      0,00     52,17      0,00      0,00     47,28
20:14:17          1      0,00      0,00      0,00      0,00      0,00      0,00    100,00      0,00      0,00      0,00
20:14:17          2      0,00      0,00      0,00      0,00      0,00      0,00    100,00      0,00      0,00      0,00
20:14:17          3      0,00      0,00      0,00      0,00      0,00      0,00    100,00      0,00      0,00      0,00
20:14:17          4      0,60      0,00      0,00      0,00      0,00      0,00      8,93      0,00      0,00     90,48
20:14:17          5     98,50      0,00      1,50      0,00      0,00      0,00      0,00      0,00      0,00      0,00
20:14:17          6      0,00      0,00      0,50      0,00      0,00      0,00      0,00      0,00      0,00     99,50
20:14:17          7      1,00      0,00      0,00      0,00      0,00      0,00      0,00      0,00      0,00     99,00
20:14:17          8      0,00      0,00      0,50      0,00      0,00      0,00      0,00      0,00      0,00     99,50
20:14:17          9      1,00      0,00      0,50      0,00      0,00      0,00      0,00      0,00      0,00     98,50
20:14:17         10      0,00      0,00      0,00      0,00      0,00      0,00      0,00      0,00      0,00    100,00
20:14:17         11      0,00      0,00      0,00      0,00      0,00      0,00      0,00      0,00      0,00    100,00
20:14:17         12      0,50      0,00      0,50      0,00      0,00      0,00      0,00      0,00      0,00     99,00
20:14:17         13      0,00      0,00      0,00      0,00      0,00      0,00      0,00      0,00      0,00    100,00
20:14:17         14      0,50      0,00      0,00      0,00      0,00      0,00      0,00      0,00      0,00     99,50
20:14:17         15      0,50      0,00      0,00      0,50      0,00      0,00      0,00      0,00      0,00     99,00

20:14:15        IFACE   rxpck/s   txpck/s    rxkB/s    txkB/s   rxcmp/s   txcmp/s  rxmcst/s   %ifutil
20:14:17           lo      0,00      0,00      0,00      0,00      0,00      0,00      0,00      0,00
20:14:17         eno1      9,00 240600,50      0,56 120300,50      0,00      0,00      1,00     98,55
20:14:17         eno2      0,00      0,00      0,00      0,00      0,00      0,00      0,00      0,00
20:14:17      docker0      0,00      0,00      0,00      0,00      0,00      0,00      0,00      0,00
20:14:17      ens2np0 1369368,50  18928,50 679335,15   9390,08      0,00      0,00      0,00     55,65
20:14:17      ens2np1      0,00      0,00      0,00      0,00      0,00      0,00      0,00      0,00

20:14:17        CPU      %usr     %nice      %sys   %iowait    %steal      %irq     %soft    %guest    %gnice     %idle
20:14:19        all      6,22      0,00      0,22      0,00      0,00      0,00     22,39      0,00      0,00     71,17
20:14:19          0      0,00      0,00      0,00      0,00      0,00      0,00     52,17      0,00      0,00     47,83
20:14:19          1      0,00      0,00      0,00      0,00      0,00      0,00    100,00      0,00      0,00      0,00
20:14:19          2      0,00      0,00      0,00      0,00      0,00      0,00    100,00      0,00      0,00      0,00
20:14:19          3      0,00      0,00      0,00      0,00      0,00      0,00    100,00      0,00      0,00      0,00
20:14:19          4      0,00      0,00      0,00      0,00      0,00      0,00      5,52      0,00      0,00     94,48
20:14:19          5     95,02      0,00      2,49      0,00      0,00      0,00      0,00      0,00      0,00      2,49
20:14:19          6      0,00      0,00      0,00      0,00      0,00      0,00      0,00      0,00      0,00    100,00
20:14:19          7      0,00      0,00      0,50      0,00      0,00      0,00      0,00      0,00      0,00     99,50
20:14:19          8      0,00      0,00      0,00      0,00      0,00      0,00      0,00      0,00      0,00    100,00
20:14:19          9      0,00      0,00      0,00      0,00      0,00      0,00      0,00      0,00      0,00    100,00
20:14:19         10      0,00      0,00      0,00      0,00      0,00      0,00      0,00      0,00      0,00    100,00
20:14:19         11      0,00      0,00      0,00      0,00      0,00      0,00      0,00      0,00      0,00    100,00
20:14:19         12      0,00      0,00      0,00      0,00      0,00      0,00      0,00      0,00      0,00    100,00
20:14:19         13      2,50      0,00      0,00      0,00      0,00      0,00      0,00      0,00      0,00     97,50
20:14:19         14      0,00      0,00      0,00      0,00      0,00      0,00      0,00      0,00      0,00    100,00
20:14:19         15      0,00      0,00      0,50      0,00      0,00      0,00      0,00      0,00      0,00     99,50

20:14:17        IFACE   rxpck/s   txpck/s    rxkB/s    txkB/s   rxcmp/s   txcmp/s  rxmcst/s   %ifutil
20:14:19           lo      0,00      0,00      0,00      0,00      0,00      0,00      0,00      0,00
20:14:19         eno1      6,00 240600,50      0,38 120299,78      0,00      0,00      2,00     98,55
20:14:19         eno2      0,00      0,00      0,00      0,00      0,00      0,00      0,00      0,00
20:14:19      docker0      0,00      0,00      0,00      0,00      0,00      0,00      0,00      0,00
20:14:19      ens2np0 1371599,00  18961,00 680441,69   9405,98      0,00      0,00      0,00     55,74
20:14:19      ens2np1      0,00      0,00      0,00      0,00      0,00      0,00      0,00      0,00

20:14:19        CPU      %usr     %nice      %sys   %iowait    %steal      %irq     %soft    %guest    %gnice     %idle
20:14:21        all      6,24      0,00      0,10      0,00      0,00      0,00     22,34      0,00      0,00     71,32
20:14:21          0      0,00      0,00      0,00      0,00      0,00      0,00     51,38      0,00      0,00     48,62
20:14:21          1      0,00      0,00      0,00      0,00      0,00      0,00    100,00      0,00      0,00      0,00
20:14:21          2      0,00      0,00      0,00      0,00      0,00      0,00    100,00      0,00      0,00      0,00
20:14:21          3      0,00      0,00      0,00      0,00      0,00      0,00    100,00      0,00      0,00      0,00
20:14:21          4      0,00      0,00      0,00      0,00      0,00      0,00      5,52      0,00      0,00     94,48
20:14:21          5     98,49      0,00      1,51      0,00      0,00      0,00      0,00      0,00      0,00      0,00
20:14:21          6      0,00      0,00      0,00      0,00      0,00      0,00      0,00      0,00      0,00    100,00
20:14:21          7      0,00      0,00      0,00      0,00      0,00      0,00      0,00      0,00      0,00    100,00
20:14:21          8      0,00      0,00      0,00      0,00      0,00      0,00      0,00      0,00      0,00    100,00
20:14:21          9      0,00      0,00      0,00      0,00      0,00      0,00      0,00      0,00      0,00    100,00
20:14:21         10      0,00      0,00      0,00      0,00      0,00      0,00      0,00      0,00      0,00    100,00
20:14:21         11      0,00      0,00      0,00      0,00      0,00      0,00      0,00      0,00      0,00    100,00
20:14:21         12      0,00      0,00      0,00      0,00      0,00      0,00      0,00      0,00      0,00    100,00
20:14:21         13      0,00      0,00      0,00      0,00      0,00      0,00      0,00      0,00      0,00    100,00
20:14:21         14      0,00      0,00      0,00      0,00      0,00      0,00      0,00      0,00      0,00    100,00
20:14:21         15      0,00      0,00      0,00      0,00      0,00      0,00      0,00      0,00      0,00    100,00

20:14:19        IFACE   rxpck/s   txpck/s    rxkB/s    txkB/s   rxcmp/s   txcmp/s  rxmcst/s   %ifutil
20:14:21           lo      0,00      0,00      0,00      0,00      0,00      0,00      0,00      0,00
20:14:21         eno1      8,50 240601,50      0,54 120300,53      0,00      0,00      1,50     98,55
20:14:21         eno2      0,00      0,00      0,00      0,00      0,00      0,00      0,00      0,00
20:14:21      docker0      0,00      0,00      0,00      0,00      0,00      0,00      0,00      0,00
20:14:21      ens2np0 1371955,50  18976,50 680618,55   9413,90      0,00      0,00      0,00     55,76
20:14:21      ens2np1      0,00      0,00      0,00      0,00      0,00      0,00      0,00      0,00

20:14:21        CPU      %usr     %nice      %sys   %iowait    %steal      %irq     %soft    %guest    %gnice     %idle
20:14:23        all      6,25      0,00      0,16      0,00      0,00      0,00     22,24      0,00      0,00     71,35
20:14:23          0      0,00      0,00      0,00      0,00      0,00      0,00     50,85      0,00      0,00     49,15
20:14:23          1      0,00      0,00      0,00      0,00      0,00      0,00    100,00      0,00      0,00      0,00
20:14:23          2      0,00      0,00      0,00      0,00      0,00      0,00    100,00      0,00      0,00      0,00
20:14:23          3      0,00      0,00      0,00      0,00      0,00      0,00    100,00      0,00      0,00      0,00
20:14:23          4      0,00      0,00      0,00      0,00      0,00      0,00      4,97      0,00      0,00     95,03
20:14:23          5     97,51      0,00      2,49      0,00      0,00      0,00      0,00      0,00      0,00      0,00
20:14:23          6      0,00      0,00      0,00      0,00      0,00      0,00      0,00      0,00      0,00    100,00
20:14:23          7      0,00      0,00      0,00      0,00      0,00      0,00      0,00      0,00      0,00    100,00
20:14:23          8      0,00      0,00      0,00      0,00      0,00      0,00      0,00      0,00      0,00    100,00
20:14:23          9      0,00      0,00      0,00      0,00      0,00      0,00      0,00      0,00      0,00    100,00
20:14:23         10      0,00      0,00      0,00      0,00      0,00      0,00      0,00      0,00      0,00    100,00
20:14:23         11      0,00      0,00      0,00      0,00      0,00      0,00      0,00      0,00      0,00    100,00
20:14:23         12      0,00      0,00      0,00      0,00      0,00      0,00      0,00      0,00      0,00    100,00
20:14:23         13      0,00      0,00      0,00      0,00      0,00      0,00      0,00      0,00      0,00    100,00
20:14:23         14      0,00      0,00      0,00      0,00      0,00      0,00      0,00      0,00      0,00    100,00
20:14:23         15      0,00      0,00      0,00      0,00      0,00      0,00      0,00      0,00      0,00    100,00

20:14:21        IFACE   rxpck/s   txpck/s    rxkB/s    txkB/s   rxcmp/s   txcmp/s  rxmcst/s   %ifutil
20:14:23           lo      0,00      0,00      0,00      0,00      0,00      0,00      0,00      0,00
20:14:23         eno1      7,00 240595,50      0,50 120297,57      0,00      0,00      1,50     98,55
20:14:23         eno2      0,00      0,00      0,00      0,00      0,00      0,00      0,00      0,00
20:14:23      docker0      0,00      0,00      0,00      0,00      0,00      0,00      0,00      0,00
20:14:23      ens2np0 1372070,00  18945,00 680675,35   9398,04      0,00      0,00      0,00     55,76
20:14:23      ens2np1      0,00      0,00      0,00      0,00      0,00      0,00      0,00      0,00

20:14:23        CPU      %usr     %nice      %sys   %iowait    %steal      %irq     %soft    %guest    %gnice     %idle
20:14:25        all      6,24      0,00      0,10      0,03      0,00      0,00     22,29      0,00      0,00     71,35
20:14:25          0      0,00      0,00      0,00      0,00      0,00      0,00     50,56      0,00      0,00     49,44
20:14:25          1      0,00      0,00      0,00      0,00      0,00      0,00    100,00      0,00      0,00      0,00
20:14:25          2      0,00      0,00      0,00      0,00      0,00      0,00    100,00      0,00      0,00      0,00
20:14:25          3      0,00      0,00      0,00      0,00      0,00      0,00    100,00      0,00      0,00      0,00
20:14:25          4      0,00      0,00      0,00      0,00      0,00      0,00      6,10      0,00      0,00     93,90
20:14:25          5     98,49      0,00      1,51      0,00      0,00      0,00      0,00      0,00      0,00      0,00
20:14:25          6      0,00      0,00      0,00      0,00      0,00      0,00      0,00      0,00      0,00    100,00
20:14:25          7      0,00      0,00      0,00      0,00      0,00      0,00      0,00      0,00      0,00    100,00
20:14:25          8      0,00      0,00      0,00      0,00      0,00      0,00      0,00      0,00      0,00    100,00
20:14:25          9      0,00      0,00      0,00      0,00      0,00      0,00      0,00      0,00      0,00    100,00
20:14:25         10      0,00      0,00      0,00      0,00      0,00      0,00      0,00      0,00      0,00    100,00
20:14:25         11      0,00      0,00      0,00      0,00      0,00      0,00      0,00      0,00      0,00    100,00
20:14:25         12      0,00      0,00      0,00      0,00      0,00      0,00      0,00      0,00      0,00    100,00
20:14:25         13      0,00      0,00      0,00      0,00      0,00      0,00      0,00      0,00      0,00    100,00
20:14:25         14      0,00      0,00      0,00      0,50      0,00      0,00      0,00      0,00      0,00     99,50
20:14:25         15      0,00      0,00      0,00      0,00      0,00      0,00      0,00      0,00      0,00    100,00

20:14:23        IFACE   rxpck/s   txpck/s    rxkB/s    txkB/s   rxcmp/s   txcmp/s  rxmcst/s   %ifutil
20:14:25           lo      0,00      0,00      0,00      0,00      0,00      0,00      0,00      0,00
20:14:25         eno1      9,00 240601,00      0,57 120300,50      0,00      0,00      1,00     98,55
20:14:25         eno2      0,00      0,00      0,00      0,00      0,00      0,00      0,00      0,00
20:14:25      docker0      0,00      0,00      0,00      0,00      0,00      0,00      0,00      0,00
20:14:25      ens2np0 1373713,00  18928,50 681490,43   9390,08      0,00      0,00      0,00     55,83
20:14:25      ens2np1      0,00      0,00      0,00      0,00      0,00      0,00      0,00      0,00

20:14:25        CPU      %usr     %nice      %sys   %iowait    %steal      %irq     %soft    %guest    %gnice     %idle
20:14:27        all      6,55      0,00      0,32      0,00      0,00      0,00     22,70      0,00      0,00     70,42
20:14:27          0      0,53      0,00      0,00      0,00      0,00      0,00     53,97      0,00      0,00     45,50
20:14:27          1      0,00      0,00      0,00      0,00      0,00      0,00    100,00      0,00      0,00      0,00
20:14:27          2      0,00      0,00      0,00      0,00      0,00      0,00    100,00      0,00      0,00      0,00
20:14:27          3      0,00      0,00      0,00      0,00      0,00      0,00    100,00      0,00      0,00      0,00
20:14:27          4      0,00      0,00      0,00      0,00      0,00      0,00      8,93      0,00      0,00     91,07
20:14:27          5     97,50      0,00      2,00      0,00      0,00      0,00      0,00      0,00      0,00      0,50
20:14:27          6      0,50      0,00      0,50      0,00      0,00      0,00      0,00      0,00      0,00     99,00
20:14:27          7      1,50      0,00      0,50      0,00      0,00      0,00      0,00      0,00      0,00     98,00
20:14:27          8      0,50      0,00      1,00      0,00      0,00      0,00      0,00      0,00      0,00     98,50
20:14:27          9      0,50      0,00      0,00      0,00      0,00      0,00      0,00      0,00      0,00     99,50
20:14:27         10      0,50      0,00      0,00      0,00      0,00      0,00      0,00      0,00      0,00     99,50
20:14:27         11      0,00      0,00      0,00      0,00      0,00      0,00      0,00      0,00      0,00    100,00
20:14:27         12      0,50      0,00      0,50      0,00      0,00      0,00      0,00      0,00      0,00     99,00
20:14:27         13      1,00      0,00      0,00      0,00      0,00      0,00      0,00      0,00      0,00     99,00
20:14:27         14      0,00      0,00      0,00      0,00      0,00      0,00      0,00      0,00      0,00    100,00
20:14:27         15      0,50      0,00      0,50      0,00      0,00      0,00      0,00      0,00      0,00     99,00

20:14:25        IFACE   rxpck/s   txpck/s    rxkB/s    txkB/s   rxcmp/s   txcmp/s  rxmcst/s   %ifutil
20:14:27           lo      0,00      0,00      0,00      0,00      0,00      0,00      0,00      0,00
20:14:27         eno1      6,50 240600,00      0,41 120299,79      0,00      0,00      1,00     98,55
20:14:27         eno2      0,00      0,00      0,00      0,00      0,00      0,00      0,00      0,00
20:14:27      docker0      0,00      0,00      0,00      0,00      0,00      0,00      0,00      0,00
20:14:27      ens2np0 1373235,00  18945,00 681253,30   9398,04      0,00      0,00      0,00     55,81
20:14:27      ens2np1      0,00      0,00      0,00      0,00      0,00      0,00      0,00      0,00

20:14:27        CPU      %usr     %nice      %sys   %iowait    %steal      %irq     %soft    %guest    %gnice     %idle
20:14:29        all      6,19      0,00      0,16      0,00      0,00      0,00     22,56      0,00      0,00     71,10
20:14:29          0      0,00      0,00      0,00      0,00      0,00      0,00     52,17      0,00      0,00     47,83
20:14:29          1      0,00      0,00      0,00      0,00      0,00      0,00    100,00      0,00      0,00      0,00
20:14:29          2      0,00      0,00      0,00      0,00      0,00      0,00    100,00      0,00      0,00      0,00
20:14:29          3      0,00      0,00      0,00      0,00      0,00      0,00    100,00      0,00      0,00      0,00
20:14:29          4      0,00      0,00      0,00      0,00      0,00      0,00      8,88      0,00      0,00     91,12
20:14:29          5     97,50      0,00      2,50      0,00      0,00      0,00      0,00      0,00      0,00      0,00
20:14:29          6      0,00      0,00      0,00      0,00      0,00      0,00      0,00      0,00      0,00    100,00
20:14:29          7      0,00      0,00      0,00      0,00      0,00      0,00      0,00      0,00      0,00    100,00
20:14:29          8      0,00      0,00      0,00      0,00      0,00      0,00      0,00      0,00      0,00    100,00
20:14:29          9      0,00      0,00      0,00      0,00      0,00      0,00      0,00      0,00      0,00    100,00
20:14:29         10      0,00      0,00      0,00      0,00      0,00      0,00      0,00      0,00      0,00    100,00
20:14:29         11      0,00      0,00      0,00      0,00      0,00      0,00      0,00      0,00      0,00    100,00
20:14:29         12      0,00      0,00      0,00      0,00      0,00      0,00      0,00      0,00      0,00    100,00
20:14:29         13      0,00      0,00      0,00      0,00      0,00      0,00      0,00      0,00      0,00    100,00
20:14:29         14      0,00      0,00      0,00      0,00      0,00      0,00      0,00      0,00      0,00    100,00
20:14:29         15      0,00      0,00      0,00      0,00      0,00      0,00      0,00      0,00      0,00    100,00

20:14:27        IFACE   rxpck/s   txpck/s    rxkB/s    txkB/s   rxcmp/s   txcmp/s  rxmcst/s   %ifutil
20:14:29           lo      0,00      0,00      0,00      0,00      0,00      0,00      0,00      0,00
20:14:29         eno1      5,50 240601,50      0,35 120300,29      0,00      0,00      1,00     98,55
20:14:29         eno2      0,00      0,00      0,00      0,00      0,00      0,00      0,00      0,00
20:14:29      docker0      0,00      0,00      0,00      0,00      0,00      0,00      0,00      0,00
20:14:29      ens2np0 1373301,00  18976,50 681286,04   9413,90      0,00      0,00      0,00     55,81
20:14:29      ens2np1      0,00      0,00      0,00      0,00      0,00      0,00      0,00      0,00

20:14:29        CPU      %usr     %nice      %sys   %iowait    %steal      %irq     %soft    %guest    %gnice     %idle
20:14:31        all      6,30      0,00      0,06      0,00      0,00      0,00     22,42      0,00      0,00     71,22
20:14:31          0      0,00      0,00      0,00      0,00      0,00      0,00     51,91      0,00      0,00     48,09
20:14:31          1      0,00      0,00      0,00      0,00      0,00      0,00    100,00      0,00      0,00      0,00
20:14:31          2      0,00      0,00      0,00      0,00      0,00      0,00    100,00      0,00      0,00      0,00
20:14:31          3      0,00      0,00      0,00      0,00      0,00      0,00    100,00      0,00      0,00      0,00
20:14:31          4      0,00      0,00      0,00      0,00      0,00      0,00      6,13      0,00      0,00     93,87
20:14:31          5     99,00      0,00      1,00      0,00      0,00      0,00      0,00      0,00      0,00      0,00
20:14:31          6      0,00      0,00      0,00      0,00      0,00      0,00      0,00      0,00      0,00    100,00
20:14:31          7      0,00      0,00      0,00      0,00      0,00      0,00      0,00      0,00      0,00    100,00
20:14:31          8      0,00      0,00      0,00      0,00      0,00      0,00      0,00      0,00      0,00    100,00
20:14:31          9      0,00      0,00      0,00      0,00      0,00      0,00      0,00      0,00      0,00    100,00
20:14:31         10      0,00      0,00      0,00      0,00      0,00      0,00      0,00      0,00      0,00    100,00
20:14:31         11      0,00      0,00      0,00      0,00      0,00      0,00      0,00      0,00      0,00    100,00
20:14:31         12      0,00      0,00      0,00      0,00      0,00      0,00      0,00      0,00      0,00    100,00
20:14:31         13      0,00      0,00      0,00      0,00      0,00      0,00      0,00      0,00      0,00    100,00
20:14:31         14      0,00      0,00      0,00      0,00      0,00      0,00      0,00      0,00      0,00    100,00
20:14:31         15      0,00      0,00      0,00      0,00      0,00      0,00      0,00      0,00      0,00    100,00

20:14:29        IFACE   rxpck/s   txpck/s    rxkB/s    txkB/s   rxcmp/s   txcmp/s  rxmcst/s   %ifutil
20:14:31           lo      0,00      0,00      0,00      0,00      0,00      0,00      0,00      0,00
20:14:31         eno1      8,50 240600,50      0,54 120300,08      0,00      0,00      1,00     98,55
20:14:31         eno2      0,00      0,00      0,00      0,00      0,00      0,00      0,00      0,00
20:14:31      docker0      0,00      0,00      0,00      0,00      0,00      0,00      0,00      0,00
20:14:31      ens2np0 1371169,50  18961,00 680228,62   9405,98      0,00      0,00      0,00     55,72
20:14:31      ens2np1      0,00      0,00      0,00      0,00      0,00      0,00      0,00      0,00

20:14:31        CPU      %usr     %nice      %sys   %iowait    %steal      %irq     %soft    %guest    %gnice     %idle
20:14:33        all      6,28      0,00      0,13      0,00      0,00      0,00     22,55      0,00      0,00     71,04
20:14:33          0      0,00      0,00      0,00      0,00      0,00      0,00     51,67      0,00      0,00     48,33
20:14:33          1      0,00      0,00      0,00      0,00      0,00      0,00    100,00      0,00      0,00      0,00
20:14:33          2      0,00      0,00      0,00      0,00      0,00      0,00    100,00      0,00      0,00      0,00
20:14:33          3      0,00      0,00      0,00      0,00      0,00      0,00    100,00      0,00      0,00      0,00
20:14:33          4      0,00      0,00      0,00      0,00      0,00      0,00     10,47      0,00      0,00     89,53
20:14:33          5     98,51      0,00      1,49      0,00      0,00      0,00      0,00      0,00      0,00      0,00
20:14:33          6      0,00      0,00      0,00      0,00      0,00      0,00      0,00      0,00      0,00    100,00
20:14:33          7      0,00      0,00      0,00      0,00      0,00      0,00      0,00      0,00      0,00    100,00
20:14:33          8      0,00      0,00      0,00      0,00      0,00      0,00      0,00      0,00      0,00    100,00
20:14:33          9      0,00      0,00      0,00      0,00      0,00      0,00      0,00      0,00      0,00    100,00
20:14:33         10      0,00      0,00      0,00      0,00      0,00      0,00      0,00      0,00      0,00    100,00
20:14:33         11      0,00      0,00      0,00      0,00      0,00      0,00      0,00      0,00      0,00    100,00
20:14:33         12      0,00      0,00      0,00      0,00      0,00      0,00      0,00      0,00      0,00    100,00
20:14:33         13      0,00      0,00      0,00      0,00      0,00      0,00      0,00      0,00      0,00    100,00
20:14:33         14      0,00      0,00      0,00      0,00      0,00      0,00      0,00      0,00      0,00    100,00
20:14:33         15      0,00      0,00      0,50      0,00      0,00      0,00      0,00      0,00      0,00     99,50

20:14:31        IFACE   rxpck/s   txpck/s    rxkB/s    txkB/s   rxcmp/s   txcmp/s  rxmcst/s   %ifutil
20:14:33           lo      0,00      0,00      0,00      0,00      0,00      0,00      0,00      0,00
20:14:33         eno1      5,00 240601,50      0,32 120300,29      0,00      0,00      1,00     98,55
20:14:33         eno2      0,00      0,00      0,00      0,00      0,00      0,00      0,00      0,00
20:14:33      docker0      0,00      0,00      0,00      0,00      0,00      0,00      0,00      0,00
20:14:33      ens2np0 1368685,50  18912,50 678996,32   9382,15      0,00      0,00      0,00     55,62
20:14:33      ens2np1      0,00      0,00      0,00      0,00      0,00      0,00      0,00      0,00

20:14:33        CPU      %usr     %nice      %sys   %iowait    %steal      %irq     %soft    %guest    %gnice     %idle
20:14:35        all      6,36      0,00      0,00      0,00      0,00      0,00     22,44      0,00      0,00     71,20
20:14:35          0      0,00      0,00      0,00      0,00      0,00      0,00     52,69      0,00      0,00     47,31
20:14:35          1      0,00      0,00      0,00      0,00      0,00      0,00    100,00      0,00      0,00      0,00
20:14:35          2      0,00      0,00      0,00      0,00      0,00      0,00    100,00      0,00      0,00      0,00
20:14:35          3      0,00      0,00      0,00      0,00      0,00      0,00    100,00      0,00      0,00      0,00
20:14:35          4      0,00      0,00      0,00      0,00      0,00      0,00      4,94      0,00      0,00     95,06
20:14:35          5    100,00      0,00      0,00      0,00      0,00      0,00      0,00      0,00      0,00      0,00
20:14:35          6      0,00      0,00      0,00      0,00      0,00      0,00      0,00      0,00      0,00    100,00
20:14:35          7      0,00      0,00      0,00      0,00      0,00      0,00      0,00      0,00      0,00    100,00
20:14:35          8      0,00      0,00      0,00      0,00      0,00      0,00      0,00      0,00      0,00    100,00
20:14:35          9      0,00      0,00      0,00      0,00      0,00      0,00      0,00      0,00      0,00    100,00
20:14:35         10      0,00      0,00      0,00      0,00      0,00      0,00      0,00      0,00      0,00    100,00
20:14:35         11      0,00      0,00      0,00      0,00      0,00      0,00      0,00      0,00      0,00    100,00
20:14:35         12      0,00      0,00      0,00      0,00      0,00      0,00      0,00      0,00      0,00    100,00
20:14:35         13      0,00      0,00      0,00      0,00      0,00      0,00      0,00      0,00      0,00    100,00
20:14:35         14      0,00      0,00      0,00      0,00      0,00      0,00      0,00      0,00      0,00    100,00
20:14:35         15      0,50      0,00      0,00      0,00      0,00      0,00      0,00      0,00      0,00     99,50

20:14:33        IFACE   rxpck/s   txpck/s    rxkB/s    txkB/s   rxcmp/s   txcmp/s  rxmcst/s   %ifutil
20:14:35           lo      0,00      0,00      0,00      0,00      0,00      0,00      0,00      0,00
20:14:35         eno1      7,50 240600,00      0,47 120300,03      0,00      0,00      1,00     98,55
20:14:35         eno2      0,00      0,00      0,00      0,00      0,00      0,00      0,00      0,00
20:14:35      docker0      0,00      0,00      0,00      0,00      0,00      0,00      0,00      0,00
20:14:35      ens2np0 1369489,00  18961,00 679394,93   9405,98      0,00      0,00      0,00     55,66
20:14:35      ens2np1      0,00      0,00      0,00      0,00      0,00      0,00      0,00      0,00

20:14:35        CPU      %usr     %nice      %sys   %iowait    %steal      %irq     %soft    %guest    %gnice     %idle
20:14:37        all      6,81      0,00      0,25      0,00      0,00      0,00     22,57      0,00      0,00     70,37
20:14:37          0      0,00      0,00      0,00      0,00      0,00      0,00     54,05      0,00      0,00     45,95
20:14:37          1      0,00      0,00      0,00      0,00      0,00      0,00    100,00      0,00      0,00      0,00
20:14:37          2      0,00      0,00      0,00      0,00      0,00      0,00    100,00      0,00      0,00      0,00
20:14:37          3      0,00      0,00      0,00      0,00      0,00      0,00    100,00      0,00      0,00      0,00
20:14:37          4      0,60      0,00      0,00      0,00      0,00      0,00      7,78      0,00      0,00     91,62
20:14:37          5     98,50      0,00      1,50      0,00      0,00      0,00      0,00      0,00      0,00      0,00
20:14:37          6      1,00      0,00      0,50      0,00      0,00      0,00      0,00      0,00      0,00     98,51
20:14:37          7      1,00      0,00      0,00      0,00      0,00      0,00      0,00      0,00      0,00     99,00
20:14:37          8      2,49      0,00      0,50      0,00      0,00      0,00      0,00      0,00      0,00     97,01
20:14:37          9      0,50      0,00      0,00      0,00      0,00      0,00      0,00      0,00      0,00     99,50
20:14:37         10      0,50      0,00      0,50      0,00      0,00      0,00      0,00      0,00      0,00     99,00
20:14:37         11      0,50      0,00      0,50      0,00      0,00      0,00      0,00      0,00      0,00     99,01
20:14:37         12      1,00      0,00      0,50      0,00      0,00      0,00      0,00      0,00      0,00     98,51
20:14:37         13      0,50      0,00      0,00      0,00      0,00      0,00      0,00      0,00      0,00     99,50
20:14:37         14      0,50      0,00      0,00      0,00      0,00      0,00      0,00      0,00      0,00     99,50
20:14:37         15      0,50      0,00      0,00      0,00      0,00      0,00      0,00      0,00      0,00     99,50

20:14:35        IFACE   rxpck/s   txpck/s    rxkB/s    txkB/s   rxcmp/s   txcmp/s  rxmcst/s   %ifutil
20:14:37           lo      0,00      0,00      0,00      0,00      0,00      0,00      0,00      0,00
20:14:37         eno1      8,50 240602,50      0,55 120300,39      0,00      0,00      1,00     98,55
20:14:37         eno2      0,00      0,00      0,00      0,00      0,00      0,00      0,00      0,00
20:14:37      docker0      0,00      0,00      0,00      0,00      0,00      0,00      0,00      0,00
20:14:37      ens2np0 1369347,00  18928,50 679324,49   9390,08      0,00      0,00      0,00     55,65
20:14:37      ens2np1      0,00      0,00      0,00      0,00      0,00      0,00      0,00      0,00

20:14:37        CPU      %usr     %nice      %sys   %iowait    %steal      %irq     %soft    %guest    %gnice     %idle
20:14:39        all      6,29      0,00      0,10      0,00      0,00      0,00     22,25      0,00      0,00     71,36
20:14:39          0      0,00      0,00      0,00      0,00      0,00      0,00     50,56      0,00      0,00     49,44
20:14:39          1      0,00      0,00      0,00      0,00      0,00      0,00    100,00      0,00      0,00      0,00
20:14:39          2      0,00      0,00      0,00      0,00      0,00      0,00    100,00      0,00      0,00      0,00
20:14:39          3      0,00      0,00      0,00      0,00      0,00      0,00    100,00      0,00      0,00      0,00
20:14:39          4      0,00      0,00      0,00      0,00      0,00      0,00      5,95      0,00      0,00     94,05
20:14:39          5     98,50      0,00      1,50      0,00      0,00      0,00      0,00      0,00      0,00      0,00
20:14:39          6      0,00      0,00      0,00      0,00      0,00      0,00      0,00      0,00      0,00    100,00
20:14:39          7      0,00      0,00      0,00      0,00      0,00      0,00      0,00      0,00      0,00    100,00
20:14:39          8      0,00      0,00      0,00      0,00      0,00      0,00      0,00      0,00      0,00    100,00
20:14:39          9      0,00      0,00      0,00      0,00      0,00      0,00      0,00      0,00      0,00    100,00
20:14:39         10      0,00      0,00      0,00      0,00      0,00      0,00      0,00      0,00      0,00    100,00
20:14:39         11      0,50      0,00      0,00      0,00      0,00      0,00      0,00      0,00      0,00     99,50
20:14:39         12      0,00      0,00      0,00      0,00      0,00      0,00      0,00      0,00      0,00    100,00
20:14:39         13      0,00      0,00      0,00      0,00      0,00      0,00      0,00      0,00      0,00    100,00
20:14:39         14      0,00      0,00      0,00      0,00      0,00      0,00      0,00      0,00      0,00    100,00
20:14:39         15      0,00      0,00      0,00      0,00      0,00      0,00      0,00      0,00      0,00    100,00

20:14:37        IFACE   rxpck/s   txpck/s    rxkB/s    txkB/s   rxcmp/s   txcmp/s  rxmcst/s   %ifutil
20:14:39           lo      0,00      0,00      0,00      0,00      0,00      0,00      0,00      0,00
20:14:39         eno1      2,50 120301,00      0,16  60150,07      0,00      0,00      0,50     49,27
20:14:39         eno2      0,00      0,00      0,00      0,00      0,00      0,00      0,00      0,00
20:14:39      docker0      0,00      0,00      0,00      0,00      0,00      0,00      0,00      0,00
20:14:39      ens2np0 1397944,00  18945,00 693511,28   9398,04      0,00      0,00      0,00     56,81
20:14:39      ens2np1      0,00      0,00      0,00      0,00      0,00      0,00      0,00      0,00

20:14:39        CPU      %usr     %nice      %sys   %iowait    %steal      %irq     %soft    %guest    %gnice     %idle
20:14:41        all      6,21      0,00      0,19      0,00      0,00      0,00     22,32      0,00      0,00     71,28
20:14:41          0      0,00      0,00      0,00      0,00      0,00      0,00     51,11      0,00      0,00     48,89
20:14:41          1      0,00      0,00      0,00      0,00      0,00      0,00    100,00      0,00      0,00      0,00
20:14:41          2      0,00      0,00      0,00      0,00      0,00      0,00    100,00      0,00      0,00      0,00
20:14:41          3      0,00      0,00      0,00      0,00      0,00      0,00    100,00      0,00      0,00      0,00
20:14:41          4      0,00      0,00      0,00      0,00      0,00      0,00      5,56      0,00      0,00     94,44
20:14:41          5     97,00      0,00      2,50      0,00      0,00      0,00      0,00      0,00      0,00      0,50
20:14:41          6      0,00      0,00      0,00      0,00      0,00      0,00      0,00      0,00      0,00    100,00
20:14:41          7      0,00      0,00      0,00      0,00      0,00      0,00      0,00      0,00      0,00    100,00
20:14:41          8      0,00      0,00      0,00      0,00      0,00      0,00      0,00      0,00      0,00    100,00
20:14:41          9      0,00      0,00      0,00      0,00      0,00      0,00      0,00      0,00      0,00    100,00
20:14:41         10      0,00      0,00      0,00      0,00      0,00      0,00      0,00      0,00      0,00    100,00
20:14:41         11      0,00      0,00      0,00      0,00      0,00      0,00      0,00      0,00      0,00    100,00
20:14:41         12      0,00      0,00      0,00      0,00      0,00      0,00      0,00      0,00      0,00    100,00
20:14:41         13      0,50      0,00      0,00      0,00      0,00      0,00      0,00      0,00      0,00     99,50
20:14:41         14      0,00      0,00      0,00      0,00      0,00      0,00      0,00      0,00      0,00    100,00
20:14:41         15      0,00      0,00      0,50      0,00      0,00      0,00      0,00      0,00      0,00     99,50

20:14:39        IFACE   rxpck/s   txpck/s    rxkB/s    txkB/s   rxcmp/s   txcmp/s  rxmcst/s   %ifutil
20:14:41           lo      0,00      0,00      0,00      0,00      0,00      0,00      0,00      0,00
20:14:41         eno1      7,00 221114,50      0,44 110557,03      0,00      0,00      1,00     90,57
20:14:41         eno2      0,00      0,00      0,00      0,00      0,00      0,00      0,00      0,00
20:14:41      docker0      0,00      0,00      0,00      0,00      0,00      0,00      0,00      0,00
20:14:41      ens2np0 1361718,50  18976,50 675540,04   9413,90      0,00      0,00      0,00     55,34
20:14:41      ens2np1      0,00      0,00      0,00      0,00      0,00      0,00      0,00      0,00

20:14:41        CPU      %usr     %nice      %sys   %iowait    %steal      %irq     %soft    %guest    %gnice     %idle
20:14:43        all      6,29      0,00      0,06      0,03      0,00      0,00     22,48      0,00      0,00     71,13
20:14:43          0      0,00      0,00      0,00      0,00      0,00      0,00     51,65      0,00      0,00     48,35
20:14:43          1      0,00      0,00      0,00      0,00      0,00      0,00    100,00      0,00      0,00      0,00
20:14:43          2      0,00      0,00      0,00      0,00      0,00      0,00    100,00      0,00      0,00      0,00
20:14:43          3      0,00      0,00      0,00      0,00      0,00      0,00    100,00      0,00      0,00      0,00
20:14:43          4      0,00      0,00      0,00      0,60      0,00      0,00      8,33      0,00      0,00     91,07
20:14:43          5     99,00      0,00      1,00      0,00      0,00      0,00      0,00      0,00      0,00      0,00
20:14:43          6      0,00      0,00      0,00      0,00      0,00      0,00      0,00      0,00      0,00    100,00
20:14:43          7      0,00      0,00      0,00      0,00      0,00      0,00      0,00      0,00      0,00    100,00
20:14:43          8      0,00      0,00      0,00      0,00      0,00      0,00      0,00      0,00      0,00    100,00
20:14:43          9      0,00      0,00      0,00      0,00      0,00      0,00      0,00      0,00      0,00    100,00
20:14:43         10      0,00      0,00      0,00      0,00      0,00      0,00      0,00      0,00      0,00    100,00
20:14:43         11      0,00      0,00      0,00      0,00      0,00      0,00      0,00      0,00      0,00    100,00
20:14:43         12      0,00      0,00      0,00      0,00      0,00      0,00      0,00      0,00      0,00    100,00
20:14:43         13      0,00      0,00      0,00      0,00      0,00      0,00      0,00      0,00      0,00    100,00
20:14:43         14      0,00      0,00      0,00      0,00      0,00      0,00      0,00      0,00      0,00    100,00
20:14:43         15      0,00      0,00      0,00      0,00      0,00      0,00      0,00      0,00      0,00    100,00

20:14:41        IFACE   rxpck/s   txpck/s    rxkB/s    txkB/s   rxcmp/s   txcmp/s  rxmcst/s   %ifutil
20:14:43           lo      0,00      0,00      0,00      0,00      0,00      0,00      0,00      0,00
20:14:43         eno1      7,00 240601,00      0,45 120300,04      0,00      0,00      1,00     98,55
20:14:43         eno2      0,00      0,00      0,00      0,00      0,00      0,00      0,00      0,00
20:14:43      docker0      0,00      0,00      0,00      0,00      0,00      0,00      0,00      0,00
20:14:43      ens2np0 1361297,00  18929,00 675330,93   9390,10      0,00      0,00      0,00     55,32
20:14:43      ens2np1      0,00      0,00      0,00      0,00      0,00      0,00      0,00      0,00

20:14:43        CPU      %usr     %nice      %sys   %iowait    %steal      %irq     %soft    %guest    %gnice     %idle
20:14:45        all      6,23      0,00      0,19      0,00      0,00      0,00     22,44      0,00      0,00     71,14
20:14:45          0      0,00      0,00      0,00      0,00      0,00      0,00     52,20      0,00      0,00     47,80
20:14:45          1      0,00      0,00      0,00      0,00      0,00      0,00    100,00      0,00      0,00      0,00
20:14:45          2      0,00      0,00      0,00      0,00      0,00      0,00    100,00      0,00      0,00      0,00
20:14:45          3      0,00      0,00      0,00      0,00      0,00      0,00    100,00      0,00      0,00      0,00
20:14:45          4      0,00      0,00      0,00      0,00      0,00      0,00      6,71      0,00      0,00     93,29
20:14:45          5     87,00      0,00      2,00      0,00      0,00      0,00      0,00      0,00      0,00     11,00
20:14:45          6      0,00      0,00      0,00      0,00      0,00      0,00      0,00      0,00      0,00    100,00
20:14:45          7      0,00      0,00      0,00      0,00      0,00      0,00      0,00      0,00      0,00    100,00
20:14:45          8      0,00      0,00      0,00      0,00      0,00      0,00      0,00      0,00      0,00    100,00
20:14:45          9      0,00      0,00      0,00      0,00      0,00      0,00      0,00      0,00      0,00    100,00
20:14:45         10      0,00      0,00      0,00      0,00      0,00      0,00      0,00      0,00      0,00    100,00
20:14:45         11      0,00      0,00      0,00      0,00      0,00      0,00      0,00      0,00      0,00    100,00
20:14:45         12      0,00      0,00      0,00      0,00      0,00      0,00      0,00      0,00      0,00    100,00
20:14:45         13     10,95      0,00      0,50      0,00      0,00      0,00      0,00      0,00      0,00     88,56
20:14:45         14      0,00      0,00      0,00      0,00      0,00      0,00      0,00      0,00      0,00    100,00
20:14:45         15      0,00      0,00      0,50      0,00      0,00      0,00      0,00      0,00      0,00     99,50

20:14:43        IFACE   rxpck/s   txpck/s    rxkB/s    txkB/s   rxcmp/s   txcmp/s  rxmcst/s   %ifutil
20:14:45           lo      0,00      0,00      0,00      0,00      0,00      0,00      0,00      0,00
20:14:45         eno1      5,00 240602,00      0,32 120300,15      0,00      0,00      1,00     98,55
20:14:45         eno2      0,00      0,00      0,00      0,00      0,00      0,00      0,00      0,00
20:14:45      docker0      0,00      0,00      0,00      0,00      0,00      0,00      0,00      0,00
20:14:45      ens2np0 1364638,00  18944,50 676988,38   9398,02      0,00      0,00      0,00     55,46
20:14:45      ens2np1      0,00      0,00      0,00      0,00      0,00      0,00      0,00      0,00

Average:        CPU      %usr     %nice      %sys   %iowait    %steal      %irq     %soft    %guest    %gnice     %idle
Average:        all      6,32      0,00      0,13      0,01      0,00      0,00     17,55      0,00      0,00     76,00
Average:          0      0,02      0,00      0,02      0,00      0,00      0,00     39,80      0,00      0,00     60,16
Average:          1      0,04      0,00      0,00      0,00      0,00      0,00     78,58      0,00      0,00     21,38
Average:          2      0,00      0,00      0,00      0,00      0,00      0,00     78,58      0,00      0,00     21,42
Average:          3      0,04      0,00      0,00      0,00      0,00      0,00     78,57      0,00      0,00     21,39
Average:          4      0,12      0,00      0,00      0,02      0,00      0,00      5,30      0,00      0,00     94,56
Average:          5     97,54      0,00      1,34      0,00      0,00      0,00      0,00      0,00      0,00      1,12
Average:          6      0,06      0,00      0,08      0,00      0,00      0,00      0,00      0,00      0,00     99,86
Average:          7      0,18      0,00      0,04      0,00      0,00      0,00      0,00      0,00      0,00     99,78
Average:          8      0,16      0,00      0,10      0,00      0,00      0,00      0,00      0,00      0,00     99,74
Average:          9      0,08      0,00      0,04      0,00      0,00      0,00      0,00      0,00      0,00     99,88
Average:         10      0,04      0,00      0,02      0,00      0,00      0,00      0,00      0,00      0,00     99,94
Average:         11      0,06      0,00      0,02      0,00      0,00      0,00      0,00      0,00      0,00     99,92
Average:         12      0,14      0,00      0,10      0,02      0,00      0,00      0,00      0,00      0,00     99,74
Average:         13      1,16      0,00      0,04      0,00      0,00      0,00      0,00      0,00      0,00     98,80
Average:         14      0,06      0,00      0,02      0,02      0,00      0,00      0,00      0,00      0,00     99,90
Average:         15      0,10      0,00      0,18      0,02      0,00      0,00      0,00      0,00      0,00     99,70

Average:        IFACE   rxpck/s   txpck/s    rxkB/s    txkB/s   rxcmp/s   txcmp/s  rxmcst/s   %ifutil
Average:           lo      0,00      0,00      0,00      0,00      0,00      0,00      0,00      0,00
Average:         eno1      7,16 179779,00      0,55  89889,03      0,00      0,00      1,02     73,64
Average:         eno2      0,00      0,00      0,00      0,00      0,00      0,00      0,00      0,00
Average:      docker0      0,00      0,00      0,00      0,00      0,00      0,00      0,00      0,00
Average:      ens2np0 1076190,76  14885,72 533891,51   7379,23      0,00      0,00      0,00     43,74
Average:      ens2np1      0,00      0,00      0,00      0,00      0,00      0,00      0,00      0,00
