Linux 5.13.0-52-generic (w1) 	22/07/2022 	_x86_64_	(16 CPU)

18:56:40        CPU      %usr     %nice      %sys   %iowait    %steal      %irq     %soft    %guest    %gnice     %idle
18:56:42        all      6,72      0,00      0,19      0,00      0,00      0,00      0,00      0,00      0,00     93,09
18:56:42          0      0,50      0,00      0,00      0,00      0,00      0,00      0,00      0,00      0,00     99,50
18:56:42          1      1,50      0,00      0,00      0,00      0,00      0,00      0,00      0,00      0,00     98,50
18:56:42          2      0,50      0,00      0,50      0,00      0,00      0,00      0,00      0,00      0,00     99,00
18:56:42          3      0,00      0,00      0,00      0,00      0,00      0,00      0,00      0,00      0,00    100,00
18:56:42          4      0,50      0,00      0,50      0,00      0,00      0,00      0,00      0,00      0,00     99,00
18:56:42          5    100,00      0,00      0,00      0,00      0,00      0,00      0,00      0,00      0,00      0,00
18:56:42          6      0,50      0,00      0,50      0,00      0,00      0,00      0,00      0,00      0,00     99,00
18:56:42          7      1,00      0,00      0,00      0,00      0,00      0,00      0,00      0,00      0,00     99,00
18:56:42          8      0,50      0,00      0,50      0,00      0,00      0,00      0,00      0,00      0,00     99,00
18:56:42          9      1,01      0,00      0,50      0,00      0,00      0,00      0,00      0,00      0,00     98,49
18:56:42         10      0,00      0,00      0,00      0,00      0,00      0,00      0,00      0,00      0,00    100,00
18:56:42         11      0,50      0,00      0,00      0,00      0,00      0,00      0,00      0,00      0,00     99,50
18:56:42         12      0,00      0,00      0,00      0,00      0,00      0,00      0,00      0,00      0,00    100,00
18:56:42         13      0,00      0,00      0,00      0,00      0,00      0,00      0,00      0,00      0,00    100,00
18:56:42         14      0,00      0,00      0,50      0,00      0,00      0,00      0,00      0,00      0,00     99,50
18:56:42         15      1,00      0,00      0,00      0,00      0,00      0,00      0,00      0,00      0,00     99,00

18:56:40        IFACE   rxpck/s   txpck/s    rxkB/s    txkB/s   rxcmp/s   txcmp/s  rxmcst/s   %ifutil
18:56:42           lo      0,00      0,00      0,00      0,00      0,00      0,00      0,00      0,00
18:56:42         eno1     21,00     16,00      3,64      3,18      0,00      0,00      1,00      0,00
18:56:42         eno2      0,00      0,00      0,00      0,00      0,00      0,00      0,00      0,00
18:56:42      docker0      0,00      0,00      0,00      0,00      0,00      0,00      0,00      0,00
18:56:42      ens2np0      0,00      0,00      0,00      0,00      0,00      0,00      0,00      0,00
18:56:42      ens2np1      0,00      0,00      0,00      0,00      0,00      0,00      0,00      0,00

18:56:42        CPU      %usr     %nice      %sys   %iowait    %steal      %irq     %soft    %guest    %gnice     %idle
18:56:44        all      6,25      0,00      0,00      0,00      0,00      0,00      0,00      0,00      0,00     93,75
18:56:44          0      0,00      0,00      0,00      0,00      0,00      0,00      0,00      0,00      0,00    100,00
18:56:44          1      0,00      0,00      0,00      0,00      0,00      0,00      0,00      0,00      0,00    100,00
18:56:44          2      0,00      0,00      0,00      0,00      0,00      0,00      0,00      0,00      0,00    100,00
18:56:44          3      0,00      0,00      0,00      0,00      0,00      0,00      0,00      0,00      0,00    100,00
18:56:44          4      0,00      0,00      0,00      0,00      0,00      0,00      0,00      0,00      0,00    100,00
18:56:44          5    100,00      0,00      0,00      0,00      0,00      0,00      0,00      0,00      0,00      0,00
18:56:44          6      0,00      0,00      0,00      0,00      0,00      0,00      0,00      0,00      0,00    100,00
18:56:44          7      0,00      0,00      0,00      0,00      0,00      0,00      0,00      0,00      0,00    100,00
18:56:44          8      0,00      0,00      0,00      0,00      0,00      0,00      0,00      0,00      0,00    100,00
18:56:44          9      0,00      0,00      0,00      0,00      0,00      0,00      0,00      0,00      0,00    100,00
18:56:44         10      0,00      0,00      0,00      0,00      0,00      0,00      0,00      0,00      0,00    100,00
18:56:44         11      0,00      0,00      0,00      0,00      0,00      0,00      0,00      0,00      0,00    100,00
18:56:44         12      0,00      0,00      0,00      0,00      0,00      0,00      0,00      0,00      0,00    100,00
18:56:44         13      0,00      0,00      0,00      0,00      0,00      0,00      0,00      0,00      0,00    100,00
18:56:44         14      0,00      0,00      0,00      0,00      0,00      0,00      0,00      0,00      0,00    100,00
18:56:44         15      0,00      0,00      0,00      0,00      0,00      0,00      0,00      0,00      0,00    100,00

18:56:42        IFACE   rxpck/s   txpck/s    rxkB/s    txkB/s   rxcmp/s   txcmp/s  rxmcst/s   %ifutil
18:56:44           lo      0,00      0,00      0,00      0,00      0,00      0,00      0,00      0,00
18:56:44         eno1      9,50      0,50      0,60      0,03      0,00      0,00      1,00      0,00
18:56:44         eno2      0,00      0,00      0,00      0,00      0,00      0,00      0,00      0,00
18:56:44      docker0      0,00      0,00      0,00      0,00      0,00      0,00      0,00      0,00
18:56:44      ens2np0      0,00      0,00      0,00      0,00      0,00      0,00      0,00      0,00
18:56:44      ens2np1      0,00      0,00      0,00      0,00      0,00      0,00      0,00      0,00

18:56:44        CPU      %usr     %nice      %sys   %iowait    %steal      %irq     %soft    %guest    %gnice     %idle
18:56:46        all      6,25      0,00      0,03      0,00      0,00      0,00      0,00      0,00      0,00     93,72
18:56:46          0      0,00      0,00      0,00      0,00      0,00      0,00      0,00      0,00      0,00    100,00
18:56:46          1      0,00      0,00      0,00      0,00      0,00      0,00      0,00      0,00      0,00    100,00
18:56:46          2      0,00      0,00      0,00      0,00      0,00      0,00      0,00      0,00      0,00    100,00
18:56:46          3      0,00      0,00      0,00      0,00      0,00      0,00      0,00      0,00      0,00    100,00
18:56:46          4      0,00      0,00      0,00      0,00      0,00      0,00      0,00      0,00      0,00    100,00
18:56:46          5    100,00      0,00      0,00      0,00      0,00      0,00      0,00      0,00      0,00      0,00
18:56:46          6      0,00      0,00      0,00      0,00      0,00      0,00      0,00      0,00      0,00    100,00
18:56:46          7      0,00      0,00      0,00      0,00      0,00      0,00      0,00      0,00      0,00    100,00
18:56:46          8      0,00      0,00      0,00      0,00      0,00      0,00      0,00      0,00      0,00    100,00
18:56:46          9      0,00      0,00      0,00      0,00      0,00      0,00      0,00      0,00      0,00    100,00
18:56:46         10      0,00      0,00      0,00      0,00      0,00      0,00      0,00      0,00      0,00    100,00
18:56:46         11      0,00      0,00      0,00      0,00      0,00      0,00      0,00      0,00      0,00    100,00
18:56:46         12      0,00      0,00      0,50      0,00      0,00      0,00      0,00      0,00      0,00     99,50
18:56:46         13      0,00      0,00      0,00      0,00      0,00      0,00      0,00      0,00      0,00    100,00
18:56:46         14      0,00      0,00      0,00      0,00      0,00      0,00      0,00      0,00      0,00    100,00
18:56:46         15      0,00      0,00      0,00      0,00      0,00      0,00      0,00      0,00      0,00    100,00

18:56:44        IFACE   rxpck/s   txpck/s    rxkB/s    txkB/s   rxcmp/s   txcmp/s  rxmcst/s   %ifutil
18:56:46           lo      0,00      0,00      0,00      0,00      0,00      0,00      0,00      0,00
18:56:46         eno1      6,50      0,00      0,41      0,00      0,00      0,00      1,00      0,00
18:56:46         eno2      0,00      0,00      0,00      0,00      0,00      0,00      0,00      0,00
18:56:46      docker0      0,00      0,00      0,00      0,00      0,00      0,00      0,00      0,00
18:56:46      ens2np0      0,00      0,00      0,00      0,00      0,00      0,00      0,00      0,00
18:56:46      ens2np1      0,00      0,00      0,00      0,00      0,00      0,00      0,00      0,00

18:56:46        CPU      %usr     %nice      %sys   %iowait    %steal      %irq     %soft    %guest    %gnice     %idle
18:56:48        all      6,48      0,00      0,03      0,00      0,00      0,00      0,00      0,00      0,00     93,49
18:56:48          0      0,00      0,00      0,00      0,00      0,00      0,00      0,00      0,00      0,00    100,00
18:56:48          1      0,00      0,00      0,00      0,00      0,00      0,00      0,00      0,00      0,00    100,00
18:56:48          2      0,00      0,00      0,00      0,00      0,00      0,00      0,00      0,00      0,00    100,00
18:56:48          3      0,00      0,00      0,00      0,00      0,00      0,00      0,00      0,00      0,00    100,00
18:56:48          4      0,00      0,00      0,00      0,00      0,00      0,00      0,00      0,00      0,00    100,00
18:56:48          5    100,00      0,00      0,00      0,00      0,00      0,00      0,00      0,00      0,00      0,00
18:56:48          6      0,00      0,00      0,00      0,00      0,00      0,00      0,00      0,00      0,00    100,00
18:56:48          7      0,00      0,00      0,00      0,00      0,00      0,00      0,00      0,00      0,00    100,00
18:56:48          8      0,00      0,00      0,00      0,00      0,00      0,00      0,00      0,00      0,00    100,00
18:56:48          9      0,00      0,00      0,00      0,00      0,00      0,00      0,00      0,00      0,00    100,00
18:56:48         10      0,00      0,00      0,00      0,00      0,00      0,00      0,00      0,00      0,00    100,00
18:56:48         11      2,53      0,00      0,00      0,00      0,00      0,00      0,00      0,00      0,00     97,47
18:56:48         12      0,00      0,00      0,50      0,00      0,00      0,00      0,00      0,00      0,00     99,50
18:56:48         13      1,00      0,00      0,00      0,00      0,00      0,00      0,00      0,00      0,00     99,00
18:56:48         14      0,00      0,00      0,00      0,00      0,00      0,00      0,00      0,00      0,00    100,00
18:56:48         15      0,00      0,00      0,00      0,00      0,00      0,00      0,00      0,00      0,00    100,00

18:56:46        IFACE   rxpck/s   txpck/s    rxkB/s    txkB/s   rxcmp/s   txcmp/s  rxmcst/s   %ifutil
18:56:48           lo      0,00      0,00      0,00      0,00      0,00      0,00      0,00      0,00
18:56:48         eno1     10,50      3,00      0,81      0,74      0,00      0,00      1,50      0,00
18:56:48         eno2      0,00      0,00      0,00      0,00      0,00      0,00      0,00      0,00
18:56:48      docker0      0,00      0,00      0,00      0,00      0,00      0,00      0,00      0,00
18:56:48      ens2np0      0,00      0,00      0,00      0,00      0,00      0,00      0,00      0,00
18:56:48      ens2np1      0,00      0,00      0,00      0,00      0,00      0,00      0,00      0,00

18:56:48        CPU      %usr     %nice      %sys   %iowait    %steal      %irq     %soft    %guest    %gnice     %idle
18:56:50        all      6,38      0,00      0,00      0,00      0,00      0,00      0,00      0,00      0,00     93,62
18:56:50          0      0,50      0,00      0,00      0,00      0,00      0,00      0,00      0,00      0,00     99,50
18:56:50          1      0,00      0,00      0,00      0,00      0,00      0,00      0,00      0,00      0,00    100,00
18:56:50          2      0,00      0,00      0,00      0,00      0,00      0,00      0,00      0,00      0,00    100,00
18:56:50          3      0,00      0,00      0,00      0,00      0,00      0,00      0,00      0,00      0,00    100,00
18:56:50          4      0,00      0,00      0,00      0,00      0,00      0,00      0,00      0,00      0,00    100,00
18:56:50          5    100,00      0,00      0,00      0,00      0,00      0,00      0,00      0,00      0,00      0,00
18:56:50          6      1,00      0,00      0,00      0,00      0,00      0,00      0,00      0,00      0,00     99,00
18:56:50          7      0,00      0,00      0,00      0,00      0,00      0,00      0,00      0,00      0,00    100,00
18:56:50          8      0,00      0,00      0,00      0,00      0,00      0,00      0,00      0,00      0,00    100,00
18:56:50          9      0,00      0,00      0,00      0,00      0,00      0,00      0,00      0,00      0,00    100,00
18:56:50         10      0,00      0,00      0,00      0,00      0,00      0,00      0,00      0,00      0,00    100,00
18:56:50         11      0,00      0,00      0,00      0,00      0,00      0,00      0,00      0,00      0,00    100,00
18:56:50         12      0,50      0,00      0,00      0,00      0,00      0,00      0,00      0,00      0,00     99,50
18:56:50         13      0,00      0,00      0,00      0,00      0,00      0,00      0,00      0,00      0,00    100,00
18:56:50         14      0,00      0,00      0,00      0,00      0,00      0,00      0,00      0,00      0,00    100,00
18:56:50         15      0,00      0,00      0,00      0,00      0,00      0,00      0,00      0,00      0,00    100,00

18:56:48        IFACE   rxpck/s   txpck/s    rxkB/s    txkB/s   rxcmp/s   txcmp/s  rxmcst/s   %ifutil
18:56:50           lo      0,00      0,00      0,00      0,00      0,00      0,00      0,00      0,00
18:56:50         eno1      9,50      3,50      0,94      0,40      0,00      0,00      1,50      0,00
18:56:50         eno2      0,00      0,00      0,00      0,00      0,00      0,00      0,00      0,00
18:56:50      docker0      0,00      0,00      0,00      0,00      0,00      0,00      0,00      0,00
18:56:50      ens2np0      0,00      0,00      0,00      0,00      0,00      0,00      0,00      0,00
18:56:50      ens2np1      0,00      0,00      0,00      0,00      0,00      0,00      0,00      0,00

18:56:50        CPU      %usr     %nice      %sys   %iowait    %steal      %irq     %soft    %guest    %gnice     %idle
18:56:52        all      4,79      0,00      2,10      0,03      0,00      0,00     16,45      0,00      0,00     76,62
18:56:52          0      0,00      0,00      0,00      0,00      0,00      0,00     61,00      0,00      0,00     39,00
18:56:52          1      0,00      0,00      0,00      0,00      0,00      0,00     60,80      0,00      0,00     39,20
18:56:52          2      0,00      0,00      0,00      0,00      0,00      0,00     60,80      0,00      0,00     39,20
18:56:52          3      0,00      0,00      0,00      0,00      0,00      0,00     60,50      0,00      0,00     39,50
18:56:52          4      1,08      0,00      0,00      0,00      0,00      0,00     21,51      0,00      0,00     77,42
18:56:52          5     54,00      0,00     14,00      0,00      0,00      0,00      0,00      0,00      0,00     32,00
18:56:52          6      0,50      0,00      0,00      0,00      0,00      0,00      0,00      0,00      0,00     99,50
18:56:52          7      1,00      0,00      0,50      0,00      0,00      0,00      0,00      0,00      0,00     98,51
18:56:52          8      0,00      0,00      0,00      0,00      0,00      0,00      0,00      0,00      0,00    100,00
18:56:52          9      0,50      0,00      0,00      0,00      0,00      0,00      0,00      0,00      0,00     99,50
18:56:52         10      0,50      0,00      0,50      0,00      0,00      0,00      0,00      0,00      0,00     99,00
18:56:52         11      1,00      0,00      0,00      0,00      0,00      0,00      0,00      0,00      0,00     99,00
18:56:52         12      1,00      0,00      0,50      0,00      0,00      0,00      0,00      0,00      0,00     98,50
18:56:52         13     15,00      0,00     17,00      0,00      0,00      0,00      0,00      0,00      0,00     68,00
18:56:52         14      1,00      0,00      0,00      0,50      0,00      0,00      0,00      0,00      0,00     98,51
18:56:52         15      0,99      0,00      0,99      0,00      0,00      0,00      0,00      0,00      0,00     98,02

18:56:50        IFACE   rxpck/s   txpck/s    rxkB/s    txkB/s   rxcmp/s   txcmp/s  rxmcst/s   %ifutil
18:56:52           lo      0,00      0,00      0,00      0,00      0,00      0,00      0,00      0,00
18:56:52         eno1      7,00 460091,50      0,47  57510,49      0,00      0,00      1,00     47,11
18:56:52         eno2      0,00      0,00      0,00      0,00      0,00      0,00      0,00      0,00
18:56:52      docker0      0,00      0,00      0,00      0,00      0,00      0,00      0,00      0,00
18:56:52      ens2np0 917796,00 405528,50 111139,36  49106,89      0,00      0,00      0,00      9,10
18:56:52      ens2np1      0,00      0,00      0,00      0,00      0,00      0,00      0,00      0,00

18:56:52        CPU      %usr     %nice      %sys   %iowait    %steal      %irq     %soft    %guest    %gnice     %idle
18:56:54        all      3,06      0,00      3,24      0,00      0,00      0,00     27,31      0,00      0,00     66,39
18:56:54          0      0,00      0,00      0,00      0,00      0,00      0,00    100,00      0,00      0,00      0,00
18:56:54          1      0,00      0,00      0,00      0,00      0,00      0,00    100,00      0,00      0,00      0,00
18:56:54          2      0,00      0,00      0,00      0,00      0,00      0,00    100,00      0,00      0,00      0,00
18:56:54          3      0,00      0,00      0,00      0,00      0,00      0,00    100,00      0,00      0,00      0,00
18:56:54          4      0,00      0,00      0,00      0,00      0,00      0,00     37,02      0,00      0,00     62,98
18:56:54          5     24,50      0,00     27,00      0,00      0,00      0,00      0,00      0,00      0,00     48,50
18:56:54          6      0,00      0,00      0,00      0,00      0,00      0,00      0,00      0,00      0,00    100,00
18:56:54          7      0,00      0,00      0,00      0,00      0,00      0,00      0,00      0,00      0,00    100,00
18:56:54          8      0,00      0,00      0,00      0,00      0,00      0,00      0,00      0,00      0,00    100,00
18:56:54          9      0,00      0,00      0,00      0,00      0,00      0,00      0,00      0,00      0,00    100,00
18:56:54         10      0,00      0,00      0,00      0,00      0,00      0,00      0,00      0,00      0,00    100,00
18:56:54         11      0,00      0,00      0,00      0,00      0,00      0,00      0,00      0,00      0,00    100,00
18:56:54         12      0,00      0,00      0,00      0,00      0,00      0,00      0,00      0,00      0,00    100,00
18:56:54         13     24,12      0,00     24,62      0,00      0,00      0,00      0,00      0,00      0,00     51,26
18:56:54         14      0,00      0,00      0,00      0,00      0,00      0,00      0,00      0,00      0,00    100,00
18:56:54         15      0,00      0,00      0,00      0,00      0,00      0,00      0,00      0,00      0,00    100,00

18:56:52        IFACE   rxpck/s   txpck/s    rxkB/s    txkB/s   rxcmp/s   txcmp/s  rxmcst/s   %ifutil
18:56:54           lo      0,00      0,00      0,00      0,00      0,00      0,00      0,00      0,00
18:56:54         eno1      9,00 864851,50      0,77 108106,33      0,00      0,00      1,00     88,56
18:56:54         eno2      0,00      0,00      0,00      0,00      0,00      0,00      0,00      0,00
18:56:54      docker0      0,00      0,00      0,00      0,00      0,00      0,00      0,00      0,00
18:56:54      ens2np0 1518856,00 672224,00 183923,97  81402,08      0,00      0,00      0,00     15,07
18:56:54      ens2np1      0,00      0,00      0,00      0,00      0,00      0,00      0,00      0,00

18:56:54        CPU      %usr     %nice      %sys   %iowait    %steal      %irq     %soft    %guest    %gnice     %idle
18:56:56        all      3,07      0,00      3,23      0,00      0,00      0,00     27,34      0,00      0,00     66,35
18:56:56          0      0,00      0,00      0,00      0,00      0,00      0,00    100,00      0,00      0,00      0,00
18:56:56          1      0,00      0,00      0,00      0,00      0,00      0,00    100,00      0,00      0,00      0,00
18:56:56          2      0,00      0,00      0,00      0,00      0,00      0,00    100,00      0,00      0,00      0,00
18:56:56          3      0,00      0,00      0,00      0,00      0,00      0,00    100,00      0,00      0,00      0,00
18:56:56          4      0,00      0,00      0,00      0,00      0,00      0,00     38,30      0,00      0,00     61,70
18:56:56          5     20,00      0,00     16,50      0,00      0,00      0,00      0,00      0,00      0,00     63,50
18:56:56          6      0,00      0,00      0,50      0,00      0,00      0,00      0,00      0,00      0,00     99,50
18:56:56          7      0,00      0,00      0,00      0,00      0,00      0,00      0,00      0,00      0,00    100,00
18:56:56          8      0,00      0,00      0,00      0,00      0,00      0,00      0,00      0,00      0,00    100,00
18:56:56          9      0,00      0,00      0,00      0,00      0,00      0,00      0,00      0,00      0,00    100,00
18:56:56         10      0,00      0,00      0,00      0,00      0,00      0,00      0,00      0,00      0,00    100,00
18:56:56         11      0,00      0,00      0,00      0,00      0,00      0,00      0,00      0,00      0,00    100,00
18:56:56         12      0,00      0,00      0,00      0,00      0,00      0,00      0,00      0,00      0,00    100,00
18:56:56         13     28,86      0,00     34,33      0,00      0,00      0,00      0,00      0,00      0,00     36,82
18:56:56         14      0,00      0,00      0,00      0,00      0,00      0,00      0,00      0,00      0,00    100,00
18:56:56         15      0,00      0,00      0,00      0,00      0,00      0,00      0,00      0,00      0,00    100,00

18:56:54        IFACE   rxpck/s   txpck/s    rxkB/s    txkB/s   rxcmp/s   txcmp/s  rxmcst/s   %ifutil
18:56:56           lo      0,00      0,00      0,00      0,00      0,00      0,00      0,00      0,00
18:56:56         eno1      8,00 866541,00      0,55 108317,48      0,00      0,00      1,00     88,73
18:56:56         eno2      0,00      0,00      0,00      0,00      0,00      0,00      0,00      0,00
18:56:56      docker0      0,00      0,00      0,00      0,00      0,00      0,00      0,00      0,00
18:56:56      ens2np0 1522693,00 677124,00 184388,61  81995,40      0,00      0,00      0,00     15,11
18:56:56      ens2np1      0,00      0,00      0,00      0,00      0,00      0,00      0,00      0,00

18:56:56        CPU      %usr     %nice      %sys   %iowait    %steal      %irq     %soft    %guest    %gnice     %idle
18:56:58        all      3,11      0,00      3,24      0,00      0,00      0,00     27,22      0,00      0,00     66,44
18:56:58          0      0,00      0,00      0,00      0,00      0,00      0,00    100,00      0,00      0,00      0,00
18:56:58          1      0,00      0,00      0,00      0,00      0,00      0,00    100,00      0,00      0,00      0,00
18:56:58          2      0,00      0,00      0,00      0,00      0,00      0,00    100,00      0,00      0,00      0,00
18:56:58          3      0,00      0,00      0,00      0,00      0,00      0,00    100,00      0,00      0,00      0,00
18:56:58          4      0,00      0,00      0,00      0,00      0,00      0,00     36,07      0,00      0,00     63,93
18:56:58          5     22,39      0,00     19,40      0,00      0,00      0,00      0,00      0,00      0,00     58,21
18:56:58          6      0,00      0,00      0,00      0,00      0,00      0,00      0,00      0,00      0,00    100,00
18:56:58          7      0,50      0,00      0,00      0,00      0,00      0,00      0,00      0,00      0,00     99,50
18:56:58          8      0,00      0,00      0,00      0,00      0,00      0,00      0,00      0,00      0,00    100,00
18:56:58          9      0,00      0,00      0,00      0,00      0,00      0,00      0,00      0,00      0,00    100,00
18:56:58         10      0,00      0,00      0,00      0,00      0,00      0,00      0,00      0,00      0,00    100,00
18:56:58         11      0,00      0,00      0,00      0,00      0,00      0,00      0,00      0,00      0,00    100,00
18:56:58         12      0,00      0,00      0,00      0,00      0,00      0,00      0,00      0,00      0,00    100,00
18:56:58         13     26,50      0,00     32,00      0,00      0,00      0,00      0,00      0,00      0,00     41,50
18:56:58         14      0,00      0,00      0,00      0,00      0,00      0,00      0,00      0,00      0,00    100,00
18:56:58         15      0,00      0,00      0,00      0,00      0,00      0,00      0,00      0,00      0,00    100,00

18:56:56        IFACE   rxpck/s   txpck/s    rxkB/s    txkB/s   rxcmp/s   txcmp/s  rxmcst/s   %ifutil
18:56:58           lo      0,00      0,00      0,00      0,00      0,00      0,00      0,00      0,00
18:56:58         eno1      3,00 430599,00      0,19  53824,85      0,00      0,00      0,50     44,09
18:56:58         eno2      0,00      0,00      0,00      0,00      0,00      0,00      0,00      0,00
18:56:58      docker0      0,00      0,00      0,00      0,00      0,00      0,00      0,00      0,00
18:56:58      ens2np0 1534665,00 687841,00 185838,34  83293,21      0,00      0,00      0,00     15,22
18:56:58      ens2np1      0,00      0,00      0,00      0,00      0,00      0,00      0,00      0,00

18:56:58        CPU      %usr     %nice      %sys   %iowait    %steal      %irq     %soft    %guest    %gnice     %idle
18:57:00        all      2,92      0,00      3,36      0,00      0,00      0,00     27,35      0,00      0,00     66,37
18:57:00          0      0,00      0,00      0,00      0,00      0,00      0,00    100,00      0,00      0,00      0,00
18:57:00          1      0,00      0,00      0,00      0,00      0,00      0,00    100,00      0,00      0,00      0,00
18:57:00          2      0,00      0,00      0,00      0,00      0,00      0,00    100,00      0,00      0,00      0,00
18:57:00          3      0,00      0,00      0,00      0,00      0,00      0,00    100,00      0,00      0,00      0,00
18:57:00          4      0,00      0,00      0,00      0,00      0,00      0,00     38,10      0,00      0,00     61,90
18:57:00          5     32,16      0,00     35,18      0,00      0,00      0,00      0,00      0,00      0,00     32,66
18:57:00          6      0,00      0,00      0,00      0,00      0,00      0,00      0,00      0,00      0,00    100,00
18:57:00          7      0,50      0,00      0,00      0,00      0,00      0,00      0,00      0,00      0,00     99,50
18:57:00          8      0,00      0,00      0,00      0,00      0,00      0,00      0,00      0,00      0,00    100,00
18:57:00          9      0,00      0,00      0,00      0,00      0,00      0,00      0,00      0,00      0,00    100,00
18:57:00         10      0,00      0,00      0,00      0,00      0,00      0,00      0,00      0,00      0,00    100,00
18:57:00         11      0,00      0,00      0,00      0,00      0,00      0,00      0,00      0,00      0,00    100,00
18:57:00         12      0,00      0,00      0,00      0,00      0,00      0,00      0,00      0,00      0,00    100,00
18:57:00         13     14,00      0,00     18,50      0,00      0,00      0,00      0,00      0,00      0,00     67,50
18:57:00         14      0,00      0,00      0,00      0,00      0,00      0,00      0,00      0,00      0,00    100,00
18:57:00         15      0,00      0,00      0,00      0,00      0,00      0,00      0,00      0,00      0,00    100,00

18:56:58        IFACE   rxpck/s   txpck/s    rxkB/s    txkB/s   rxcmp/s   txcmp/s  rxmcst/s   %ifutil
18:57:00           lo      0,00      0,00      0,00      0,00      0,00      0,00      0,00      0,00
18:57:00         eno1      7,50 864851,00      0,47 108106,35      0,00      0,00      1,00     88,56
18:57:00         eno2      0,00      0,00      0,00      0,00      0,00      0,00      0,00      0,00
18:57:00      docker0      0,00      0,00      0,00      0,00      0,00      0,00      0,00      0,00
18:57:00      ens2np0 1537064,00 688937,50 186128,84  83425,95      0,00      0,00      0,00     15,25
18:57:00      ens2np1      0,00      0,00      0,00      0,00      0,00      0,00      0,00      0,00

18:57:00        CPU      %usr     %nice      %sys   %iowait    %steal      %irq     %soft    %guest    %gnice     %idle
18:57:02        all      3,45      0,00      3,20      0,00      0,00      0,00     27,28      0,00      0,00     66,07
18:57:02          0      0,00      0,00      0,00      0,00      0,00      0,00    100,00      0,00      0,00      0,00
18:57:02          1      0,00      0,00      0,00      0,00      0,00      0,00    100,00      0,00      0,00      0,00
18:57:02          2      0,00      0,00      0,00      0,00      0,00      0,00    100,00      0,00      0,00      0,00
18:57:02          3      0,00      0,00      0,00      0,00      0,00      0,00    100,00      0,00      0,00      0,00
18:57:02          4      0,00      0,00      0,00      0,00      0,00      0,00     37,50      0,00      0,00     62,50
18:57:02          5     24,50      0,00     25,00      0,00      0,00      0,00      0,00      0,00      0,00     50,50
18:57:02          6      1,00      0,00      0,00      0,00      0,00      0,00      0,00      0,00      0,00     99,00
18:57:02          7      0,51      0,00      0,51      0,00      0,00      0,00      0,00      0,00      0,00     98,99
18:57:02          8      0,50      0,00      0,00      0,00      0,00      0,00      0,00      0,00      0,00     99,50
18:57:02          9      0,00      0,00      0,00      0,00      0,00      0,00      0,00      0,00      0,00    100,00
18:57:02         10      0,50      0,00      0,00      0,00      0,00      0,00      0,00      0,00      0,00     99,50
18:57:02         11      0,00      0,00      0,50      0,00      0,00      0,00      0,00      0,00      0,00     99,50
18:57:02         12      0,50      0,00      0,00      0,00      0,00      0,00      0,00      0,00      0,00     99,50
18:57:02         13     26,63      0,00     24,12      0,00      0,00      0,00      0,00      0,00      0,00     49,25
18:57:02         14      0,50      0,00      1,00      0,00      0,00      0,00      0,00      0,00      0,00     98,51
18:57:02         15      0,50      0,00      0,00      0,00      0,00      0,00      0,00      0,00      0,00     99,50

18:57:00        IFACE   rxpck/s   txpck/s    rxkB/s    txkB/s   rxcmp/s   txcmp/s  rxmcst/s   %ifutil
18:57:02           lo      0,00      0,00      0,00      0,00      0,00      0,00      0,00      0,00
18:57:02         eno1     10,00 864847,50      0,82 108106,36      0,00      0,00      1,50     88,56
18:57:02         eno2      0,00      0,00      0,00      0,00      0,00      0,00      0,00      0,00
18:57:02      docker0      0,00      0,00      0,00      0,00      0,00      0,00      0,00      0,00
18:57:02      ens2np0 1535031,50 688162,00 185882,72  83332,08      0,00      0,00      0,00     15,23
18:57:02      ens2np1      0,00      0,00      0,00      0,00      0,00      0,00      0,00      0,00

18:57:02        CPU      %usr     %nice      %sys   %iowait    %steal      %irq     %soft    %guest    %gnice     %idle
18:57:04        all      3,39      0,00      3,05      0,00      0,00      0,00     27,36      0,00      0,00     66,21
18:57:04          0      0,00      0,00      0,00      0,00      0,00      0,00    100,00      0,00      0,00      0,00
18:57:04          1      0,00      0,00      0,00      0,00      0,00      0,00    100,00      0,00      0,00      0,00
18:57:04          2      0,00      0,00      0,00      0,00      0,00      0,00    100,00      0,00      0,00      0,00
18:57:04          3      0,00      0,00      0,00      0,00      0,00      0,00    100,00      0,00      0,00      0,00
18:57:04          4      0,00      0,00      0,00      0,00      0,00      0,00     37,97      0,00      0,00     62,03
18:57:04          5     38,00      0,00     35,50      0,00      0,00      0,00      0,00      0,00      0,00     26,50
18:57:04          6      0,00      0,00      0,50      0,00      0,00      0,00      0,00      0,00      0,00     99,50
18:57:04          7      0,50      0,00      0,00      0,00      0,00      0,00      0,00      0,00      0,00     99,50
18:57:04          8      0,00      0,00      0,00      0,00      0,00      0,00      0,00      0,00      0,00    100,00
18:57:04          9      0,50      0,00      0,00      0,00      0,00      0,00      0,00      0,00      0,00     99,50
18:57:04         10      0,00      0,00      0,00      0,00      0,00      0,00      0,00      0,00      0,00    100,00
18:57:04         11      0,00      0,00      0,00      0,00      0,00      0,00      0,00      0,00      0,00    100,00
18:57:04         12      0,00      0,00      0,00      0,00      0,00      0,00      0,00      0,00      0,00    100,00
18:57:04         13     14,43      0,00     12,44      0,00      0,00      0,00      0,00      0,00      0,00     73,13
18:57:04         14      0,00      0,00      0,00      0,00      0,00      0,00      0,00      0,00      0,00    100,00
18:57:04         15      0,50      0,00      0,00      0,00      0,00      0,00      0,00      0,00      0,00     99,50

18:57:02        IFACE   rxpck/s   txpck/s    rxkB/s    txkB/s   rxcmp/s   txcmp/s  rxmcst/s   %ifutil
18:57:04           lo      0,00      0,00      0,00      0,00      0,00      0,00      0,00      0,00
18:57:04         eno1      8,50 864619,00      0,56 108077,23      0,00      0,00      1,50     88,54
18:57:04         eno2      0,00      0,00      0,00      0,00      0,00      0,00      0,00      0,00
18:57:04      docker0      0,00      0,00      0,00      0,00      0,00      0,00      0,00      0,00
18:57:04      ens2np0 1537824,50 690270,50 186220,94  83587,36      0,00      0,00      0,00     15,26
18:57:04      ens2np1      0,00      0,00      0,00      0,00      0,00      0,00      0,00      0,00

18:57:04        CPU      %usr     %nice      %sys   %iowait    %steal      %irq     %soft    %guest    %gnice     %idle
18:57:06        all      2,79      0,00      3,51      0,00      0,00      0,00     27,38      0,00      0,00     66,32
18:57:06          0      0,00      0,00      0,00      0,00      0,00      0,00    100,00      0,00      0,00      0,00
18:57:06          1      0,00      0,00      0,00      0,00      0,00      0,00    100,00      0,00      0,00      0,00
18:57:06          2      0,00      0,00      0,00      0,00      0,00      0,00    100,00      0,00      0,00      0,00
18:57:06          3      0,00      0,00      0,00      0,00      0,00      0,00    100,00      0,00      0,00      0,00
18:57:06          4      0,00      0,00      0,00      0,00      0,00      0,00     38,74      0,00      0,00     61,26
18:57:06          5     13,93      0,00     22,39      0,00      0,00      0,00      0,00      0,00      0,00     63,68
18:57:06          6      0,00      0,00      0,00      0,00      0,00      0,00      0,00      0,00      0,00    100,00
18:57:06          7      0,00      0,00      0,00      0,00      0,00      0,00      0,00      0,00      0,00    100,00
18:57:06          8      0,00      0,00      0,00      0,00      0,00      0,00      0,00      0,00      0,00    100,00
18:57:06          9      0,00      0,00      0,00      0,00      0,00      0,00      0,00      0,00      0,00    100,00
18:57:06         10      0,00      0,00      0,00      0,00      0,00      0,00      0,00      0,00      0,00    100,00
18:57:06         11      0,00      0,00      0,00      0,00      0,00      0,00      0,00      0,00      0,00    100,00
18:57:06         12      0,00      0,00      0,00      0,00      0,00      0,00      0,00      0,00      0,00    100,00
18:57:06         13     30,35      0,00     33,33      0,00      0,00      0,00      0,00      0,00      0,00     36,32
18:57:06         14      0,00      0,00      0,00      0,00      0,00      0,00      0,00      0,00      0,00    100,00
18:57:06         15      0,00      0,00      0,00      0,00      0,00      0,00      0,00      0,00      0,00    100,00

18:57:04        IFACE   rxpck/s   txpck/s    rxkB/s    txkB/s   rxcmp/s   txcmp/s  rxmcst/s   %ifutil
18:57:06           lo      0,00      0,00      0,00      0,00      0,00      0,00      0,00      0,00
18:57:06         eno1      7,50 864852,00      0,48 108106,43      0,00      0,00      1,00     88,56
18:57:06         eno2      0,00      0,00      0,00      0,00      0,00      0,00      0,00      0,00
18:57:06      docker0      0,00      0,00      0,00      0,00      0,00      0,00      0,00      0,00
18:57:06      ens2np0 1536250,00 688385,00 186030,27  83359,08      0,00      0,00      0,00     15,24
18:57:06      ens2np1      0,00      0,00      0,00      0,00      0,00      0,00      0,00      0,00

18:57:06        CPU      %usr     %nice      %sys   %iowait    %steal      %irq     %soft    %guest    %gnice     %idle
18:57:08        all      2,86      0,00      3,43      0,00      0,00      0,00     27,19      0,00      0,00     66,52
18:57:08          0      0,00      0,00      0,00      0,00      0,00      0,00    100,00      0,00      0,00      0,00
18:57:08          1      0,00      0,00      0,00      0,00      0,00      0,00    100,00      0,00      0,00      0,00
18:57:08          2      0,00      0,00      0,00      0,00      0,00      0,00    100,00      0,00      0,00      0,00
18:57:08          3      0,00      0,00      0,00      0,00      0,00      0,00    100,00      0,00      0,00      0,00
18:57:08          4      0,00      0,00      0,00      0,00      0,00      0,00     35,56      0,00      0,00     64,44
18:57:08          5     15,58      0,00     18,09      0,00      0,00      0,00      0,00      0,00      0,00     66,33
18:57:08          6      0,00      0,00      0,00      0,00      0,00      0,00      0,00      0,00      0,00    100,00
18:57:08          7      0,00      0,00      0,00      0,00      0,00      0,00      0,00      0,00      0,00    100,00
18:57:08          8      0,00      0,00      0,00      0,00      0,00      0,00      0,00      0,00      0,00    100,00
18:57:08          9      0,00      0,00      0,00      0,00      0,00      0,00      0,00      0,00      0,00    100,00
18:57:08         10      0,00      0,00      0,00      0,00      0,00      0,00      0,00      0,00      0,00    100,00
18:57:08         11      0,00      0,00      0,00      0,00      0,00      0,00      0,00      0,00      0,00    100,00
18:57:08         12      0,00      0,00      0,00      0,00      0,00      0,00      0,00      0,00      0,00    100,00
18:57:08         13     30,15      0,00     36,18      0,00      0,00      0,00      0,00      0,00      0,00     33,67
18:57:08         14      0,00      0,00      0,50      0,00      0,00      0,00      0,00      0,00      0,00     99,50
18:57:08         15      0,00      0,00      0,00      0,00      0,00      0,00      0,00      0,00      0,00    100,00

18:57:06        IFACE   rxpck/s   txpck/s    rxkB/s    txkB/s   rxcmp/s   txcmp/s  rxmcst/s   %ifutil
18:57:08           lo      0,00      0,00      0,00      0,00      0,00      0,00      0,00      0,00
18:57:08         eno1      5,00 864713,50      0,33 108089,16      0,00      0,00      1,50     88,55
18:57:08         eno2      0,00      0,00      0,00      0,00      0,00      0,00      0,00      0,00
18:57:08      docker0      0,00      0,00      0,00      0,00      0,00      0,00      0,00      0,00
18:57:08      ens2np0 1533489,00 686496,00 185695,93  83130,29      0,00      0,00      0,00     15,21
18:57:08      ens2np1      0,00      0,00      0,00      0,00      0,00      0,00      0,00      0,00

18:57:08        CPU      %usr     %nice      %sys   %iowait    %steal      %irq     %soft    %guest    %gnice     %idle
18:57:10        all      3,11      0,00      3,30      0,00      0,00      0,00     27,28      0,00      0,00     66,31
18:57:10          0      0,00      0,00      0,00      0,00      0,00      0,00    100,00      0,00      0,00      0,00
18:57:10          1      0,00      0,00      0,00      0,00      0,00      0,00    100,00      0,00      0,00      0,00
18:57:10          2      0,00      0,00      0,00      0,00      0,00      0,00    100,00      0,00      0,00      0,00
18:57:10          3      0,00      0,00      0,00      0,00      0,00      0,00    100,00      0,00      0,00      0,00
18:57:10          4      0,00      0,00      0,00      0,00      0,00      0,00     37,50      0,00      0,00     62,50
18:57:10          5     20,00      0,00     21,50      0,00      0,00      0,00      0,00      0,00      0,00     58,50
18:57:10          6      0,00      0,00      0,00      0,00      0,00      0,00      0,00      0,00      0,00    100,00
18:57:10          7      1,00      0,00      0,00      0,00      0,00      0,00      0,00      0,00      0,00     99,00
18:57:10          8      0,00      0,00      0,00      0,00      0,00      0,00      0,00      0,00      0,00    100,00
18:57:10          9      0,00      0,00      0,00      0,00      0,00      0,00      0,00      0,00      0,00    100,00
18:57:10         10      0,00      0,00      0,00      0,00      0,00      0,00      0,00      0,00      0,00    100,00
18:57:10         11      0,00      0,00      0,00      0,00      0,00      0,00      0,00      0,00      0,00    100,00
18:57:10         12      0,00      0,00      0,50      0,00      0,00      0,00      0,00      0,00      0,00     99,50
18:57:10         13     28,00      0,00     30,50      0,00      0,00      0,00      0,00      0,00      0,00     41,50
18:57:10         14      0,00      0,00      0,00      0,00      0,00      0,00      0,00      0,00      0,00    100,00
18:57:10         15      0,50      0,00      0,00      0,00      0,00      0,00      0,00      0,00      0,00     99,50

18:57:08        IFACE   rxpck/s   txpck/s    rxkB/s    txkB/s   rxcmp/s   txcmp/s  rxmcst/s   %ifutil
18:57:10           lo      0,00      0,00      0,00      0,00      0,00      0,00      0,00      0,00
18:57:10         eno1      8,00 864716,00      0,55 108089,44      0,00      0,00      1,50     88,55
18:57:10         eno2      0,00      0,00      0,00      0,00      0,00      0,00      0,00      0,00
18:57:10      docker0      0,00      0,00      0,00      0,00      0,00      0,00      0,00      0,00
18:57:10      ens2np0 1528997,00 681921,00 185151,98  82576,33      0,00      0,00      0,00     15,17
18:57:10      ens2np1      0,00      0,00      0,00      0,00      0,00      0,00      0,00      0,00

18:57:10        CPU      %usr     %nice      %sys   %iowait    %steal      %irq     %soft    %guest    %gnice     %idle
18:57:12        all      3,05      0,00      3,20      0,00      0,00      0,00     27,30      0,00      0,00     66,45
18:57:12          0      0,00      0,00      0,00      0,00      0,00      0,00    100,00      0,00      0,00      0,00
18:57:12          1      0,00      0,00      0,00      0,00      0,00      0,00    100,00      0,00      0,00      0,00
18:57:12          2      0,00      0,00      0,00      0,00      0,00      0,00    100,00      0,00      0,00      0,00
18:57:12          3      0,00      0,00      0,00      0,00      0,00      0,00    100,00      0,00      0,00      0,00
18:57:12          4      0,00      0,00      0,00      0,00      0,00      0,00     37,50      0,00      0,00     62,50
18:57:12          5     29,65      0,00     31,66      0,00      0,00      0,00      0,00      0,00      0,00     38,69
18:57:12          6      0,00      0,00      0,00      0,00      0,00      0,00      0,00      0,00      0,00    100,00
18:57:12          7      0,00      0,00      0,00      0,00      0,00      0,00      0,00      0,00      0,00    100,00
18:57:12          8      0,00      0,00      0,00      0,00      0,00      0,00      0,00      0,00      0,00    100,00
18:57:12          9      0,00      0,00      0,00      0,00      0,00      0,00      0,00      0,00      0,00    100,00
18:57:12         10      0,00      0,00      0,00      0,00      0,00      0,00      0,00      0,00      0,00    100,00
18:57:12         11      0,00      0,00      0,00      0,00      0,00      0,00      0,00      0,00      0,00    100,00
18:57:12         12      0,00      0,00      0,00      0,00      0,00      0,00      0,00      0,00      0,00    100,00
18:57:12         13     19,00      0,00     19,50      0,00      0,00      0,00      0,00      0,00      0,00     61,50
18:57:12         14      0,00      0,00      0,00      0,00      0,00      0,00      0,00      0,00      0,00    100,00
18:57:12         15      0,00      0,00      0,00      0,00      0,00      0,00      0,00      0,00      0,00    100,00

18:57:10        IFACE   rxpck/s   txpck/s    rxkB/s    txkB/s   rxcmp/s   txcmp/s  rxmcst/s   %ifutil
18:57:12           lo      0,00      0,00      0,00      0,00      0,00      0,00      0,00      0,00
18:57:12         eno1      6,50 864851,00      0,41 108106,29      0,00      0,00      1,00     88,56
18:57:12         eno2      0,00      0,00      0,00      0,00      0,00      0,00      0,00      0,00
18:57:12      docker0      0,00      0,00      0,00      0,00      0,00      0,00      0,00      0,00
18:57:12      ens2np0 1527518,00 680226,50 184972,88  82371,10      0,00      0,00      0,00     15,15
18:57:12      ens2np1      0,00      0,00      0,00      0,00      0,00      0,00      0,00      0,00

18:57:12        CPU      %usr     %nice      %sys   %iowait    %steal      %irq     %soft    %guest    %gnice     %idle
18:57:14        all      3,84      0,00      3,22      0,03      0,00      0,00     27,23      0,00      0,00     65,68
18:57:14          0      0,00      0,00      0,00      0,00      0,00      0,00    100,00      0,00      0,00      0,00
18:57:14          1      0,00      0,00      0,00      0,00      0,00      0,00    100,00      0,00      0,00      0,00
18:57:14          2      0,00      0,00      0,00      0,00      0,00      0,00    100,00      0,00      0,00      0,00
18:57:14          3      0,00      0,00      0,00      0,00      0,00      0,00    100,00      0,00      0,00      0,00
18:57:14          4      1,05      0,00      0,53      0,00      0,00      0,00     37,37      0,00      0,00     61,05
18:57:14          5     29,85      0,00     23,38      0,00      0,00      0,00      0,00      0,00      0,00     46,77
18:57:14          6      1,49      0,00      0,50      0,50      0,00      0,00      0,00      0,00      0,00     97,51
18:57:14          7      1,00      0,00      1,00      0,00      0,00      0,00      0,00      0,00      0,00     98,01
18:57:14          8      0,50      0,00      0,50      0,00      0,00      0,00      0,00      0,00      0,00     99,00
18:57:14          9      0,50      0,00      0,00      0,00      0,00      0,00      0,00      0,00      0,00     99,50
18:57:14         10      0,99      0,00      0,50      0,00      0,00      0,00      0,00      0,00      0,00     98,51
18:57:14         11      1,00      0,00      0,00      0,00      0,00      0,00      0,00      0,00      0,00     99,00
18:57:14         12      0,50      0,00      0,00      0,00      0,00      0,00      0,00      0,00      0,00     99,50
18:57:14         13     22,50      0,00     24,50      0,00      0,00      0,00      0,00      0,00      0,00     53,00
18:57:14         14      1,50      0,00      0,00      0,00      0,00      0,00      0,00      0,00      0,00     98,50
18:57:14         15      0,50      0,00      0,50      0,00      0,00      0,00      0,00      0,00      0,00     99,00

18:57:12        IFACE   rxpck/s   txpck/s    rxkB/s    txkB/s   rxcmp/s   txcmp/s  rxmcst/s   %ifutil
18:57:14           lo      0,00      0,00      0,00      0,00      0,00      0,00      0,00      0,00
18:57:14         eno1      7,50 864850,50      0,61 108106,31      0,00      0,00      1,00     88,56
18:57:14         eno2      0,00      0,00      0,00      0,00      0,00      0,00      0,00      0,00
18:57:14      docker0      0,00      0,00      0,00      0,00      0,00      0,00      0,00      0,00
18:57:14      ens2np0 1528239,00 681343,00 185060,19  82506,34      0,00      0,00      0,00     15,16
18:57:14      ens2np1      0,00      0,00      0,00      0,00      0,00      0,00      0,00      0,00

18:57:14        CPU      %usr     %nice      %sys   %iowait    %steal      %irq     %soft    %guest    %gnice     %idle
18:57:16        all      3,24      0,00      3,08      0,03      0,00      0,00     27,26      0,00      0,00     66,39
18:57:16          0      0,00      0,00      0,00      0,00      0,00      0,00    100,00      0,00      0,00      0,00
18:57:16          1      0,00      0,00      0,00      0,00      0,00      0,00    100,00      0,00      0,00      0,00
18:57:16          2      0,00      0,00      0,00      0,00      0,00      0,00    100,00      0,00      0,00      0,00
18:57:16          3      0,00      0,00      0,00      0,00      0,00      0,00    100,00      0,00      0,00      0,00
18:57:16          4      0,00      0,00      0,00      0,00      0,00      0,00     36,81      0,00      0,00     63,19
18:57:16          5     22,00      0,00     20,50      0,00      0,00      0,00      0,00      0,00      0,00     57,50
18:57:16          6      0,00      0,00      0,00      0,00      0,00      0,00      0,00      0,00      0,00    100,00
18:57:16          7      0,00      0,00      0,00      0,00      0,00      0,00      0,00      0,00      0,00    100,00
18:57:16          8      0,00      0,00      0,00      0,00      0,00      0,00      0,00      0,00      0,00    100,00
18:57:16          9      0,00      0,00      0,00      0,00      0,00      0,00      0,00      0,00      0,00    100,00
18:57:16         10      0,00      0,00      0,00      0,00      0,00      0,00      0,00      0,00      0,00    100,00
18:57:16         11      0,00      0,00      0,00      0,00      0,00      0,00      0,00      0,00      0,00    100,00
18:57:16         12      0,00      0,00      0,00      0,00      0,00      0,00      0,00      0,00      0,00    100,00
18:57:16         13     29,50      0,00     28,50      0,00      0,00      0,00      0,00      0,00      0,00     42,00
18:57:16         14      0,00      0,00      0,00      0,50      0,00      0,00      0,00      0,00      0,00     99,50
18:57:16         15      0,00      0,00      0,00      0,00      0,00      0,00      0,00      0,00      0,00    100,00

18:57:14        IFACE   rxpck/s   txpck/s    rxkB/s    txkB/s   rxcmp/s   txcmp/s  rxmcst/s   %ifutil
18:57:16           lo      0,00      0,00      0,00      0,00      0,00      0,00      0,00      0,00
18:57:16         eno1      7,00 866541,50      0,44 108317,69      0,00      0,00      1,00     88,73
18:57:16         eno2      0,00      0,00      0,00      0,00      0,00      0,00      0,00      0,00
18:57:16      docker0      0,00      0,00      0,00      0,00      0,00      0,00      0,00      0,00
18:57:16      ens2np0 1532197,00 684194,00 185539,48  82851,54      0,00      0,00      0,00     15,20
18:57:16      ens2np1      0,00      0,00      0,00      0,00      0,00      0,00      0,00      0,00

18:57:16        CPU      %usr     %nice      %sys   %iowait    %steal      %irq     %soft    %guest    %gnice     %idle
18:57:18        all      3,15      0,00      3,11      0,00      0,00      0,00     27,21      0,00      0,00     66,53
18:57:18          0      0,00      0,00      0,00      0,00      0,00      0,00    100,00      0,00      0,00      0,00
18:57:18          1      0,00      0,00      0,00      0,00      0,00      0,00    100,00      0,00      0,00      0,00
18:57:18          2      0,00      0,00      0,00      0,00      0,00      0,00    100,00      0,00      0,00      0,00
18:57:18          3      0,00      0,00      0,00      0,00      0,00      0,00    100,00      0,00      0,00      0,00
18:57:18          4      0,00      0,00      0,00      0,00      0,00      0,00     36,31      0,00      0,00     63,69
18:57:18          5     18,00      0,00     18,00      0,00      0,00      0,00      0,00      0,00      0,00     64,00
18:57:18          6      0,00      0,00      0,00      0,00      0,00      0,00      0,00      0,00      0,00    100,00
18:57:18          7      0,00      0,00      0,00      0,00      0,00      0,00      0,00      0,00      0,00    100,00
18:57:18          8      0,00      0,00      0,00      0,00      0,00      0,00      0,00      0,00      0,00    100,00
18:57:18          9      0,00      0,00      0,00      0,00      0,00      0,00      0,00      0,00      0,00    100,00
18:57:18         10      0,00      0,00      0,00      0,00      0,00      0,00      0,00      0,00      0,00    100,00
18:57:18         11      0,00      0,00      0,00      0,00      0,00      0,00      0,00      0,00      0,00    100,00
18:57:18         12      0,00      0,00      0,00      0,00      0,00      0,00      0,00      0,00      0,00    100,00
18:57:18         13     32,00      0,00     31,50      0,00      0,00      0,00      0,00      0,00      0,00     36,50
18:57:18         14      0,00      0,00      0,00      0,00      0,00      0,00      0,00      0,00      0,00    100,00
18:57:18         15      0,00      0,00      0,00      0,00      0,00      0,00      0,00      0,00      0,00    100,00

18:57:16        IFACE   rxpck/s   txpck/s    rxkB/s    txkB/s   rxcmp/s   txcmp/s  rxmcst/s   %ifutil
18:57:18           lo      0,00      0,00      0,00      0,00      0,00      0,00      0,00      0,00
18:57:18         eno1      5,50 863161,50      0,36 107895,09      0,00      0,00      1,00     88,39
18:57:18         eno2      0,00      0,00      0,00      0,00      0,00      0,00      0,00      0,00
18:57:18      docker0      0,00      0,00      0,00      0,00      0,00      0,00      0,00      0,00
18:57:18      ens2np0 1525755,50 678303,50 184759,46  82138,23      0,00      0,00      0,00     15,14
18:57:18      ens2np1      0,00      0,00      0,00      0,00      0,00      0,00      0,00      0,00

18:57:18        CPU      %usr     %nice      %sys   %iowait    %steal      %irq     %soft    %guest    %gnice     %idle
18:57:20        all      3,12      0,00      3,24      0,00      0,00      0,00     27,13      0,00      0,00     66,51
18:57:20          0      0,00      0,00      0,00      0,00      0,00      0,00    100,00      0,00      0,00      0,00
18:57:20          1      0,00      0,00      0,00      0,00      0,00      0,00    100,00      0,00      0,00      0,00
18:57:20          2      0,00      0,00      0,00      0,00      0,00      0,00    100,00      0,00      0,00      0,00
18:57:20          3      0,00      0,00      0,00      0,00      0,00      0,00    100,00      0,00      0,00      0,00
18:57:20          4      0,00      0,00      0,00      0,00      0,00      0,00     35,03      0,00      0,00     64,97
18:57:20          5     10,95      0,00     12,94      0,00      0,00      0,00      0,00      0,00      0,00     76,12
18:57:20          6      0,00      0,00      0,00      0,00      0,00      0,00      0,00      0,00      0,00    100,00
18:57:20          7      0,00      0,00      0,00      0,00      0,00      0,00      0,00      0,00      0,00    100,00
18:57:20          8      0,00      0,00      0,00      0,00      0,00      0,00      0,00      0,00      0,00    100,00
18:57:20          9      0,00      0,00      0,00      0,00      0,00      0,00      0,00      0,00      0,00    100,00
18:57:20         10      0,00      0,00      0,00      0,00      0,00      0,00      0,00      0,00      0,00    100,00
18:57:20         11      0,00      0,00      0,00      0,00      0,00      0,00      0,00      0,00      0,00    100,00
18:57:20         12      0,00      0,00      0,00      0,00      0,00      0,00      0,00      0,00      0,00    100,00
18:57:20         13     38,50      0,00     38,50      0,00      0,00      0,00      0,00      0,00      0,00     23,00
18:57:20         14      0,00      0,00      0,00      0,00      0,00      0,00      0,00      0,00      0,00    100,00
18:57:20         15      0,00      0,00      0,00      0,00      0,00      0,00      0,00      0,00      0,00    100,00

18:57:18        IFACE   rxpck/s   txpck/s    rxkB/s    txkB/s   rxcmp/s   txcmp/s  rxmcst/s   %ifutil
18:57:20           lo      0,00      0,00      0,00      0,00      0,00      0,00      0,00      0,00
18:57:20         eno1      7,50 866419,50      0,48 108302,39      0,00      0,00      1,50     88,72
18:57:20         eno2      0,00      0,00      0,00      0,00      0,00      0,00      0,00      0,00
18:57:20      docker0      0,00      0,00      0,00      0,00      0,00      0,00      0,00      0,00
18:57:20      ens2np0 1525481,00 677729,00 184726,21  82068,67      0,00      0,00      0,00     15,13
18:57:20      ens2np1      0,00      0,00      0,00      0,00      0,00      0,00      0,00      0,00

18:57:20        CPU      %usr     %nice      %sys   %iowait    %steal      %irq     %soft    %guest    %gnice     %idle
18:57:22        all      3,17      0,00      3,05      0,00      0,00      0,00     27,24      0,00      0,00     66,54
18:57:22          0      0,00      0,00      0,00      0,00      0,00      0,00    100,00      0,00      0,00      0,00
18:57:22          1      0,00      0,00      0,00      0,00      0,00      0,00    100,00      0,00      0,00      0,00
18:57:22          2      0,00      0,00      0,00      0,00      0,00      0,00    100,00      0,00      0,00      0,00
18:57:22          3      0,00      0,00      0,00      0,00      0,00      0,00    100,00      0,00      0,00      0,00
18:57:22          4      0,00      0,00      0,00      0,00      0,00      0,00     36,41      0,00      0,00     63,59
18:57:22          5     19,00      0,00     21,50      0,00      0,00      0,00      0,00      0,00      0,00     59,50
18:57:22          6      0,00      0,00      0,00      0,00      0,00      0,00      0,00      0,00      0,00    100,00
18:57:22          7      0,00      0,00      0,00      0,00      0,00      0,00      0,00      0,00      0,00    100,00
18:57:22          8      0,00      0,00      0,00      0,00      0,00      0,00      0,00      0,00      0,00    100,00
18:57:22          9      0,00      0,00      0,00      0,00      0,00      0,00      0,00      0,00      0,00    100,00
18:57:22         10      0,00      0,00      0,00      0,00      0,00      0,00      0,00      0,00      0,00    100,00
18:57:22         11      0,00      0,00      0,00      0,00      0,00      0,00      0,00      0,00      0,00    100,00
18:57:22         12      0,00      0,00      0,00      0,00      0,00      0,00      0,00      0,00      0,00    100,00
18:57:22         13     31,66      0,00     27,14      0,00      0,00      0,00      0,00      0,00      0,00     41,21
18:57:22         14      0,00      0,00      0,00      0,00      0,00      0,00      0,00      0,00      0,00    100,00
18:57:22         15      0,00      0,00      0,00      0,00      0,00      0,00      0,00      0,00      0,00    100,00

18:57:20        IFACE   rxpck/s   txpck/s    rxkB/s    txkB/s   rxcmp/s   txcmp/s  rxmcst/s   %ifutil
18:57:22           lo      0,00      0,00      0,00      0,00      0,00      0,00      0,00      0,00
18:57:22         eno1      7,50 863163,00      0,54 107895,30      0,00      0,00      1,50     88,39
18:57:22         eno2      0,00      0,00      0,00      0,00      0,00      0,00      0,00      0,00
18:57:22      docker0      0,00      0,00      0,00      0,00      0,00      0,00      0,00      0,00
18:57:22      ens2np0 1526435,50 678945,50 184841,80  82216,02      0,00      0,00      0,00     15,14
18:57:22      ens2np1      0,00      0,00      0,00      0,00      0,00      0,00      0,00      0,00

18:57:22        CPU      %usr     %nice      %sys   %iowait    %steal      %irq     %soft    %guest    %gnice     %idle
18:57:24        all      3,31      0,00      3,37      0,00      0,00      0,00     27,22      0,00      0,00     66,10
18:57:24          0      0,00      0,00      0,00      0,00      0,00      0,00    100,00      0,00      0,00      0,00
18:57:24          1      0,00      0,00      0,00      0,00      0,00      0,00    100,00      0,00      0,00      0,00
18:57:24          2      0,00      0,00      0,00      0,00      0,00      0,00    100,00      0,00      0,00      0,00
18:57:24          3      0,00      0,00      0,00      0,00      0,00      0,00    100,00      0,00      0,00      0,00
18:57:24          4      0,55      0,00      0,00      0,00      0,00      0,00     35,36      0,00      0,00     64,09
18:57:24          5     21,00      0,00     22,50      0,00      0,00      0,00      0,00      0,00      0,00     56,50
18:57:24          6      0,00      0,00      0,50      0,00      0,00      0,00      0,00      0,00      0,00     99,50
18:57:24          7      0,51      0,00      0,51      0,00      0,00      0,00      0,00      0,00      0,00     98,99
18:57:24          8      0,00      0,00      0,00      0,00      0,00      0,00      0,00      0,00      0,00    100,00
18:57:24          9      0,00      0,00      0,00      0,00      0,00      0,00      0,00      0,00      0,00    100,00
18:57:24         10      0,00      0,00      0,00      0,00      0,00      0,00      0,00      0,00      0,00    100,00
18:57:24         11      0,50      0,00      0,00      0,00      0,00      0,00      0,00      0,00      0,00     99,50
18:57:24         12      0,50      0,00      0,00      0,00      0,00      0,00      0,00      0,00      0,00     99,50
18:57:24         13     28,00      0,00     29,00      0,00      0,00      0,00      0,00      0,00      0,00     43,00
18:57:24         14      0,00      0,00      0,50      0,00      0,00      0,00      0,00      0,00      0,00     99,50
18:57:24         15      1,51      0,00      0,50      0,00      0,00      0,00      0,00      0,00      0,00     97,99

18:57:22        IFACE   rxpck/s   txpck/s    rxkB/s    txkB/s   rxcmp/s   txcmp/s  rxmcst/s   %ifutil
18:57:24           lo      0,00      0,00      0,00      0,00      0,00      0,00      0,00      0,00
18:57:24         eno1      6,50 864852,50      0,42 108106,58      0,00      0,00      1,00     88,56
18:57:24         eno2      0,00      0,00      0,00      0,00      0,00      0,00      0,00      0,00
18:57:24      docker0      0,00      0,00      0,00      0,00      0,00      0,00      0,00      0,00
18:57:24      ens2np0 1530160,00 682881,50 185292,81  82692,60      0,00      0,00      0,00     15,18
18:57:24      ens2np1      0,00      0,00      0,00      0,00      0,00      0,00      0,00      0,00

18:57:24        CPU      %usr     %nice      %sys   %iowait    %steal      %irq     %soft    %guest    %gnice     %idle
18:57:26        all      3,11      0,00      3,20      0,00      0,00      0,00     27,36      0,00      0,00     66,33
18:57:26          0      0,00      0,00      0,00      0,00      0,00      0,00    100,00      0,00      0,00      0,00
18:57:26          1      0,00      0,00      0,00      0,00      0,00      0,00    100,00      0,00      0,00      0,00
18:57:26          2      0,00      0,00      0,00      0,00      0,00      0,00    100,00      0,00      0,00      0,00
18:57:26          3      0,00      0,00      0,00      0,00      0,00      0,00    100,00      0,00      0,00      0,00
18:57:26          4      0,00      0,00      0,00      0,00      0,00      0,00     38,71      0,00      0,00     61,29
18:57:26          5     19,00      0,00     21,00      0,00      0,00      0,00      0,00      0,00      0,00     60,00
18:57:26          6      0,00      0,00      0,00      0,00      0,00      0,00      0,00      0,00      0,00    100,00
18:57:26          7      0,00      0,00      0,00      0,00      0,00      0,00      0,00      0,00      0,00    100,00
18:57:26          8      0,00      0,00      0,00      0,00      0,00      0,00      0,00      0,00      0,00    100,00
18:57:26          9      0,00      0,00      0,00      0,00      0,00      0,00      0,00      0,00      0,00    100,00
18:57:26         10      0,00      0,00      0,00      0,00      0,00      0,00      0,00      0,00      0,00    100,00
18:57:26         11      0,50      0,00      0,00      0,00      0,00      0,00      0,00      0,00      0,00     99,50
18:57:26         12      0,00      0,00      0,00      0,00      0,00      0,00      0,00      0,00      0,00    100,00
18:57:26         13     30,00      0,00     30,00      0,00      0,00      0,00      0,00      0,00      0,00     40,00
18:57:26         14      0,00      0,00      0,00      0,00      0,00      0,00      0,00      0,00      0,00    100,00
18:57:26         15      0,00      0,00      0,00      0,00      0,00      0,00      0,00      0,00      0,00    100,00

18:57:24        IFACE   rxpck/s   txpck/s    rxkB/s    txkB/s   rxcmp/s   txcmp/s  rxmcst/s   %ifutil
18:57:26           lo      0,00      0,00      0,00      0,00      0,00      0,00      0,00      0,00
18:57:26         eno1      6,50 864852,00      0,41 108106,44      0,00      0,00      1,00     88,56
18:57:26         eno2      0,00      0,00      0,00      0,00      0,00      0,00      0,00      0,00
18:57:26      docker0      0,00      0,00      0,00      0,00      0,00      0,00      0,00      0,00
18:57:26      ens2np0 1525292,00 677759,00 184703,33  82072,34      0,00      0,00      0,00     15,13
18:57:26      ens2np1      0,00      0,00      0,00      0,00      0,00      0,00      0,00      0,00

18:57:26        CPU      %usr     %nice      %sys   %iowait    %steal      %irq     %soft    %guest    %gnice     %idle
18:57:28        all      2,80      0,00      3,49      0,00      0,00      0,00     27,28      0,00      0,00     66,44
18:57:28          0      0,00      0,00      0,00      0,00      0,00      0,00    100,00      0,00      0,00      0,00
18:57:28          1      0,00      0,00      0,00      0,00      0,00      0,00    100,00      0,00      0,00      0,00
18:57:28          2      0,00      0,00      0,00      0,00      0,00      0,00    100,00      0,00      0,00      0,00
18:57:28          3      0,00      0,00      0,00      0,00      0,00      0,00    100,00      0,00      0,00      0,00
18:57:28          4      0,00      0,00      0,00      0,00      0,00      0,00     37,16      0,00      0,00     62,84
18:57:28          5     19,60      0,00     24,62      0,00      0,00      0,00      0,00      0,00      0,00     55,78
18:57:28          6      0,00      0,00      0,00      0,00      0,00      0,00      0,00      0,00      0,00    100,00
18:57:28          7      0,00      0,00      0,00      0,00      0,00      0,00      0,00      0,00      0,00    100,00
18:57:28          8      0,00      0,00      0,00      0,00      0,00      0,00      0,00      0,00      0,00    100,00
18:57:28          9      0,00      0,00      0,00      0,00      0,00      0,00      0,00      0,00      0,00    100,00
18:57:28         10      0,00      0,00      0,00      0,00      0,00      0,00      0,00      0,00      0,00    100,00
18:57:28         11      0,00      0,00      0,00      0,00      0,00      0,00      0,00      0,00      0,00    100,00
18:57:28         12      0,00      0,00      0,00      0,00      0,00      0,00      0,00      0,00      0,00    100,00
18:57:28         13     24,88      0,00     30,85      0,00      0,00      0,00      0,00      0,00      0,00     44,28
18:57:28         14      0,00      0,00      0,00      0,00      0,00      0,00      0,00      0,00      0,00    100,00
18:57:28         15      0,00      0,00      0,00      0,00      0,00      0,00      0,00      0,00      0,00    100,00

18:57:26        IFACE   rxpck/s   txpck/s    rxkB/s    txkB/s   rxcmp/s   txcmp/s  rxmcst/s   %ifutil
18:57:28           lo      0,00      0,00      0,00      0,00      0,00      0,00      0,00      0,00
18:57:28         eno1      7,50 864852,50      0,64 108106,46      0,00      0,00      1,00     88,56
18:57:28         eno2      0,00      0,00      0,00      0,00      0,00      0,00      0,00      0,00
18:57:28      docker0      0,00      0,00      0,00      0,00      0,00      0,00      0,00      0,00
18:57:28      ens2np0 1520658,00 673668,50 184142,18  81576,96      0,00      0,00      0,00     15,08
18:57:28      ens2np1      0,00      0,00      0,00      0,00      0,00      0,00      0,00      0,00

18:57:28        CPU      %usr     %nice      %sys   %iowait    %steal      %irq     %soft    %guest    %gnice     %idle
18:57:30        all      3,14      0,00      3,17      0,03      0,00      0,00     27,19      0,00      0,00     66,47
18:57:30          0      0,00      0,00      0,00      0,00      0,00      0,00    100,00      0,00      0,00      0,00
18:57:30          1      0,00      0,00      0,00      0,00      0,00      0,00    100,00      0,00      0,00      0,00
18:57:30          2      0,00      0,00      0,00      0,00      0,00      0,00    100,00      0,00      0,00      0,00
18:57:30          3      0,00      0,00      0,00      0,00      0,00      0,00    100,00      0,00      0,00      0,00
18:57:30          4      0,00      0,00      0,00      0,54      0,00      0,00     35,87      0,00      0,00     63,59
18:57:30          5     25,37      0,00     24,38      0,00      0,00      0,00      0,00      0,00      0,00     50,25
18:57:30          6      0,00      0,00      0,50      0,00      0,00      0,00      0,00      0,00      0,00     99,50
18:57:30          7      0,00      0,00      0,00      0,00      0,00      0,00      0,00      0,00      0,00    100,00
18:57:30          8      0,00      0,00      0,00      0,00      0,00      0,00      0,00      0,00      0,00    100,00
18:57:30          9      0,00      0,00      0,00      0,00      0,00      0,00      0,00      0,00      0,00    100,00
18:57:30         10      0,00      0,00      0,00      0,00      0,00      0,00      0,00      0,00      0,00    100,00
18:57:30         11      0,00      0,00      0,00      0,00      0,00      0,00      0,00      0,00      0,00    100,00
18:57:30         12      0,00      0,00      0,00      0,00      0,00      0,00      0,00      0,00      0,00    100,00
18:57:30         13     24,62      0,00     25,63      0,00      0,00      0,00      0,00      0,00      0,00     49,75
18:57:30         14      0,00      0,00      0,00      0,00      0,00      0,00      0,00      0,00      0,00    100,00
18:57:30         15      0,00      0,00      0,00      0,00      0,00      0,00      0,00      0,00      0,00    100,00

18:57:28        IFACE   rxpck/s   txpck/s    rxkB/s    txkB/s   rxcmp/s   txcmp/s  rxmcst/s   %ifutil
18:57:30           lo      0,00      0,00      0,00      0,00      0,00      0,00      0,00      0,00
18:57:30         eno1      7,00 864718,50      0,44 108089,81      0,00      0,00      1,50     88,55
18:57:30         eno2      0,00      0,00      0,00      0,00      0,00      0,00      0,00      0,00
18:57:30      docker0      0,00      0,00      0,00      0,00      0,00      0,00      0,00      0,00
18:57:30      ens2np0 1523856,00 677055,50 184529,44  81987,15      0,00      0,00      0,00     15,12
18:57:30      ens2np1      0,00      0,00      0,00      0,00      0,00      0,00      0,00      0,00

Average:        CPU      %usr     %nice      %sys   %iowait    %steal      %irq     %soft    %guest    %gnice     %idle
Average:        all      3,86      0,00      2,56      0,01      0,00      0,00     21,36      0,00      0,00     72,21
Average:          0      0,04      0,00      0,00      0,00      0,00      0,00     78,46      0,00      0,00     21,50
Average:          1      0,06      0,00      0,00      0,00      0,00      0,00     78,44      0,00      0,00     21,50
Average:          2      0,02      0,00      0,02      0,00      0,00      0,00     78,42      0,00      0,00     21,54
Average:          3      0,00      0,00      0,00      0,00      0,00      0,00     78,44      0,00      0,00     21,56
Average:          4      0,13      0,00      0,04      0,02      0,00      0,00     28,51      0,00      0,00     71,30
Average:          5     39,17      0,00     18,20      0,00      0,00      0,00      0,00      0,00      0,00     42,63
Average:          6      0,18      0,00      0,12      0,02      0,00      0,00      0,00      0,00      0,00     99,68
Average:          7      0,26      0,00      0,10      0,00      0,00      0,00      0,00      0,00      0,00     99,64
Average:          8      0,06      0,00      0,04      0,00      0,00      0,00      0,00      0,00      0,00     99,90
Average:          9      0,10      0,00      0,02      0,00      0,00      0,00      0,00      0,00      0,00     99,88
Average:         10      0,08      0,00      0,04      0,00      0,00      0,00      0,00      0,00      0,00     99,88
Average:         11      0,24      0,00      0,02      0,00      0,00      0,00      0,00      0,00      0,00     99,74
Average:         12      0,12      0,00      0,08      0,00      0,00      0,00      0,00      0,00      0,00     99,80
Average:         13     20,79      0,00     21,93      0,00      0,00      0,00      0,00      0,00      0,00     57,28
Average:         14      0,12      0,00      0,10      0,04      0,00      0,00      0,00      0,00      0,00     99,74
Average:         15      0,22      0,00      0,08      0,00      0,00      0,00      0,00      0,00      0,00     99,70

Average:        IFACE   rxpck/s   txpck/s    rxkB/s    txkB/s   rxcmp/s   txcmp/s  rxmcst/s   %ifutil
Average:           lo      0,00      0,00      0,00      0,00      0,00      0,00      0,00      0,00
Average:         eno1      7,98 658358,70      0,65  82294,83      0,00      0,00      1,16     67,42
Average:         eno2      0,00      0,00      0,00      0,00      0,00      0,00      0,00      0,00
Average:      docker0      0,00      0,00      0,00      0,00      0,00      0,00      0,00      0,00
Average:      ens2np0 1198730,32 534359,82 145158,75  64707,58      0,00      0,00      0,00     11,89
Average:      ens2np1      0,00      0,00      0,00      0,00      0,00      0,00      0,00      0,00
