Linux 5.13.0-52-generic (w1) 	20/07/2022 	_x86_64_	(16 CPU)

19:49:35        CPU      %usr     %nice      %sys   %iowait    %steal      %irq     %soft    %guest    %gnice     %idle
19:49:37        all      6,34      0,00      0,00      0,00      0,00      0,00      0,00      0,00      0,00     93,66
19:49:37          0      0,00      0,00      0,00      0,00      0,00      0,00      0,00      0,00      0,00    100,00
19:49:37          1      0,00      0,00      0,00      0,00      0,00      0,00      0,00      0,00      0,00    100,00
19:49:37          2      1,00      0,00      0,00      0,00      0,00      0,00      0,00      0,00      0,00     99,00
19:49:37          3      0,00      0,00      0,00      0,00      0,00      0,00      0,00      0,00      0,00    100,00
19:49:37          4      0,00      0,00      0,00      0,00      0,00      0,00      0,00      0,00      0,00    100,00
19:49:37          5    100,00      0,00      0,00      0,00      0,00      0,00      0,00      0,00      0,00      0,00
19:49:37          6      0,00      0,00      0,00      0,00      0,00      0,00      0,00      0,00      0,00    100,00
19:49:37          7      0,00      0,00      0,00      0,00      0,00      0,00      0,00      0,00      0,00    100,00
19:49:37          8      0,00      0,00      0,00      0,00      0,00      0,00      0,00      0,00      0,00    100,00
19:49:37          9      0,50      0,00      0,00      0,00      0,00      0,00      0,00      0,00      0,00     99,50
19:49:37         10      0,00      0,00      0,00      0,00      0,00      0,00      0,00      0,00      0,00    100,00
19:49:37         11      0,00      0,00      0,00      0,00      0,00      0,00      0,00      0,00      0,00    100,00
19:49:37         12      0,00      0,00      0,00      0,00      0,00      0,00      0,00      0,00      0,00    100,00
19:49:37         13      0,00      0,00      0,00      0,00      0,00      0,00      0,00      0,00      0,00    100,00
19:49:37         14      0,00      0,00      0,00      0,00      0,00      0,00      0,00      0,00      0,00    100,00
19:49:37         15      0,00      0,00      0,00      0,00      0,00      0,00      0,00      0,00      0,00    100,00

19:49:35        IFACE   rxpck/s   txpck/s    rxkB/s    txkB/s   rxcmp/s   txcmp/s  rxmcst/s   %ifutil
19:49:37           lo      0,00      0,00      0,00      0,00      0,00      0,00      0,00      0,00
19:49:37         eno1     18,00     19,00      3,50      3,46      0,00      0,00      1,00      0,00
19:49:37         eno2      0,00      0,00      0,00      0,00      0,00      0,00      0,00      0,00
19:49:37      docker0      0,00      0,00      0,00      0,00      0,00      0,00      0,00      0,00
19:49:37      ens2np0      0,00      0,00      0,00      0,00      0,00      0,00      0,00      0,00
19:49:37      ens2np1      0,00      0,00      0,00      0,00      0,00      0,00      0,00      0,00

19:49:37        CPU      %usr     %nice      %sys   %iowait    %steal      %irq     %soft    %guest    %gnice     %idle
19:49:39        all      6,72      0,00      0,12      0,03      0,00      0,00      0,00      0,00      0,00     93,12
19:49:39          0      1,52      0,00      0,00      0,00      0,00      0,00      0,00      0,00      0,00     98,48
19:49:39          1      0,50      0,00      0,00      0,00      0,00      0,00      0,00      0,00      0,00     99,50
19:49:39          2      0,00      0,00      0,00      0,00      0,00      0,00      0,00      0,00      0,00    100,00
19:49:39          3      0,50      0,00      0,00      0,00      0,00      0,00      0,00      0,00      0,00     99,50
19:49:39          4      0,00      0,00      0,50      0,00      0,00      0,00      0,00      0,00      0,00     99,50
19:49:39          5    100,00      0,00      0,00      0,00      0,00      0,00      0,00      0,00      0,00      0,00
19:49:39          6      0,00      0,00      0,50      0,00      0,00      0,00      0,00      0,00      0,00     99,50
19:49:39          7      0,00      0,00      0,00      0,00      0,00      0,00      0,00      0,00      0,00    100,00
19:49:39          8      0,50      0,00      0,00      0,00      0,00      0,00      0,00      0,00      0,00     99,50
19:49:39          9      0,50      0,00      0,00      0,00      0,00      0,00      0,00      0,00      0,00     99,50
19:49:39         10      1,00      0,00      0,00      0,00      0,00      0,00      0,00      0,00      0,00     99,00
19:49:39         11      0,50      0,00      0,00      0,00      0,00      0,00      0,00      0,00      0,00     99,50
19:49:39         12      0,50      0,00      0,00      0,00      0,00      0,00      0,00      0,00      0,00     99,50
19:49:39         13      0,50      0,00      0,00      0,00      0,00      0,00      0,00      0,00      0,00     99,50
19:49:39         14      0,50      0,00      0,00      0,50      0,00      0,00      0,00      0,00      0,00     99,00
19:49:39         15      0,99      0,00      0,99      0,00      0,00      0,00      0,00      0,00      0,00     98,02

19:49:37        IFACE   rxpck/s   txpck/s    rxkB/s    txkB/s   rxcmp/s   txcmp/s  rxmcst/s   %ifutil
19:49:39           lo      0,00      0,00      0,00      0,00      0,00      0,00      0,00      0,00
19:49:39         eno1      4,00      0,50      0,25      0,03      0,00      0,00      1,00      0,00
19:49:39         eno2      0,00      0,00      0,00      0,00      0,00      0,00      0,00      0,00
19:49:39      docker0      0,00      0,00      0,00      0,00      0,00      0,00      0,00      0,00
19:49:39      ens2np0      0,00      0,00      0,00      0,00      0,00      0,00      0,00      0,00
19:49:39      ens2np1      0,00      0,00      0,00      0,00      0,00      0,00      0,00      0,00

19:49:39        CPU      %usr     %nice      %sys   %iowait    %steal      %irq     %soft    %guest    %gnice     %idle
19:49:41        all      6,25      0,00      0,00      0,00      0,00      0,00      0,00      0,00      0,00     93,75
19:49:41          0      0,00      0,00      0,00      0,00      0,00      0,00      0,00      0,00      0,00    100,00
19:49:41          1      0,00      0,00      0,00      0,00      0,00      0,00      0,00      0,00      0,00    100,00
19:49:41          2      0,00      0,00      0,00      0,00      0,00      0,00      0,00      0,00      0,00    100,00
19:49:41          3      0,00      0,00      0,00      0,00      0,00      0,00      0,00      0,00      0,00    100,00
19:49:41          4      0,00      0,00      0,00      0,00      0,00      0,00      0,00      0,00      0,00    100,00
19:49:41          5    100,00      0,00      0,00      0,00      0,00      0,00      0,00      0,00      0,00      0,00
19:49:41          6      0,00      0,00      0,00      0,00      0,00      0,00      0,00      0,00      0,00    100,00
19:49:41          7      0,00      0,00      0,00      0,00      0,00      0,00      0,00      0,00      0,00    100,00
19:49:41          8      0,00      0,00      0,00      0,00      0,00      0,00      0,00      0,00      0,00    100,00
19:49:41          9      0,00      0,00      0,00      0,00      0,00      0,00      0,00      0,00      0,00    100,00
19:49:41         10      0,00      0,00      0,00      0,00      0,00      0,00      0,00      0,00      0,00    100,00
19:49:41         11      0,00      0,00      0,00      0,00      0,00      0,00      0,00      0,00      0,00    100,00
19:49:41         12      0,00      0,00      0,00      0,00      0,00      0,00      0,00      0,00      0,00    100,00
19:49:41         13      0,00      0,00      0,00      0,00      0,00      0,00      0,00      0,00      0,00    100,00
19:49:41         14      0,00      0,00      0,00      0,00      0,00      0,00      0,00      0,00      0,00    100,00
19:49:41         15      0,00      0,00      0,00      0,00      0,00      0,00      0,00      0,00      0,00    100,00

19:49:39        IFACE   rxpck/s   txpck/s    rxkB/s    txkB/s   rxcmp/s   txcmp/s  rxmcst/s   %ifutil
19:49:41           lo      0,00      0,00      0,00      0,00      0,00      0,00      0,00      0,00
19:49:41         eno1      4,00      0,00      0,25      0,00      0,00      0,00      1,00      0,00
19:49:41         eno2      0,00      0,00      0,00      0,00      0,00      0,00      0,00      0,00
19:49:41      docker0      0,00      0,00      0,00      0,00      0,00      0,00      0,00      0,00
19:49:41      ens2np0      0,00      0,00      0,00      0,00      0,00      0,00      0,00      0,00
19:49:41      ens2np1      0,00      0,00      0,00      0,00      0,00      0,00      0,00      0,00

19:49:41        CPU      %usr     %nice      %sys   %iowait    %steal      %irq     %soft    %guest    %gnice     %idle
19:49:43        all      6,25      0,00      0,00      0,00      0,00      0,00      0,00      0,00      0,00     93,75
19:49:43          0      0,00      0,00      0,00      0,00      0,00      0,00      0,00      0,00      0,00    100,00
19:49:43          1      0,00      0,00      0,00      0,00      0,00      0,00      0,00      0,00      0,00    100,00
19:49:43          2      0,00      0,00      0,00      0,00      0,00      0,00      0,00      0,00      0,00    100,00
19:49:43          3      0,00      0,00      0,00      0,00      0,00      0,00      0,00      0,00      0,00    100,00
19:49:43          4      0,00      0,00      0,00      0,00      0,00      0,00      0,00      0,00      0,00    100,00
19:49:43          5    100,00      0,00      0,00      0,00      0,00      0,00      0,00      0,00      0,00      0,00
19:49:43          6      0,00      0,00      0,00      0,00      0,00      0,00      0,00      0,00      0,00    100,00
19:49:43          7      0,00      0,00      0,00      0,00      0,00      0,00      0,00      0,00      0,00    100,00
19:49:43          8      0,00      0,00      0,00      0,00      0,00      0,00      0,00      0,00      0,00    100,00
19:49:43          9      0,00      0,00      0,00      0,00      0,00      0,00      0,00      0,00      0,00    100,00
19:49:43         10      0,00      0,00      0,00      0,00      0,00      0,00      0,00      0,00      0,00    100,00
19:49:43         11      0,00      0,00      0,00      0,00      0,00      0,00      0,00      0,00      0,00    100,00
19:49:43         12      0,00      0,00      0,00      0,00      0,00      0,00      0,00      0,00      0,00    100,00
19:49:43         13      0,00      0,00      0,00      0,00      0,00      0,00      0,00      0,00      0,00    100,00
19:49:43         14      0,00      0,00      0,00      0,00      0,00      0,00      0,00      0,00      0,00    100,00
19:49:43         15      0,00      0,00      0,00      0,00      0,00      0,00      0,00      0,00      0,00    100,00

19:49:41        IFACE   rxpck/s   txpck/s    rxkB/s    txkB/s   rxcmp/s   txcmp/s  rxmcst/s   %ifutil
19:49:43           lo      0,00      0,00      0,00      0,00      0,00      0,00      0,00      0,00
19:49:43         eno1      5,00      0,50      0,31      0,03      0,00      0,00      1,50      0,00
19:49:43         eno2      0,00      0,00      0,00      0,00      0,00      0,00      0,00      0,00
19:49:43      docker0      0,00      0,00      0,00      0,00      0,00      0,00      0,00      0,00
19:49:43      ens2np0      0,00      0,00      0,00      0,00      0,00      0,00      0,00      0,00
19:49:43      ens2np1      0,00      0,00      0,00      0,00      0,00      0,00      0,00      0,00

19:49:43        CPU      %usr     %nice      %sys   %iowait    %steal      %irq     %soft    %guest    %gnice     %idle
19:49:45        all      6,25      0,00      0,03      0,00      0,00      0,00      0,00      0,00      0,00     93,72
19:49:45          0      0,00      0,00      0,00      0,00      0,00      0,00      0,00      0,00      0,00    100,00
19:49:45          1      0,00      0,00      0,00      0,00      0,00      0,00      0,00      0,00      0,00    100,00
19:49:45          2      0,00      0,00      0,00      0,00      0,00      0,00      0,00      0,00      0,00    100,00
19:49:45          3      0,00      0,00      0,50      0,00      0,00      0,00      0,00      0,00      0,00     99,50
19:49:45          4      0,00      0,00      0,00      0,00      0,00      0,00      0,00      0,00      0,00    100,00
19:49:45          5    100,00      0,00      0,00      0,00      0,00      0,00      0,00      0,00      0,00      0,00
19:49:45          6      0,00      0,00      0,00      0,00      0,00      0,00      0,00      0,00      0,00    100,00
19:49:45          7      0,00      0,00      0,00      0,00      0,00      0,00      0,00      0,00      0,00    100,00
19:49:45          8      0,00      0,00      0,00      0,00      0,00      0,00      0,00      0,00      0,00    100,00
19:49:45          9      0,00      0,00      0,00      0,00      0,00      0,00      0,00      0,00      0,00    100,00
19:49:45         10      0,00      0,00      0,00      0,00      0,00      0,00      0,00      0,00      0,00    100,00
19:49:45         11      0,00      0,00      0,00      0,00      0,00      0,00      0,00      0,00      0,00    100,00
19:49:45         12      0,00      0,00      0,00      0,00      0,00      0,00      0,00      0,00      0,00    100,00
19:49:45         13      0,00      0,00      0,00      0,00      0,00      0,00      0,00      0,00      0,00    100,00
19:49:45         14      0,00      0,00      0,00      0,00      0,00      0,00      0,00      0,00      0,00    100,00
19:49:45         15      0,00      0,00      0,00      0,00      0,00      0,00      0,00      0,00      0,00    100,00

19:49:43        IFACE   rxpck/s   txpck/s    rxkB/s    txkB/s   rxcmp/s   txcmp/s  rxmcst/s   %ifutil
19:49:45           lo      0,00      0,00      0,00      0,00      0,00      0,00      0,00      0,00
19:49:45         eno1      5,50      1,00      0,47      0,07      0,00      0,00      1,00      0,00
19:49:45         eno2      0,00      0,00      0,00      0,00      0,00      0,00      0,00      0,00
19:49:45      docker0      0,00      0,00      0,00      0,00      0,00      0,00      0,00      0,00
19:49:45      ens2np0      0,00      0,00      0,00      0,00      0,00      0,00      0,00      0,00
19:49:45      ens2np1      0,00      0,00      0,00      0,00      0,00      0,00      0,00      0,00

19:49:45        CPU      %usr     %nice      %sys   %iowait    %steal      %irq     %soft    %guest    %gnice     %idle
19:49:47        all      5,47      0,00      1,08      0,03      0,00      0,00      6,48      0,00      0,00     86,93
19:49:47          0      0,00      0,00      0,00      0,00      0,00      0,00     23,86      0,00      0,00     76,14
19:49:47          1      0,00      0,00      0,00      0,00      0,00      0,00     40,32      0,00      0,00     59,68
19:49:47          2      0,00      0,00      0,00      0,00      0,00      0,00     24,32      0,00      0,00     75,68
19:49:47          3      0,65      0,00      0,00      0,00      0,00      0,00     26,80      0,00      0,00     72,55
19:49:47          4      0,00      0,00      0,00      0,00      0,00      0,00      0,00      0,00      0,00    100,00
19:49:47          5     64,00      0,00      6,50      0,00      0,00      0,00      0,00      0,00      0,00     29,50
19:49:47          6      0,00      0,00      0,00      0,00      0,00      0,00      0,00      0,00      0,00    100,00
19:49:47          7      0,00      0,00      0,00      0,00      0,00      0,00      0,00      0,00      0,00    100,00
19:49:47          8      0,00      0,00      0,00      0,50      0,00      0,00      0,00      0,00      0,00     99,50
19:49:47          9      0,00      0,00      0,00      0,00      0,00      0,00      0,00      0,00      0,00    100,00
19:49:47         10      0,00      0,00      0,00      0,00      0,00      0,00      0,00      0,00      0,00    100,00
19:49:47         11      0,00      0,00      0,00      0,00      0,00      0,00      0,00      0,00      0,00    100,00
19:49:47         12      0,00      0,00      0,00      0,00      0,00      0,00      0,00      0,00      0,00    100,00
19:49:47         13     19,60      0,00     10,05      0,00      0,00      0,00      0,00      0,00      0,00     70,35
19:49:47         14      0,00      0,00      0,00      0,00      0,00      0,00      0,00      0,00      0,00    100,00
19:49:47         15      0,00      0,00      0,00      0,00      0,00      0,00      0,00      0,00      0,00    100,00

19:49:45        IFACE   rxpck/s   txpck/s    rxkB/s    txkB/s   rxcmp/s   txcmp/s  rxmcst/s   %ifutil
19:49:47           lo      0,00      0,00      0,00      0,00      0,00      0,00      0,00      0,00
19:49:47         eno1      2,00  27510,00      0,13  40297,12      0,00      0,00      1,00     33,01
19:49:47         eno2      0,00      0,00      0,00      0,00      0,00      0,00      0,00      0,00
19:49:47      docker0      0,00      0,00      0,00      0,00      0,00      0,00      0,00      0,00
19:49:47      ens2np0 472222,00 119112,00 689886,83 174013,77      0,00      0,00      0,00     56,52
19:49:47      ens2np1      0,00      0,00      0,00      0,00      0,00      0,00      0,00      0,00

19:49:47        CPU      %usr     %nice      %sys   %iowait    %steal      %irq     %soft    %guest    %gnice     %idle
19:49:49        all      5,14      0,00      1,58      0,00      0,00      0,00     11,77      0,00      0,00     81,51
19:49:49          0      0,00      0,00      0,00      0,00      0,00      0,00     43,14      0,00      0,00     56,86
19:49:49          1      0,00      0,00      0,00      0,00      0,00      0,00     74,14      0,00      0,00     25,86
19:49:49          2      0,00      0,00      0,00      0,00      0,00      0,00     56,19      0,00      0,00     43,81
19:49:49          3      0,00      0,00      0,00      0,00      0,00      0,00     61,02      0,00      0,00     38,98
19:49:49          4      0,00      0,00      0,00      0,00      0,00      0,00      0,00      0,00      0,00    100,00
19:49:49          5     76,50      0,00     23,50      0,00      0,00      0,00      0,00      0,00      0,00      0,00
19:49:49          6      0,00      0,00      0,00      0,00      0,00      0,00      1,16      0,00      0,00     98,84
19:49:49          7      0,00      0,00      0,00      0,00      0,00      0,00      0,00      0,00      0,00    100,00
19:49:49          8      0,00      0,00      0,00      0,00      0,00      0,00      0,00      0,00      0,00    100,00
19:49:49          9      0,00      0,00      0,00      0,00      0,00      0,00      0,00      0,00      0,00    100,00
19:49:49         10      0,00      0,00      0,00      0,00      0,00      0,00      0,00      0,00      0,00    100,00
19:49:49         11      0,00      0,00      0,00      0,00      0,00      0,00      0,00      0,00      0,00    100,00
19:49:49         12      0,00      0,00      0,00      0,00      0,00      0,00      0,00      0,00      0,00    100,00
19:49:49         13      0,00      0,00      0,00      0,00      0,00      0,00      0,00      0,00      0,00    100,00
19:49:49         14      0,00      0,00      0,00      0,00      0,00      0,00      0,00      0,00      0,00    100,00
19:49:49         15      0,00      0,00      0,00      0,00      0,00      0,00      0,00      0,00      0,00    100,00

19:49:47        IFACE   rxpck/s   txpck/s    rxkB/s    txkB/s   rxcmp/s   txcmp/s  rxmcst/s   %ifutil
19:49:49           lo      0,00      0,00      0,00      0,00      0,00      0,00      0,00      0,00
19:49:49         eno1      2,50  84211,00      0,16 123355,22      0,00      0,00      1,00    101,05
19:49:49         eno2      0,00      0,00      0,00      0,00      0,00      0,00      0,00      0,00
19:49:49      docker0      0,00      0,00      0,00      0,00      0,00      0,00      0,00      0,00
19:49:49      ens2np0 822349,00 207281,50 1201400,49 302824,61      0,00      0,00      0,00     98,42
19:49:49      ens2np1      0,00      0,00      0,00      0,00      0,00      0,00      0,00      0,00

19:49:49        CPU      %usr     %nice      %sys   %iowait    %steal      %irq     %soft    %guest    %gnice     %idle
19:49:51        all      5,68      0,00      1,63      0,00      0,00      0,00     12,89      0,00      0,00     79,79
19:49:51          0      1,00      0,00      0,00      0,00      0,00      0,00     42,29      0,00      0,00     56,72
19:49:51          1      0,00      0,00      0,00      0,00      0,00      0,00     75,43      0,00      0,00     24,57
19:49:51          2      0,00      0,00      0,00      0,00      0,00      0,00     63,11      0,00      0,00     36,89
19:49:51          3      0,00      0,00      0,00      0,00      0,00      0,00     67,16      0,00      0,00     32,84
19:49:51          4      1,00      0,00      0,50      0,00      0,00      0,00      0,00      0,00      0,00     98,51
19:49:51          5     71,14      0,00     21,39      0,00      0,00      0,00      0,00      0,00      0,00      7,46
19:49:51          6      1,14      0,00      0,00      0,00      0,00      0,00      2,29      0,00      0,00     96,57
19:49:51          7      1,00      0,00      0,00      0,00      0,00      0,00      0,00      0,00      0,00     99,00
19:49:51          8      1,50      0,00      0,00      0,00      0,00      0,00      0,00      0,00      0,00     98,50
19:49:51          9      0,50      0,00      0,50      0,00      0,00      0,00      0,00      0,00      0,00     99,00
19:49:51         10      0,50      0,00      0,00      0,00      0,00      0,00      0,00      0,00      0,00     99,50
19:49:51         11      0,00      0,00      0,00      0,00      0,00      0,00      0,00      0,00      0,00    100,00
19:49:51         12      0,50      0,00      0,00      0,00      0,00      0,00      0,00      0,00      0,00     99,50
19:49:51         13      6,00      0,00      1,50      0,00      0,00      0,00      0,00      0,00      0,00     92,50
19:49:51         14      1,00      0,00      0,50      0,00      0,00      0,00      0,00      0,00      0,00     98,50
19:49:51         15      0,00      0,00      0,00      0,00      0,00      0,00      0,00      0,00      0,00    100,00

19:49:49        IFACE   rxpck/s   txpck/s    rxkB/s    txkB/s   rxcmp/s   txcmp/s  rxmcst/s   %ifutil
19:49:51           lo      0,00      0,00      0,00      0,00      0,00      0,00      0,00      0,00
19:49:51         eno1      4,00  84210,50      0,25 123355,26      0,00      0,00      1,00    101,05
19:49:51         eno2      0,00      0,00      0,00      0,00      0,00      0,00      0,00      0,00
19:49:51      docker0      0,00      0,00      0,00      0,00      0,00      0,00      0,00      0,00
19:49:51      ens2np0 822398,50 207084,00 1201472,81 302535,36      0,00      0,00      0,00     98,42
19:49:51      ens2np1      0,00      0,00      0,00      0,00      0,00      0,00      0,00      0,00

19:49:51        CPU      %usr     %nice      %sys   %iowait    %steal      %irq     %soft    %guest    %gnice     %idle
19:49:53        all      5,03      0,00      1,63      0,00      0,00      0,00     12,56      0,00      0,00     80,77
19:49:53          0      0,00      0,00      0,00      0,00      0,00      0,00     41,92      0,00      0,00     58,08
19:49:53          1      0,00      0,00      0,00      0,00      0,00      0,00     74,86      0,00      0,00     25,14
19:49:53          2      0,00      0,00      0,00      0,00      0,00      0,00     63,57      0,00      0,00     36,43
19:49:53          3      0,00      0,00      0,00      0,00      0,00      0,00     62,18      0,00      0,00     37,82
19:49:53          4      0,00      0,00      0,00      0,00      0,00      0,00      0,00      0,00      0,00    100,00
19:49:53          5     40,00      0,00     12,50      0,00      0,00      0,00      0,00      0,00      0,00     47,50
19:49:53          6      0,00      0,00      0,00      0,00      0,00      0,00      0,58      0,00      0,00     99,42
19:49:53          7      0,00      0,00      0,00      0,00      0,00      0,00      0,00      0,00      0,00    100,00
19:49:53          8      0,00      0,00      0,00      0,00      0,00      0,00      0,00      0,00      0,00    100,00
19:49:53          9      0,00      0,00      0,00      0,00      0,00      0,00      0,00      0,00      0,00    100,00
19:49:53         10      0,00      0,00      0,00      0,00      0,00      0,00      0,00      0,00      0,00    100,00
19:49:53         11      0,00      0,00      0,00      0,00      0,00      0,00      0,00      0,00      0,00    100,00
19:49:53         12      0,00      0,00      0,00      0,00      0,00      0,00      0,00      0,00      0,00    100,00
19:49:53         13     35,32      0,00     11,94      0,00      0,00      0,00      0,00      0,00      0,00     52,74
19:49:53         14      0,00      0,00      0,00      0,00      0,00      0,00      0,00      0,00      0,00    100,00
19:49:53         15      0,00      0,00      0,00      0,00      0,00      0,00      0,00      0,00      0,00    100,00

19:49:51        IFACE   rxpck/s   txpck/s    rxkB/s    txkB/s   rxcmp/s   txcmp/s  rxmcst/s   %ifutil
19:49:53           lo      0,00      0,00      0,00      0,00      0,00      0,00      0,00      0,00
19:49:53         eno1      4,00  84210,50      0,27 123354,53      0,00      0,00      1,00    101,05
19:49:53         eno2      0,00      0,00      0,00      0,00      0,00      0,00      0,00      0,00
19:49:53      docker0      0,00      0,00      0,00      0,00      0,00      0,00      0,00      0,00
19:49:53      ens2np0 822333,50 207127,50 1201377,85 302599,62      0,00      0,00      0,00     98,42
19:49:53      ens2np1      0,00      0,00      0,00      0,00      0,00      0,00      0,00      0,00

19:49:53        CPU      %usr     %nice      %sys   %iowait    %steal      %irq     %soft    %guest    %gnice     %idle
19:49:55        all      5,54      0,00      1,18      0,00      0,00      0,00     12,06      0,00      0,00     81,23
19:49:55          0      0,00      0,00      0,00      0,00      0,00      0,00     42,21      0,00      0,00     57,79
19:49:55          1      0,00      0,00      0,00      0,00      0,00      0,00     75,28      0,00      0,00     24,72
19:49:55          2      0,00      0,00      0,00      0,00      0,00      0,00     61,67      0,00      0,00     38,33
19:49:55          3      0,00      0,00      0,89      0,00      0,00      0,00     58,93      0,00      0,00     40,18
19:49:55          4      0,00      0,00      0,00      0,00      0,00      0,00      0,00      0,00      0,00    100,00
19:49:55          5     67,34      0,00     13,57      0,00      0,00      0,00      0,00      0,00      0,00     19,10
19:49:55          6      0,00      0,00      0,00      0,00      0,00      0,00      0,58      0,00      0,00     99,42
19:49:55          7      0,00      0,00      0,00      0,00      0,00      0,00      0,00      0,00      0,00    100,00
19:49:55          8      0,00      0,00      0,00      0,00      0,00      0,00      0,00      0,00      0,00    100,00
19:49:55          9      0,00      0,00      0,00      0,00      0,00      0,00      0,00      0,00      0,00    100,00
19:49:55         10      0,00      0,00      0,00      0,00      0,00      0,00      0,00      0,00      0,00    100,00
19:49:55         11      0,00      0,00      0,00      0,00      0,00      0,00      0,00      0,00      0,00    100,00
19:49:55         12      0,00      0,00      0,00      0,00      0,00      0,00      0,00      0,00      0,00    100,00
19:49:55         13     15,58      0,00      3,52      0,00      0,00      0,00      0,00      0,00      0,00     80,90
19:49:55         14      0,00      0,00      0,00      0,00      0,00      0,00      0,00      0,00      0,00    100,00
19:49:55         15      0,00      0,00      0,00      0,00      0,00      0,00      0,00      0,00      0,00    100,00

19:49:53        IFACE   rxpck/s   txpck/s    rxkB/s    txkB/s   rxcmp/s   txcmp/s  rxmcst/s   %ifutil
19:49:55           lo      0,00      0,00      0,00      0,00      0,00      0,00      0,00      0,00
19:49:55         eno1      5,00  84211,00      0,32 123355,26      0,00      0,00      1,00    101,05
19:49:55         eno2      0,00      0,00      0,00      0,00      0,00      0,00      0,00      0,00
19:49:55      docker0      0,00      0,00      0,00      0,00      0,00      0,00      0,00      0,00
19:49:55      ens2np0 822372,50 207482,50 1201434,82 303117,54      0,00      0,00      0,00     98,42
19:49:55      ens2np1      0,00      0,00      0,00      0,00      0,00      0,00      0,00      0,00

19:49:55        CPU      %usr     %nice      %sys   %iowait    %steal      %irq     %soft    %guest    %gnice     %idle
19:49:57        all      5,19      0,00      1,59      0,00      0,00      0,00     11,50      0,00      0,00     81,72
19:49:57          0      0,00      0,00      0,00      0,00      0,00      0,00     43,69      0,00      0,00     56,31
19:49:57          1      0,00      0,00      0,00      0,00      0,00      0,00     74,30      0,00      0,00     25,70
19:49:57          2      0,00      0,00      0,00      0,00      0,00      0,00     57,01      0,00      0,00     42,99
19:49:57          3      0,00      0,00      0,00      0,00      0,00      0,00     56,44      0,00      0,00     43,56
19:49:57          4      0,00      0,00      0,00      0,00      0,00      0,00      0,00      0,00      0,00    100,00
19:49:57          5     76,62      0,00     23,38      0,00      0,00      0,00      0,00      0,00      0,00      0,00
19:49:57          6      0,00      0,00      0,00      0,00      0,00      0,00      0,00      0,00      0,00    100,00
19:49:57          7      0,00      0,00      0,00      0,00      0,00      0,00      0,00      0,00      0,00    100,00
19:49:57          8      0,00      0,00      0,00      0,00      0,00      0,00      0,00      0,00      0,00    100,00
19:49:57          9      0,00      0,00      0,00      0,00      0,00      0,00      0,00      0,00      0,00    100,00
19:49:57         10      0,00      0,00      0,00      0,00      0,00      0,00      0,00      0,00      0,00    100,00
19:49:57         11      0,00      0,00      0,00      0,00      0,00      0,00      0,00      0,00      0,00    100,00
19:49:57         12      0,00      0,00      0,00      0,00      0,00      0,00      0,00      0,00      0,00    100,00
19:49:57         13      0,00      0,00      0,00      0,00      0,00      0,00      0,00      0,00      0,00    100,00
19:49:57         14      0,00      0,00      0,00      0,00      0,00      0,00      0,00      0,00      0,00    100,00
19:49:57         15      0,00      0,00      0,00      0,00      0,00      0,00      0,00      0,00      0,00    100,00

19:49:55        IFACE   rxpck/s   txpck/s    rxkB/s    txkB/s   rxcmp/s   txcmp/s  rxmcst/s   %ifutil
19:49:57           lo      0,00      0,00      0,00      0,00      0,00      0,00      0,00      0,00
19:49:57         eno1      3,00  84211,50      0,19 123355,26      0,00      0,00      1,00    101,05
19:49:57         eno2      0,00      0,00      0,00      0,00      0,00      0,00      0,00      0,00
19:49:57      docker0      0,00      0,00      0,00      0,00      0,00      0,00      0,00      0,00
19:49:57      ens2np0 822394,50 207084,50 1201466,96 302536,80      0,00      0,00      0,00     98,42
19:49:57      ens2np1      0,00      0,00      0,00      0,00      0,00      0,00      0,00      0,00

19:49:57        CPU      %usr     %nice      %sys   %iowait    %steal      %irq     %soft    %guest    %gnice     %idle
19:49:59        all      5,42      0,00      1,31      0,00      0,00      0,00     11,78      0,00      0,00     81,48
19:49:59          0      0,00      0,00      0,00      0,00      0,00      0,00     43,35      0,00      0,00     56,65
19:49:59          1      0,00      0,00      0,00      0,00      0,00      0,00     75,41      0,00      0,00     24,59
19:49:59          2      0,00      0,00      0,00      0,00      0,00      0,00     50,54      0,00      0,00     49,46
19:49:59          3      0,00      0,00      0,00      0,00      0,00      0,00     62,50      0,00      0,00     37,50
19:49:59          4      0,00      0,00      0,00      0,00      0,00      0,00      0,00      0,00      0,00    100,00
19:49:59          5     80,50      0,00     19,50      0,00      0,00      0,00      0,00      0,00      0,00      0,00
19:49:59          6      0,00      0,00      0,00      0,00      0,00      0,00      1,17      0,00      0,00     98,83
19:49:59          7      0,00      0,00      0,00      0,00      0,00      0,00      0,00      0,00      0,00    100,00
19:49:59          8      0,00      0,00      0,00      0,00      0,00      0,00      0,00      0,00      0,00    100,00
19:49:59          9      0,00      0,00      0,00      0,00      0,00      0,00      0,00      0,00      0,00    100,00
19:49:59         10      0,00      0,00      0,00      0,00      0,00      0,00      0,00      0,00      0,00    100,00
19:49:59         11      0,00      0,00      0,00      0,00      0,00      0,00      0,00      0,00      0,00    100,00
19:49:59         12      0,00      0,00      0,00      0,00      0,00      0,00      0,00      0,00      0,00    100,00
19:49:59         13      0,00      0,00      0,00      0,00      0,00      0,00      0,00      0,00      0,00    100,00
19:49:59         14      0,00      0,00      0,00      0,00      0,00      0,00      0,00      0,00      0,00    100,00
19:49:59         15      0,00      0,00      0,00      0,00      0,00      0,00      0,00      0,00      0,00    100,00

19:49:57        IFACE   rxpck/s   txpck/s    rxkB/s    txkB/s   rxcmp/s   txcmp/s  rxmcst/s   %ifutil
19:49:59           lo      0,00      0,00      0,00      0,00      0,00      0,00      0,00      0,00
19:49:59         eno1      6,00  84210,50      0,39 123355,22      0,00      0,00      1,00    101,05
19:49:59         eno2      0,00      0,00      0,00      0,00      0,00      0,00      0,00      0,00
19:49:59      docker0      0,00      0,00      0,00      0,00      0,00      0,00      0,00      0,00
19:49:59      ens2np0 822345,50 207216,00 1201395,38 302728,21      0,00      0,00      0,00     98,42
19:49:59      ens2np1      0,00      0,00      0,00      0,00      0,00      0,00      0,00      0,00

19:49:59        CPU      %usr     %nice      %sys   %iowait    %steal      %irq     %soft    %guest    %gnice     %idle
19:50:01        all      5,87      0,00      1,28      0,00      0,00      0,00     12,18      0,00      0,00     80,67
19:50:01          0      0,00      0,00      0,00      0,00      0,00      0,00     41,92      0,00      0,00     58,08
19:50:01          1      0,00      0,00      0,00      0,00      0,00      0,00     75,57      0,00      0,00     24,43
19:50:01          2      0,00      0,00      0,00      0,00      0,00      0,00     59,65      0,00      0,00     40,35
19:50:01          3      0,00      0,00      0,00      0,00      0,00      0,00     62,81      0,00      0,00     37,19
19:50:01          4      1,01      0,00      0,00      0,00      0,00      0,00      0,00      0,00      0,00     98,99
19:50:01          5     20,00      0,00      3,50      0,00      0,00      0,00      0,00      0,00      0,00     76,50
19:50:01          6      0,57      0,00      0,00      0,00      0,00      0,00      1,72      0,00      0,00     97,70
19:50:01          7      1,00      0,00      0,00      0,00      0,00      0,00      0,00      0,00      0,00     99,00
19:50:01          8      0,00      0,00      0,00      0,00      0,00      0,00      0,00      0,00      0,00    100,00
19:50:01          9      0,50      0,00      0,00      0,00      0,00      0,00      0,00      0,00      0,00     99,50
19:50:01         10      0,50      0,00      0,00      0,00      0,00      0,00      0,00      0,00      0,00     99,50
19:50:01         11      0,00      0,00      0,00      0,00      0,00      0,00      0,00      0,00      0,00    100,00
19:50:01         12      1,50      0,00      0,00      0,00      0,00      0,00      0,00      0,00      0,00     98,50
19:50:01         13     61,00      0,00     15,50      0,00      0,00      0,00      0,00      0,00      0,00     23,50
19:50:01         14      0,50      0,00      0,00      0,00      0,00      0,00      0,00      0,00      0,00     99,50
19:50:01         15      1,00      0,00      0,00      0,00      0,00      0,00      0,00      0,00      0,00     99,00

19:49:59        IFACE   rxpck/s   txpck/s    rxkB/s    txkB/s   rxcmp/s   txcmp/s  rxmcst/s   %ifutil
19:50:01           lo      0,00      0,00      0,00      0,00      0,00      0,00      0,00      0,00
19:50:01         eno1      4,00  84207,50      0,26 123350,87      0,00      0,00      1,00    101,05
19:50:01         eno2      0,00      0,00      0,00      0,00      0,00      0,00      0,00      0,00
19:50:01      docker0      0,00      0,00      0,00      0,00      0,00      0,00      0,00      0,00
19:50:01      ens2np0 822364,50 207120,00 1201423,14 302588,67      0,00      0,00      0,00     98,42
19:50:01      ens2np1      0,00      0,00      0,00      0,00      0,00      0,00      0,00      0,00

19:50:01        CPU      %usr     %nice      %sys   %iowait    %steal      %irq     %soft    %guest    %gnice     %idle
19:50:03        all      5,22      0,00      1,47      0,00      0,00      0,00     12,26      0,00      0,00     81,04
19:50:03          0      0,00      0,00      0,00      0,00      0,00      0,00     41,92      0,00      0,00     58,08
19:50:03          1      0,00      0,00      0,00      0,00      0,00      0,00     74,44      0,00      0,00     25,56
19:50:03          2      0,00      0,00      0,00      0,00      0,00      0,00     60,34      0,00      0,00     39,66
19:50:03          3      0,00      0,00      0,00      0,00      0,00      0,00     63,41      0,00      0,00     36,59
19:50:03          4      0,00      0,00      0,00      0,00      0,00      0,00      0,00      0,00      0,00    100,00
19:50:03          5     38,69      0,00      9,55      0,00      0,00      0,00      0,00      0,00      0,00     51,76
19:50:03          6      0,00      0,00      0,00      0,00      0,00      0,00      0,58      0,00      0,00     99,42
19:50:03          7      0,00      0,00      0,00      0,00      0,00      0,00      0,00      0,00      0,00    100,00
19:50:03          8      0,00      0,00      0,00      0,00      0,00      0,00      0,00      0,00      0,00    100,00
19:50:03          9      0,00      0,00      0,00      0,00      0,00      0,00      0,00      0,00      0,00    100,00
19:50:03         10      0,00      0,00      0,00      0,00      0,00      0,00      0,00      0,00      0,00    100,00
19:50:03         11      0,00      0,00      0,00      0,00      0,00      0,00      0,00      0,00      0,00    100,00
19:50:03         12      0,00      0,00      0,00      0,00      0,00      0,00      0,00      0,00      0,00    100,00
19:50:03         13     39,50      0,00     12,50      0,00      0,00      0,00      0,00      0,00      0,00     48,00
19:50:03         14      0,00      0,00      0,00      0,00      0,00      0,00      0,00      0,00      0,00    100,00
19:50:03         15      0,00      0,00      0,00      0,00      0,00      0,00      0,00      0,00      0,00    100,00

19:50:01        IFACE   rxpck/s   txpck/s    rxkB/s    txkB/s   rxcmp/s   txcmp/s  rxmcst/s   %ifutil
19:50:03           lo      0,00      0,00      0,00      0,00      0,00      0,00      0,00      0,00
19:50:03         eno1      2,00  84210,00      0,13 123354,49      0,00      0,00      1,00    101,05
19:50:03         eno2      0,00      0,00      0,00      0,00      0,00      0,00      0,00      0,00
19:50:03      docker0      0,00      0,00      0,00      0,00      0,00      0,00      0,00      0,00
19:50:03      ens2np0 822371,00 207000,00 1201432,63 302412,64      0,00      0,00      0,00     98,42
19:50:03      ens2np1      0,00      0,00      0,00      0,00      0,00      0,00      0,00      0,00

19:50:03        CPU      %usr     %nice      %sys   %iowait    %steal      %irq     %soft    %guest    %gnice     %idle
19:50:05        all      5,36      0,00      1,47      0,00      0,00      0,00     10,54      0,00      0,00     82,63
19:50:05          0      0,00      0,00      0,00      0,00      0,00      0,00     42,00      0,00      0,00     58,00
19:50:05          1      0,00      0,00      0,00      0,00      0,00      0,00     73,68      0,00      0,00     26,32
19:50:05          2      0,00      0,00      0,00      0,00      0,00      0,00     44,58      0,00      0,00     55,42
19:50:05          3      0,00      0,00      0,00      0,00      0,00      0,00     57,94      0,00      0,00     42,06
19:50:05          4      0,00      0,00      0,00      0,00      0,00      0,00      0,00      0,00      0,00    100,00
19:50:05          5     78,50      0,00     21,50      0,00      0,00      0,00      0,00      0,00      0,00      0,00
19:50:05          6      0,00      0,00      0,00      0,00      0,00      0,00      0,00      0,00      0,00    100,00
19:50:05          7      0,00      0,00      0,00      0,00      0,00      0,00      0,00      0,00      0,00    100,00
19:50:05          8      0,00      0,00      0,00      0,00      0,00      0,00      0,00      0,00      0,00    100,00
19:50:05          9      0,00      0,00      0,00      0,00      0,00      0,00      0,00      0,00      0,00    100,00
19:50:05         10      0,00      0,00      0,00      0,00      0,00      0,00      0,00      0,00      0,00    100,00
19:50:05         11      0,00      0,00      0,00      0,00      0,00      0,00      0,00      0,00      0,00    100,00
19:50:05         12      0,00      0,00      0,00      0,00      0,00      0,00      0,00      0,00      0,00    100,00
19:50:05         13      0,00      0,00      0,00      0,00      0,00      0,00      0,00      0,00      0,00    100,00
19:50:05         14      0,00      0,00      0,00      0,00      0,00      0,00      0,00      0,00      0,00    100,00
19:50:05         15      0,00      0,00      0,00      0,00      0,00      0,00      0,00      0,00      0,00    100,00

19:50:03        IFACE   rxpck/s   txpck/s    rxkB/s    txkB/s   rxcmp/s   txcmp/s  rxmcst/s   %ifutil
19:50:05           lo      0,00      0,00      0,00      0,00      0,00      0,00      0,00      0,00
19:50:05         eno1      5,00  84210,50      0,37 123355,22      0,00      0,00      2,00    101,05
19:50:05         eno2      0,00      0,00      0,00      0,00      0,00      0,00      0,00      0,00
19:50:05      docker0      0,00      0,00      0,00      0,00      0,00      0,00      0,00      0,00
19:50:05      ens2np0 822348,00 207113,00 1201399,03 302578,44      0,00      0,00      0,00     98,42
19:50:05      ens2np1      0,00      0,00      0,00      0,00      0,00      0,00      0,00      0,00

19:50:05        CPU      %usr     %nice      %sys   %iowait    %steal      %irq     %soft    %guest    %gnice     %idle
19:50:07        all      5,34      0,00      1,41      0,00      0,00      0,00     11,87      0,00      0,00     81,38
19:50:07          0      0,00      0,00      0,00      0,00      0,00      0,00     41,33      0,00      0,00     58,67
19:50:07          1      0,00      0,00      0,00      0,00      0,00      0,00     74,71      0,00      0,00     25,29
19:50:07          2      0,00      0,00      0,00      0,00      0,00      0,00     59,29      0,00      0,00     40,71
19:50:07          3      0,00      0,00      0,00      0,00      0,00      0,00     62,18      0,00      0,00     37,82
19:50:07          4      0,00      0,00      0,50      0,00      0,00      0,00      0,00      0,00      0,00     99,50
19:50:07          5     75,50      0,00     20,50      0,00      0,00      0,00      0,00      0,00      0,00      4,00
19:50:07          6      0,00      0,00      0,00      0,00      0,00      0,00      0,58      0,00      0,00     99,42
19:50:07          7      0,00      0,00      0,00      0,00      0,00      0,00      0,00      0,00      0,00    100,00
19:50:07          8      0,00      0,00      0,00      0,00      0,00      0,00      0,00      0,00      0,00    100,00
19:50:07          9      0,00      0,00      0,00      0,00      0,00      0,00      0,00      0,00      0,00    100,00
19:50:07         10      0,00      0,00      0,00      0,00      0,00      0,00      0,00      0,00      0,00    100,00
19:50:07         11      0,00      0,00      0,00      0,00      0,00      0,00      0,00      0,00      0,00    100,00
19:50:07         12      0,00      0,00      0,00      0,00      0,00      0,00      0,00      0,00      0,00    100,00
19:50:07         13      4,00      0,00      0,00      0,00      0,00      0,00      0,00      0,00      0,00     96,00
19:50:07         14      0,00      0,00      0,00      0,00      0,00      0,00      0,00      0,00      0,00    100,00
19:50:07         15      0,00      0,00      0,00      0,00      0,00      0,00      0,00      0,00      0,00    100,00

19:50:05        IFACE   rxpck/s   txpck/s    rxkB/s    txkB/s   rxcmp/s   txcmp/s  rxmcst/s   %ifutil
19:50:07           lo      0,00      0,00      0,00      0,00      0,00      0,00      0,00      0,00
19:50:07         eno1      1,50  42105,50      0,09  61677,25      0,00      0,00      0,50     50,53
19:50:07         eno2      0,00      0,00      0,00      0,00      0,00      0,00      0,00      0,00
19:50:07      docker0      0,00      0,00      0,00      0,00      0,00      0,00      0,00      0,00
19:50:07      ens2np0 822349,00 207114,50 1201400,49 302579,92      0,00      0,00      0,00     98,42
19:50:07      ens2np1      0,00      0,00      0,00      0,00      0,00      0,00      0,00      0,00

19:50:07        CPU      %usr     %nice      %sys   %iowait    %steal      %irq     %soft    %guest    %gnice     %idle
19:50:09        all      5,40      0,00      1,39      0,00      0,00      0,00     10,90      0,00      0,00     82,31
19:50:09          0      0,00      0,00      0,00      0,00      0,00      0,00     42,29      0,00      0,00     57,71
19:50:09          1      0,00      0,00      0,00      0,00      0,00      0,00     74,14      0,00      0,00     25,86
19:50:09          2      0,00      0,00      0,00      0,00      0,00      0,00     50,54      0,00      0,00     49,46
19:50:09          3      0,00      0,00      0,00      0,00      0,00      0,00     57,14      0,00      0,00     42,86
19:50:09          4      0,00      0,00      0,00      0,00      0,00      0,00      0,00      0,00      0,00    100,00
19:50:09          5     78,50      0,00     20,00      0,00      0,00      0,00      0,00      0,00      0,00      1,50
19:50:09          6      0,00      0,00      0,00      0,00      0,00      0,00      0,00      0,00      0,00    100,00
19:50:09          7      0,00      0,00      0,00      0,00      0,00      0,00      0,00      0,00      0,00    100,00
19:50:09          8      0,00      0,00      0,00      0,00      0,00      0,00      0,00      0,00      0,00    100,00
19:50:09          9      0,00      0,00      0,00      0,00      0,00      0,00      0,00      0,00      0,00    100,00
19:50:09         10      0,00      0,00      0,00      0,00      0,00      0,00      0,00      0,00      0,00    100,00
19:50:09         11      0,00      0,00      0,00      0,00      0,00      0,00      0,00      0,00      0,00    100,00
19:50:09         12      0,00      0,00      0,00      0,00      0,00      0,00      0,00      0,00      0,00    100,00
19:50:09         13      1,00      0,00      0,50      0,00      0,00      0,00      0,00      0,00      0,00     98,51
19:50:09         14      0,00      0,00      0,00      0,00      0,00      0,00      0,00      0,00      0,00    100,00
19:50:09         15      0,00      0,00      0,00      0,00      0,00      0,00      0,00      0,00      0,00    100,00

19:50:07        IFACE   rxpck/s   txpck/s    rxkB/s    txkB/s   rxcmp/s   txcmp/s  rxmcst/s   %ifutil
19:50:09           lo      0,00      0,00      0,00      0,00      0,00      0,00      0,00      0,00
19:50:09         eno1      2,00  84210,50      0,13 123355,22      0,00      0,00      1,00    101,05
19:50:09         eno2      0,00      0,00      0,00      0,00      0,00      0,00      0,00      0,00
19:50:09      docker0      0,00      0,00      0,00      0,00      0,00      0,00      0,00      0,00
19:50:09      ens2np0 822385,50 206918,50 1201453,82 302294,29      0,00      0,00      0,00     98,42
19:50:09      ens2np1      0,00      0,00      0,00      0,00      0,00      0,00      0,00      0,00

19:50:09        CPU      %usr     %nice      %sys   %iowait    %steal      %irq     %soft    %guest    %gnice     %idle
19:50:11        all      5,72      0,00      1,60      0,00      0,00      0,00     12,57      0,00      0,00     80,11
19:50:11          0      0,00      0,00      0,48      0,00      0,00      0,00     42,03      0,00      0,00     57,49
19:50:11          1      0,00      0,00      0,00      0,00      0,00      0,00     75,56      0,00      0,00     24,44
19:50:11          2      0,00      0,00      0,82      0,00      0,00      0,00     61,48      0,00      0,00     37,70
19:50:11          3      0,00      0,00      0,00      0,00      0,00      0,00     63,71      0,00      0,00     36,29
19:50:11          4      1,00      0,00      0,00      0,00      0,00      0,00      0,00      0,00      0,00     99,00
19:50:11          5     74,50      0,00     20,00      0,00      0,00      0,00      0,00      0,00      0,00      5,50
19:50:11          6      0,00      0,00      0,00      0,00      0,00      0,00      0,58      0,00      0,00     99,42
19:50:11          7      1,00      0,00      0,50      0,00      0,00      0,00      0,00      0,00      0,00     98,51
19:50:11          8      2,50      0,00      0,00      0,00      0,00      0,00      0,00      0,00      0,00     97,50
19:50:11          9      1,00      0,00      0,50      0,00      0,00      0,00      0,00      0,00      0,00     98,51
19:50:11         10      0,50      0,00      0,00      0,00      0,00      0,00      0,00      0,00      0,00     99,50
19:50:11         11      0,50      0,00      0,00      0,00      0,00      0,00      0,00      0,00      0,00     99,50
19:50:11         12      0,50      0,00      1,00      0,00      0,00      0,00      0,00      0,00      0,00     98,51
19:50:11         13      4,50      0,00      1,00      0,00      0,00      0,00      0,00      0,00      0,00     94,50
19:50:11         14      0,00      0,00      0,00      0,00      0,00      0,00      0,00      0,00      0,00    100,00
19:50:11         15      0,00      0,00      0,00      0,00      0,00      0,00      0,00      0,00      0,00    100,00

19:50:09        IFACE   rxpck/s   txpck/s    rxkB/s    txkB/s   rxcmp/s   txcmp/s  rxmcst/s   %ifutil
19:50:11           lo      0,00      0,00      0,00      0,00      0,00      0,00      0,00      0,00
19:50:11         eno1      5,00  84210,00      0,31 123355,22      0,00      0,00      1,00    101,05
19:50:11         eno2      0,00      0,00      0,00      0,00      0,00      0,00      0,00      0,00
19:50:11      docker0      0,00      0,00      0,00      0,00      0,00      0,00      0,00      0,00
19:50:11      ens2np0 822320,00 207249,50 1201358,12 302777,15      0,00      0,00      0,00     98,42
19:50:11      ens2np1      0,00      0,00      0,00      0,00      0,00      0,00      0,00      0,00

19:50:11        CPU      %usr     %nice      %sys   %iowait    %steal      %irq     %soft    %guest    %gnice     %idle
19:50:13        all      5,46      0,00      1,36      0,00      0,00      0,00     10,23      0,00      0,00     82,95
19:50:13          0      0,00      0,00      0,00      0,00      0,00      0,00     33,51      0,00      0,00     66,49
19:50:13          1      0,00      0,00      0,00      0,00      0,00      0,00     73,99      0,00      0,00     26,01
19:50:13          2      0,00      0,00      0,00      0,00      0,00      0,00     47,13      0,00      0,00     52,87
19:50:13          3      0,00      0,00      0,00      0,00      0,00      0,00     59,46      0,00      0,00     40,54
19:50:13          4      0,00      0,00      0,00      0,00      0,00      0,00      0,00      0,00      0,00    100,00
19:50:13          5     43,28      0,00     11,94      0,00      0,00      0,00      0,00      0,00      0,00     44,78
19:50:13          6      0,00      0,00      0,00      0,00      0,00      0,00      0,00      0,00      0,00    100,00
19:50:13          7      0,00      0,00      0,00      0,00      0,00      0,00      0,00      0,00      0,00    100,00
19:50:13          8      0,00      0,00      0,00      0,00      0,00      0,00      0,00      0,00      0,00    100,00
19:50:13          9      0,00      0,00      0,00      0,00      0,00      0,00      0,00      0,00      0,00    100,00
19:50:13         10      0,00      0,00      0,00      0,00      0,00      0,00      0,00      0,00      0,00    100,00
19:50:13         11      0,00      0,00      0,00      0,00      0,00      0,00      0,00      0,00      0,00    100,00
19:50:13         12      0,00      0,00      0,00      0,00      0,00      0,00      0,00      0,00      0,00    100,00
19:50:13         13     36,68      0,00      8,04      0,00      0,00      0,00      0,00      0,00      0,00     55,28
19:50:13         14      0,00      0,00      0,00      0,00      0,00      0,00      0,00      0,00      0,00    100,00
19:50:13         15      0,00      0,00      0,00      0,00      0,00      0,00      0,00      0,00      0,00    100,00

19:50:11        IFACE   rxpck/s   txpck/s    rxkB/s    txkB/s   rxcmp/s   txcmp/s  rxmcst/s   %ifutil
19:50:13           lo      0,00      0,00      0,00      0,00      0,00      0,00      0,00      0,00
19:50:13         eno1      4,50  84211,00      0,28 123355,26      0,00      0,00      1,50    101,05
19:50:13         eno2      0,00      0,00      0,00      0,00      0,00      0,00      0,00      0,00
19:50:13      docker0      0,00      0,00      0,00      0,00      0,00      0,00      0,00      0,00
19:50:13      ens2np0 822391,00 207115,00 1201461,85 302581,36      0,00      0,00      0,00     98,42
19:50:13      ens2np1      0,00      0,00      0,00      0,00      0,00      0,00      0,00      0,00

19:50:13        CPU      %usr     %nice      %sys   %iowait    %steal      %irq     %soft    %guest    %gnice     %idle
19:50:15        all      5,29      0,00      1,51      0,00      0,00      0,00     12,22      0,00      0,00     80,98
19:50:15          0      0,00      0,00      0,00      0,00      0,00      0,00     41,41      0,00      0,00     58,59
19:50:15          1      0,00      0,00      0,00      0,00      0,00      0,00     75,54      0,00      0,00     24,46
19:50:15          2      0,00      0,00      0,00      0,00      0,00      0,00     59,65      0,00      0,00     40,35
19:50:15          3      0,00      0,00      0,00      0,00      0,00      0,00     62,81      0,00      0,00     37,19
19:50:15          4      0,00      0,00      0,00      0,00      0,00      0,00      0,00      0,00      0,00    100,00
19:50:15          5     29,50      0,00      8,00      0,00      0,00      0,00      0,00      0,00      0,00     62,50
19:50:15          6      0,00      0,00      0,00      0,00      0,00      0,00      0,00      0,00      0,00    100,00
19:50:15          7      0,00      0,00      0,00      0,00      0,00      0,00      0,00      0,00      0,00    100,00
19:50:15          8      0,50      0,00      0,00      0,00      0,00      0,00      0,00      0,00      0,00     99,50
19:50:15          9      0,00      0,00      0,00      0,00      0,00      0,00      0,00      0,00      0,00    100,00
19:50:15         10      0,00      0,00      0,00      0,00      0,00      0,00      0,00      0,00      0,00    100,00
19:50:15         11      0,00      0,00      0,00      0,00      0,00      0,00      0,00      0,00      0,00    100,00
19:50:15         12      0,50      0,00      0,00      0,00      0,00      0,00      0,00      0,00      0,00     99,50
19:50:15         13     48,24      0,00     14,57      0,00      0,00      0,00      0,00      0,00      0,00     37,19
19:50:15         14      0,50      0,00      0,00      0,00      0,00      0,00      0,00      0,00      0,00     99,50
19:50:15         15      0,00      0,00      0,00      0,00      0,00      0,00      0,00      0,00      0,00    100,00

19:50:13        IFACE   rxpck/s   txpck/s    rxkB/s    txkB/s   rxcmp/s   txcmp/s  rxmcst/s   %ifutil
19:50:15           lo      0,00      0,00      0,00      0,00      0,00      0,00      0,00      0,00
19:50:15         eno1      5,00  84210,50      0,31 123354,49      0,00      0,00      1,00    101,05
19:50:15         eno2      0,00      0,00      0,00      0,00      0,00      0,00      0,00      0,00
19:50:15      docker0      0,00      0,00      0,00      0,00      0,00      0,00      0,00      0,00
19:50:15      ens2np0 822396,00 207377,50 1201469,16 302964,15      0,00      0,00      0,00     98,42
19:50:15      ens2np1      0,00      0,00      0,00      0,00      0,00      0,00      0,00      0,00

19:50:15        CPU      %usr     %nice      %sys   %iowait    %steal      %irq     %soft    %guest    %gnice     %idle
19:50:17        all      5,09      0,00      1,60      0,00      0,00      0,00     12,62      0,00      0,00     80,69
19:50:17          0      0,00      0,00      0,00      0,00      0,00      0,00     41,92      0,00      0,00     58,08
19:50:17          1      0,00      0,00      0,00      0,00      0,00      0,00     74,43      0,00      0,00     25,57
19:50:17          2      0,00      0,00      0,00      0,00      0,00      0,00     63,57      0,00      0,00     36,43
19:50:17          3      0,00      0,00      0,00      0,00      0,00      0,00     64,84      0,00      0,00     35,16
19:50:17          4      0,00      0,00      0,00      0,00      0,00      0,00      0,00      0,00      0,00    100,00
19:50:17          5     44,00      0,00     14,50      0,00      0,00      0,00      0,00      0,00      0,00     41,50
19:50:17          6      0,00      0,00      0,00      0,00      0,00      0,00      0,00      0,00      0,00    100,00
19:50:17          7      0,00      0,00      0,00      0,00      0,00      0,00      0,00      0,00      0,00    100,00
19:50:17          8      0,00      0,00      0,00      0,00      0,00      0,00      0,00      0,00      0,00    100,00
19:50:17          9      0,00      0,00      0,00      0,00      0,00      0,00      0,00      0,00      0,00    100,00
19:50:17         10      0,00      0,00      0,00      0,00      0,00      0,00      0,00      0,00      0,00    100,00
19:50:17         11      0,00      0,00      0,00      0,00      0,00      0,00      0,00      0,00      0,00    100,00
19:50:17         12      0,00      0,00      0,00      0,00      0,00      0,00      0,00      0,00      0,00    100,00
19:50:17         13     32,18      0,00      9,41      0,00      0,00      0,00      0,00      0,00      0,00     58,42
19:50:17         14      0,00      0,00      0,00      0,00      0,00      0,00      0,00      0,00      0,00    100,00
19:50:17         15      0,00      0,00      0,00      0,00      0,00      0,00      0,00      0,00      0,00    100,00

19:50:15        IFACE   rxpck/s   txpck/s    rxkB/s    txkB/s   rxcmp/s   txcmp/s  rxmcst/s   %ifutil
19:50:17           lo      0,00      0,00      0,00      0,00      0,00      0,00      0,00      0,00
19:50:17         eno1      3,00  84211,00      0,20 123356,00      0,00      0,00      1,00    101,05
19:50:17         eno2      0,00      0,00      0,00      0,00      0,00      0,00      0,00      0,00
19:50:17      docker0      0,00      0,00      0,00      0,00      0,00      0,00      0,00      0,00
19:50:17      ens2np0 822346,00 207526,50 1201396,11 303182,54      0,00      0,00      0,00     98,42
19:50:17      ens2np1      0,00      0,00      0,00      0,00      0,00      0,00      0,00      0,00

19:50:17        CPU      %usr     %nice      %sys   %iowait    %steal      %irq     %soft    %guest    %gnice     %idle
19:50:19        all      5,07      0,00      1,64      0,00      0,00      0,00     12,04      0,00      0,00     81,25
19:50:19          0      0,00      0,00      0,00      0,00      0,00      0,00     42,79      0,00      0,00     57,21
19:50:19          1      0,00      0,00      0,00      0,00      0,00      0,00     74,86      0,00      0,00     25,14
19:50:19          2      0,00      0,00      0,00      0,00      0,00      0,00     59,48      0,00      0,00     40,52
19:50:19          3      0,00      0,00      0,00      0,00      0,00      0,00     60,34      0,00      0,00     39,66
19:50:19          4      0,00      0,00      0,00      0,00      0,00      0,00      0,00      0,00      0,00    100,00
19:50:19          5     66,00      0,00     21,50      0,00      0,00      0,00      0,00      0,00      0,00     12,50
19:50:19          6      0,00      0,00      0,00      0,00      0,00      0,00      0,00      0,00      0,00    100,00
19:50:19          7      0,00      0,00      0,00      0,00      0,00      0,00      0,00      0,00      0,00    100,00
19:50:19          8      0,00      0,00      0,00      0,00      0,00      0,00      0,00      0,00      0,00    100,00
19:50:19          9      0,00      0,00      0,00      0,00      0,00      0,00      0,00      0,00      0,00    100,00
19:50:19         10      0,00      0,00      0,00      0,00      0,00      0,00      0,00      0,00      0,00    100,00
19:50:19         11      0,00      0,00      0,00      0,00      0,00      0,00      0,00      0,00      0,00    100,00
19:50:19         12      0,00      0,00      0,00      0,00      0,00      0,00      0,00      0,00      0,00    100,00
19:50:19         13      9,50      0,00      3,00      0,00      0,00      0,00      0,00      0,00      0,00     87,50
19:50:19         14      0,00      0,00      0,00      0,00      0,00      0,00      0,00      0,00      0,00    100,00
19:50:19         15      0,00      0,00      0,00      0,00      0,00      0,00      0,00      0,00      0,00    100,00

19:50:17        IFACE   rxpck/s   txpck/s    rxkB/s    txkB/s   rxcmp/s   txcmp/s  rxmcst/s   %ifutil
19:50:19           lo      0,00      0,00      0,00      0,00      0,00      0,00      0,00      0,00
19:50:19         eno1      3,00  84210,00      0,20 123354,49      0,00      0,00      1,00    101,05
19:50:19         eno2      0,00      0,00      0,00      0,00      0,00      0,00      0,00      0,00
19:50:19      docker0      0,00      0,00      0,00      0,00      0,00      0,00      0,00      0,00
19:50:19      ens2np0 822374,50 207311,50 1201437,75 302867,72      0,00      0,00      0,00     98,42
19:50:19      ens2np1      0,00      0,00      0,00      0,00      0,00      0,00      0,00      0,00

19:50:19        CPU      %usr     %nice      %sys   %iowait    %steal      %irq     %soft    %guest    %gnice     %idle
19:50:21        all      5,45      0,00      1,47      0,00      0,00      0,00     13,00      0,00      0,00     80,08
19:50:21          0      4,02      0,00      1,01      0,00      0,00      0,00     41,71      0,00      0,00     53,27
19:50:21          1      0,55      0,00      0,55      0,00      0,00      0,00     81,42      0,00      0,00     17,49
19:50:21          2      0,80      0,00      0,00      0,00      0,00      0,00     63,20      0,00      0,00     36,00
19:50:21          3      0,00      0,00      0,00      0,00      0,00      0,00     63,56      0,00      0,00     36,44
19:50:21          4      0,00      0,00      0,00      0,00      0,00      0,00      0,00      0,00      0,00    100,00
19:50:21          5     46,23      0,00     10,05      0,00      0,00      0,00      0,00      0,00      0,00     43,72
19:50:21          6      0,58      0,00      1,16      0,00      0,00      0,00      1,73      0,00      0,00     96,53
19:50:21          7      0,50      0,00      0,00      0,00      0,00      0,00      0,00      0,00      0,00     99,50
19:50:21          8     12,06      0,00      2,51      0,00      0,00      0,00      0,00      0,00      0,00     85,43
19:50:21          9     16,08      0,00      6,53      0,00      0,00      0,00      0,00      0,00      0,00     77,39
19:50:21         10      0,50      0,00      0,00      0,00      0,00      0,00      0,00      0,00      0,00     99,50
19:50:21         11      0,00      0,00      0,00      0,00      0,00      0,00      0,00      0,00      0,00    100,00
19:50:21         12      0,00      0,00      0,00      0,00      0,00      0,00      0,00      0,00      0,00    100,00
19:50:21         13      0,00      0,00      0,00      0,00      0,00      0,00      0,00      0,00      0,00    100,00
19:50:21         14      1,00      0,00      0,50      0,00      0,00      0,00      0,00      0,00      0,00     98,50
19:50:21         15      0,00      0,00      0,00      0,00      0,00      0,00      0,00      0,00      0,00    100,00

19:50:19        IFACE   rxpck/s   txpck/s    rxkB/s    txkB/s   rxcmp/s   txcmp/s  rxmcst/s   %ifutil
19:50:21           lo      0,00      0,00      0,00      0,00      0,00      0,00      0,00      0,00
19:50:21         eno1      5,00  84210,50      0,32 123354,49      0,00      0,00      1,00    101,05
19:50:21         eno2      0,00      0,00      0,00      0,00      0,00      0,00      0,00      0,00
19:50:21      docker0      0,00      0,00      0,00      0,00      0,00      0,00      0,00      0,00
19:50:21      ens2np0 818412,00 207257,50 1195648,78 302789,54      0,00      0,00      0,00     97,95
19:50:21      ens2np1      0,00      0,00      0,00      0,00      0,00      0,00      0,00      0,00

19:50:21        CPU      %usr     %nice      %sys   %iowait    %steal      %irq     %soft    %guest    %gnice     %idle
19:50:23        all      3,88      0,00      0,91      0,00      0,00      0,00     10,74      0,00      0,00     84,47
19:50:23          0     52,68      0,00     12,68      0,00      0,00      0,00     32,20      0,00      0,00      2,44
19:50:23          1      0,00      0,00      0,00      0,00      0,00      0,00     65,60      0,00      0,00     34,40
19:50:23          2      0,00      0,00      0,00      0,00      0,00      0,00     62,60      0,00      0,00     37,40
19:50:23          3      0,00      0,00      0,00      0,00      0,00      0,00     67,39      0,00      0,00     32,61
19:50:23          4      0,00      0,00      0,00      0,00      0,00      0,00      0,00      0,00      0,00    100,00
19:50:23          5      0,00      0,00      0,00      0,00      0,00      0,00      0,00      0,00      0,00    100,00
19:50:23          6      0,00      0,00      0,00      0,00      0,00      0,00      0,00      0,00      0,00    100,00
19:50:23          7      0,00      0,00      0,00      0,00      0,00      0,00      0,00      0,00      0,00    100,00
19:50:23          8      3,50      0,00      0,50      0,00      0,00      0,00      0,00      0,00      0,00     96,00
19:50:23          9      0,00      0,00      0,00      0,00      0,00      0,00      0,00      0,00      0,00    100,00
19:50:23         10      0,00      0,00      0,00      0,00      0,00      0,00      0,00      0,00      0,00    100,00
19:50:23         11      0,00      0,00      0,00      0,00      0,00      0,00      0,00      0,00      0,00    100,00
19:50:23         12      0,00      0,00      0,00      0,00      0,00      0,00      0,00      0,00      0,00    100,00
19:50:23         13      0,00      0,00      0,00      0,00      0,00      0,00      0,00      0,00      0,00    100,00
19:50:23         14      0,00      0,00      0,00      0,00      0,00      0,00      0,00      0,00      0,00    100,00
19:50:23         15      0,00      0,00      0,00      0,00      0,00      0,00      0,00      0,00      0,00    100,00

19:50:21        IFACE   rxpck/s   txpck/s    rxkB/s    txkB/s   rxcmp/s   txcmp/s  rxmcst/s   %ifutil
19:50:23           lo      0,00      0,00      0,00      0,00      0,00      0,00      0,00      0,00
19:50:23         eno1      4,50  84212,50      0,30 123355,37      0,00      0,00      1,00    101,05
19:50:23         eno2      0,00      0,00      0,00      0,00      0,00      0,00      0,00      0,00
19:50:23      docker0      0,00      0,00      0,00      0,00      0,00      0,00      0,00      0,00
19:50:23      ens2np0 822411,00 207587,50 1201491,07 303270,94      0,00      0,00      0,00     98,43
19:50:23      ens2np1      0,00      0,00      0,00      0,00      0,00      0,00      0,00      0,00

19:50:23        CPU      %usr     %nice      %sys   %iowait    %steal      %irq     %soft    %guest    %gnice     %idle
19:50:25        all      3,92      0,00      0,89      0,00      0,00      0,00      9,18      0,00      0,00     86,01
19:50:25          0     57,29      0,00     13,07      0,00      0,00      0,00     29,65      0,00      0,00      0,00
19:50:25          1      0,00      0,00      0,00      0,00      0,00      0,00     63,25      0,00      0,00     36,75
19:50:25          2      0,00      0,00      0,00      0,00      0,00      0,00     53,61      0,00      0,00     46,39
19:50:25          3      0,00      0,00      0,00      0,00      0,00      0,00     65,08      0,00      0,00     34,92
19:50:25          4      0,00      0,00      0,00      0,00      0,00      0,00      0,00      0,00      0,00    100,00
19:50:25          5      0,00      0,00      0,00      0,00      0,00      0,00      0,00      0,00      0,00    100,00
19:50:25          6      0,00      0,00      0,00      0,00      0,00      0,00      0,00      0,00      0,00    100,00
19:50:25          7      0,00      0,00      0,00      0,00      0,00      0,00      0,00      0,00      0,00    100,00
19:50:25          8      0,00      0,00      0,00      0,00      0,00      0,00      0,00      0,00      0,00    100,00
19:50:25          9      0,00      0,00      0,00      0,00      0,00      0,00      0,00      0,00      0,00    100,00
19:50:25         10      0,00      0,00      0,00      0,00      0,00      0,00      0,00      0,00      0,00    100,00
19:50:25         11      0,00      0,00      0,00      0,00      0,00      0,00      0,00      0,00      0,00    100,00
19:50:25         12      0,00      0,00      0,00      0,00      0,00      0,00      0,00      0,00      0,00    100,00
19:50:25         13      0,00      0,00      0,00      0,00      0,00      0,00      0,00      0,00      0,00    100,00
19:50:25         14      0,00      0,00      0,00      0,00      0,00      0,00      0,00      0,00      0,00    100,00
19:50:25         15      0,00      0,00      0,00      0,00      0,00      0,00      0,00      0,00      0,00    100,00

19:50:23        IFACE   rxpck/s   txpck/s    rxkB/s    txkB/s   rxcmp/s   txcmp/s  rxmcst/s   %ifutil
19:50:25           lo      0,00      0,00      0,00      0,00      0,00      0,00      0,00      0,00
19:50:25         eno1      4,00  84211,00      0,26 123355,29      0,00      0,00      1,00    101,05
19:50:25         eno2      0,00      0,00      0,00      0,00      0,00      0,00      0,00      0,00
19:50:25      docker0      0,00      0,00      0,00      0,00      0,00      0,00      0,00      0,00
19:50:25      ens2np0 822380,00 207484,00 1201445,78 303120,45      0,00      0,00      0,00     98,42
19:50:25      ens2np1      0,00      0,00      0,00      0,00      0,00      0,00      0,00      0,00

Average:        CPU      %usr     %nice      %sys   %iowait    %steal      %irq     %soft    %guest    %gnice     %idle
Average:        all      5,47      0,00      1,11      0,00      0,00      0,00      9,04      0,00      0,00     84,38
Average:          0      4,70      0,00      1,10      0,00      0,00      0,00     31,84      0,00      0,00     62,36
Average:          1      0,04      0,00      0,02      0,00      0,00      0,00     56,25      0,00      0,00     43,69
Average:          2      0,09      0,00      0,03      0,00      0,00      0,00     38,94      0,00      0,00     60,93
Average:          3      0,06      0,00      0,06      0,00      0,00      0,00     42,44      0,00      0,00     57,44
Average:          4      0,12      0,00      0,06      0,00      0,00      0,00      0,00      0,00      0,00     99,82
Average:          5     62,84      0,00     11,26      0,00      0,00      0,00      0,00      0,00      0,00     25,90
Average:          6      0,09      0,00      0,07      0,00      0,00      0,00      0,43      0,00      0,00     99,41
Average:          7      0,14      0,00      0,02      0,00      0,00      0,00      0,00      0,00      0,00     99,84
Average:          8      0,82      0,00      0,12      0,02      0,00      0,00      0,00      0,00      0,00     99,04
Average:          9      0,76      0,00      0,30      0,00      0,00      0,00      0,00      0,00      0,00     98,94
Average:         10      0,12      0,00      0,00      0,00      0,00      0,00      0,00      0,00      0,00     99,88
Average:         11      0,04      0,00      0,00      0,00      0,00      0,00      0,00      0,00      0,00     99,96
Average:         12      0,14      0,00      0,04      0,00      0,00      0,00      0,00      0,00      0,00     99,82
Average:         13     12,54      0,00      3,66      0,00      0,00      0,00      0,00      0,00      0,00     83,80
Average:         14      0,14      0,00      0,04      0,02      0,00      0,00      0,00      0,00      0,00     99,80
Average:         15      0,08      0,00      0,04      0,00      0,00      0,00      0,00      0,00      0,00     99,88

Average:        IFACE   rxpck/s   txpck/s    rxkB/s    txkB/s   rxcmp/s   txcmp/s  rxmcst/s   %ifutil
Average:           lo      0,00      0,00      0,00      0,00      0,00      0,00      0,00      0,00
Average:         eno1      4,46  63417,06      0,39  92894,61      0,00      0,00      1,06     76,10
Average:         eno2      0,00      0,00      0,00      0,00      0,00      0,00      0,00      0,00
Average:      docker0      0,00      0,00      0,00      0,00      0,00      0,00      0,00      0,00
Average:      ens2np0 643730,56 162262,52 940450,11 237054,55      0,00      0,00      0,00     77,04
Average:      ens2np1      0,00      0,00      0,00      0,00      0,00      0,00      0,00      0,00
