Linux 5.13.0-52-generic (w1) 	20/07/2022 	_x86_64_	(16 CPU)

21:57:10        CPU      %usr     %nice      %sys   %iowait    %steal      %irq     %soft    %guest    %gnice     %idle
21:57:12        all      6,32      0,00      0,00      0,00      0,00      0,00      0,00      0,00      0,00     93,68
21:57:12          0     89,95      0,00      0,00      0,00      0,00      0,00      0,00      0,00      0,00     10,05
21:57:12          1      0,50      0,00      0,00      0,00      0,00      0,00      0,00      0,00      0,00     99,50
21:57:12          2      0,00      0,00      0,00      0,00      0,00      0,00      0,00      0,00      0,00    100,00
21:57:12          3      0,00      0,00      0,00      0,00      0,00      0,00      0,00      0,00      0,00    100,00
21:57:12          4      0,00      0,00      0,00      0,00      0,00      0,00      0,00      0,00      0,00    100,00
21:57:12          5      0,00      0,00      0,00      0,00      0,00      0,00      0,00      0,00      0,00    100,00
21:57:12          6      0,00      0,00      0,00      0,00      0,00      0,00      0,00      0,00      0,00    100,00
21:57:12          7      0,00      0,00      0,00      0,00      0,00      0,00      0,00      0,00      0,00    100,00
21:57:12          8     10,50      0,00      0,00      0,00      0,00      0,00      0,00      0,00      0,00     89,50
21:57:12          9      0,00      0,00      0,00      0,00      0,00      0,00      0,00      0,00      0,00    100,00
21:57:12         10      0,00      0,00      0,00      0,00      0,00      0,00      0,00      0,00      0,00    100,00
21:57:12         11      0,00      0,00      0,00      0,00      0,00      0,00      0,00      0,00      0,00    100,00
21:57:12         12      0,00      0,00      0,00      0,00      0,00      0,00      0,00      0,00      0,00    100,00
21:57:12         13      0,50      0,00      0,00      0,00      0,00      0,00      0,00      0,00      0,00     99,50
21:57:12         14      0,00      0,00      0,00      0,00      0,00      0,00      0,00      0,00      0,00    100,00
21:57:12         15      0,00      0,00      0,00      0,00      0,00      0,00      0,00      0,00      0,00    100,00

21:57:10        IFACE   rxpck/s   txpck/s    rxkB/s    txkB/s   rxcmp/s   txcmp/s  rxmcst/s   %ifutil
21:57:12           lo      0,00      0,00      0,00      0,00      0,00      0,00      0,00      0,00
21:57:12         eno1     19,50     17,50      3,58      3,36      0,00      0,00      1,00      0,00
21:57:12         eno2      0,00      0,00      0,00      0,00      0,00      0,00      0,00      0,00
21:57:12      docker0      0,00      0,00      0,00      0,00      0,00      0,00      0,00      0,00
21:57:12      ens2np0      0,00      0,00      0,00      0,00      0,00      0,00      0,00      0,00
21:57:12      ens2np1      0,00      0,00      0,00      0,00      0,00      0,00      0,00      0,00

21:57:12        CPU      %usr     %nice      %sys   %iowait    %steal      %irq     %soft    %guest    %gnice     %idle
21:57:14        all      6,54      0,00      0,19      0,00      0,00      0,00      0,00      0,00      0,00     93,28
21:57:14          0     90,00      0,00      0,00      0,00      0,00      0,00      0,00      0,00      0,00     10,00
21:57:14          1      0,00      0,00      0,00      0,00      0,00      0,00      0,00      0,00      0,00    100,00
21:57:14          2      1,00      0,00      0,50      0,00      0,00      0,00      0,00      0,00      0,00     98,50
21:57:14          3      0,00      0,00      0,00      0,00      0,00      0,00      0,00      0,00      0,00    100,00
21:57:14          4      0,00      0,00      0,00      0,00      0,00      0,00      0,00      0,00      0,00    100,00
21:57:14          5      0,50      0,00      0,50      0,00      0,00      0,00      0,00      0,00      0,00     99,00
21:57:14          6      0,50      0,00      0,00      0,00      0,00      0,00      0,00      0,00      0,00     99,50
21:57:14          7      0,50      0,00      0,00      0,00      0,00      0,00      0,00      0,00      0,00     99,50
21:57:14          8      9,95      0,00      0,50      0,00      0,00      0,00      0,00      0,00      0,00     89,55
21:57:14          9      0,00      0,00      0,00      0,00      0,00      0,00      0,00      0,00      0,00    100,00
21:57:14         10      0,50      0,00      0,50      0,00      0,00      0,00      0,00      0,00      0,00     99,00
21:57:14         11      0,00      0,00      0,00      0,00      0,00      0,00      0,00      0,00      0,00    100,00
21:57:14         12      1,00      0,00      0,50      0,00      0,00      0,00      0,00      0,00      0,00     98,51
21:57:14         13      0,50      0,00      0,00      0,00      0,00      0,00      0,00      0,00      0,00     99,50
21:57:14         14      0,00      0,00      0,00      0,00      0,00      0,00      0,00      0,00      0,00    100,00
21:57:14         15      0,00      0,00      0,50      0,00      0,00      0,00      0,00      0,00      0,00     99,50

21:57:12        IFACE   rxpck/s   txpck/s    rxkB/s    txkB/s   rxcmp/s   txcmp/s  rxmcst/s   %ifutil
21:57:14           lo      0,00      0,00      0,00      0,00      0,00      0,00      0,00      0,00
21:57:14         eno1      5,00      1,00      0,31      0,07      0,00      0,00      1,50      0,00
21:57:14         eno2      0,00      0,00      0,00      0,00      0,00      0,00      0,00      0,00
21:57:14      docker0      0,00      0,00      0,00      0,00      0,00      0,00      0,00      0,00
21:57:14      ens2np0      0,00      0,00      0,00      0,00      0,00      0,00      0,00      0,00
21:57:14      ens2np1      0,00      0,00      0,00      0,00      0,00      0,00      0,00      0,00

21:57:14        CPU      %usr     %nice      %sys   %iowait    %steal      %irq     %soft    %guest    %gnice     %idle
21:57:16        all      6,31      0,00      0,00      0,00      0,00      0,00      0,00      0,00      0,00     93,69
21:57:16          0     69,15      0,00      0,00      0,00      0,00      0,00      0,00      0,00      0,00     30,85
21:57:16          1      0,00      0,00      0,00      0,00      0,00      0,00      0,00      0,00      0,00    100,00
21:57:16          2      0,00      0,00      0,00      0,00      0,00      0,00      0,00      0,00      0,00    100,00
21:57:16          3      0,00      0,00      0,00      0,00      0,00      0,00      0,00      0,00      0,00    100,00
21:57:16          4      0,00      0,00      0,00      0,00      0,00      0,00      0,00      0,00      0,00    100,00
21:57:16          5      0,00      0,00      0,00      0,00      0,00      0,00      0,00      0,00      0,00    100,00
21:57:16          6      0,00      0,00      0,00      0,00      0,00      0,00      0,00      0,00      0,00    100,00
21:57:16          7      0,00      0,00      0,00      0,00      0,00      0,00      0,00      0,00      0,00    100,00
21:57:16          8     31,00      0,00      0,00      0,00      0,00      0,00      0,00      0,00      0,00     69,00
21:57:16          9      0,00      0,00      0,00      0,00      0,00      0,00      0,00      0,00      0,00    100,00
21:57:16         10      0,50      0,00      0,00      0,00      0,00      0,00      0,00      0,00      0,00     99,50
21:57:16         11      0,00      0,00      0,00      0,00      0,00      0,00      0,00      0,00      0,00    100,00
21:57:16         12      0,00      0,00      0,00      0,00      0,00      0,00      0,00      0,00      0,00    100,00
21:57:16         13      0,00      0,00      0,00      0,00      0,00      0,00      0,00      0,00      0,00    100,00
21:57:16         14      0,00      0,00      0,00      0,00      0,00      0,00      0,00      0,00      0,00    100,00
21:57:16         15      0,00      0,00      0,00      0,00      0,00      0,00      0,00      0,00      0,00    100,00

21:57:14        IFACE   rxpck/s   txpck/s    rxkB/s    txkB/s   rxcmp/s   txcmp/s  rxmcst/s   %ifutil
21:57:16           lo      0,00      0,00      0,00      0,00      0,00      0,00      0,00      0,00
21:57:16         eno1      5,00      0,00      0,31      0,00      0,00      0,00      1,00      0,00
21:57:16         eno2      0,00      0,00      0,00      0,00      0,00      0,00      0,00      0,00
21:57:16      docker0      0,00      0,00      0,00      0,00      0,00      0,00      0,00      0,00
21:57:16      ens2np0      0,00      0,00      0,00      0,00      0,00      0,00      0,00      0,00
21:57:16      ens2np1      0,00      0,00      0,00      0,00      0,00      0,00      0,00      0,00

21:57:16        CPU      %usr     %nice      %sys   %iowait    %steal      %irq     %soft    %guest    %gnice     %idle
21:57:18        all      6,25      0,00      0,00      0,00      0,00      0,00      0,00      0,00      0,00     93,75
21:57:18          0    100,00      0,00      0,00      0,00      0,00      0,00      0,00      0,00      0,00      0,00
21:57:18          1      0,00      0,00      0,00      0,00      0,00      0,00      0,00      0,00      0,00    100,00
21:57:18          2      0,00      0,00      0,00      0,00      0,00      0,00      0,00      0,00      0,00    100,00
21:57:18          3      0,00      0,00      0,00      0,00      0,00      0,00      0,00      0,00      0,00    100,00
21:57:18          4      0,00      0,00      0,00      0,00      0,00      0,00      0,00      0,00      0,00    100,00
21:57:18          5      0,00      0,00      0,00      0,00      0,00      0,00      0,00      0,00      0,00    100,00
21:57:18          6      0,00      0,00      0,00      0,00      0,00      0,00      0,00      0,00      0,00    100,00
21:57:18          7      0,00      0,00      0,00      0,00      0,00      0,00      0,00      0,00      0,00    100,00
21:57:18          8      0,00      0,00      0,00      0,00      0,00      0,00      0,00      0,00      0,00    100,00
21:57:18          9      0,00      0,00      0,00      0,00      0,00      0,00      0,00      0,00      0,00    100,00
21:57:18         10      0,00      0,00      0,00      0,00      0,00      0,00      0,00      0,00      0,00    100,00
21:57:18         11      0,00      0,00      0,00      0,00      0,00      0,00      0,00      0,00      0,00    100,00
21:57:18         12      0,00      0,00      0,00      0,00      0,00      0,00      0,00      0,00      0,00    100,00
21:57:18         13      0,00      0,00      0,00      0,00      0,00      0,00      0,00      0,00      0,00    100,00
21:57:18         14      0,00      0,00      0,00      0,00      0,00      0,00      0,00      0,00      0,00    100,00
21:57:18         15      0,00      0,00      0,00      0,00      0,00      0,00      0,00      0,00      0,00    100,00

21:57:16        IFACE   rxpck/s   txpck/s    rxkB/s    txkB/s   rxcmp/s   txcmp/s  rxmcst/s   %ifutil
21:57:18           lo      0,00      0,00      0,00      0,00      0,00      0,00      0,00      0,00
21:57:18         eno1      5,50      0,50      0,35      0,04      0,00      0,00      1,50      0,00
21:57:18         eno2      0,00      0,00      0,00      0,00      0,00      0,00      0,00      0,00
21:57:18      docker0      0,00      0,00      0,00      0,00      0,00      0,00      0,00      0,00
21:57:18      ens2np0      0,00      0,00      0,00      0,00      0,00      0,00      0,00      0,00
21:57:18      ens2np1      0,00      0,00      0,00      0,00      0,00      0,00      0,00      0,00

21:57:18        CPU      %usr     %nice      %sys   %iowait    %steal      %irq     %soft    %guest    %gnice     %idle
21:57:20        all      6,25      0,00      0,00      0,00      0,00      0,00      0,00      0,00      0,00     93,75
21:57:20          0    100,00      0,00      0,00      0,00      0,00      0,00      0,00      0,00      0,00      0,00
21:57:20          1      0,00      0,00      0,00      0,00      0,00      0,00      0,00      0,00      0,00    100,00
21:57:20          2      0,00      0,00      0,00      0,00      0,00      0,00      0,00      0,00      0,00    100,00
21:57:20          3      0,00      0,00      0,00      0,00      0,00      0,00      0,00      0,00      0,00    100,00
21:57:20          4      0,00      0,00      0,00      0,00      0,00      0,00      0,00      0,00      0,00    100,00
21:57:20          5      0,00      0,00      0,00      0,00      0,00      0,00      0,00      0,00      0,00    100,00
21:57:20          6      0,00      0,00      0,00      0,00      0,00      0,00      0,00      0,00      0,00    100,00
21:57:20          7      0,00      0,00      0,00      0,00      0,00      0,00      0,00      0,00      0,00    100,00
21:57:20          8      0,00      0,00      0,00      0,00      0,00      0,00      0,00      0,00      0,00    100,00
21:57:20          9      0,00      0,00      0,00      0,00      0,00      0,00      0,00      0,00      0,00    100,00
21:57:20         10      0,00      0,00      0,00      0,00      0,00      0,00      0,00      0,00      0,00    100,00
21:57:20         11      0,00      0,00      0,00      0,00      0,00      0,00      0,00      0,00      0,00    100,00
21:57:20         12      0,00      0,00      0,00      0,00      0,00      0,00      0,00      0,00      0,00    100,00
21:57:20         13      0,00      0,00      0,00      0,00      0,00      0,00      0,00      0,00      0,00    100,00
21:57:20         14      0,00      0,00      0,00      0,00      0,00      0,00      0,00      0,00      0,00    100,00
21:57:20         15      0,00      0,00      0,00      0,00      0,00      0,00      0,00      0,00      0,00    100,00

21:57:18        IFACE   rxpck/s   txpck/s    rxkB/s    txkB/s   rxcmp/s   txcmp/s  rxmcst/s   %ifutil
21:57:20           lo      0,00      0,00      0,00      0,00      0,00      0,00      0,00      0,00
21:57:20         eno1      2,50      1,00      0,28      0,07      0,00      0,00      1,00      0,00
21:57:20         eno2      0,00      0,00      0,00      0,00      0,00      0,00      0,00      0,00
21:57:20      docker0      0,00      0,00      0,00      0,00      0,00      0,00      0,00      0,00
21:57:20      ens2np0      0,00      0,00      0,00      0,00      0,00      0,00      0,00      0,00
21:57:20      ens2np1      0,00      0,00      0,00      0,00      0,00      0,00      0,00      0,00

21:57:20        CPU      %usr     %nice      %sys   %iowait    %steal      %irq     %soft    %guest    %gnice     %idle
21:57:22        all      6,34      0,00      0,32      0,00      0,00      0,00      3,79      0,00      0,00     89,55
21:57:22          0     61,19      0,00      1,49      0,00      0,00      0,00     13,93      0,00      0,00     23,38
21:57:22          1      0,00      0,00      0,00      0,00      0,00      0,00     15,72      0,00      0,00     84,28
21:57:22          2      0,00      0,00      0,00      0,00      0,00      0,00      4,29      0,00      0,00     95,71
21:57:22          3      0,00      0,00      0,00      0,00      0,00      0,00      2,82      0,00      0,00     97,18
21:57:22          4      0,00      0,00      0,00      0,00      0,00      0,00      3,52      0,00      0,00     96,48
21:57:22          5      0,00      0,00      0,00      0,00      0,00      0,00      2,86      0,00      0,00     97,14
21:57:22          6      0,00      0,00      0,00      0,00      0,00      0,00     10,34      0,00      0,00     89,66
21:57:22          7      0,00      0,00      0,65      0,00      0,00      0,00     12,99      0,00      0,00     86,36
21:57:22          8     28,14      0,00      2,51      0,00      0,00      0,00      0,00      0,00      0,00     69,35
21:57:22          9      0,00      0,00      0,00      0,00      0,00      0,00      0,00      0,00      0,00    100,00
21:57:22         10      0,00      0,00      0,00      0,00      0,00      0,00      0,00      0,00      0,00    100,00
21:57:22         11      0,00      0,00      0,00      0,00      0,00      0,00      0,00      0,00      0,00    100,00
21:57:22         12      0,00      0,00      0,00      0,00      0,00      0,00      0,00      0,00      0,00    100,00
21:57:22         13      0,00      0,00      0,00      0,00      0,00      0,00      0,00      0,00      0,00    100,00
21:57:22         14      0,00      0,00      0,00      0,00      0,00      0,00      0,00      0,00      0,00    100,00
21:57:22         15      0,00      0,00      0,00      0,00      0,00      0,00      0,00      0,00      0,00    100,00

21:57:20        IFACE   rxpck/s   txpck/s    rxkB/s    txkB/s   rxcmp/s   txcmp/s  rxmcst/s   %ifutil
21:57:22           lo      0,00      0,00      0,00      0,00      0,00      0,00      0,00      0,00
21:57:22         eno1      5,50  24480,50      0,35  35859,38      0,00      0,00      1,00     29,38
21:57:22         eno2      0,00      0,00      0,00      0,00      0,00      0,00      0,00      0,00
21:57:22      docker0      0,00      0,00      0,00      0,00      0,00      0,00      0,00      0,00
21:57:22      ens2np0 495581,00  61411,50 724012,87  89716,94      0,00      0,00      0,00     59,31
21:57:22      ens2np1      0,00      0,00      0,00      0,00      0,00      0,00      0,00      0,00

21:57:22        CPU      %usr     %nice      %sys   %iowait    %steal      %irq     %soft    %guest    %gnice     %idle
21:57:24        all      6,05      0,00      0,60      0,00      0,00      0,00      4,78      0,00      0,00     88,57
21:57:24          0     75,88      0,00      7,54      0,00      0,00      0,00     16,58      0,00      0,00      0,00
21:57:24          1      0,00      0,00      0,00      0,00      0,00      0,00     30,53      0,00      0,00     69,47
21:57:24          2      0,00      0,00      0,00      0,00      0,00      0,00      5,21      0,00      0,00     94,79
21:57:24          3      0,00      0,00      0,00      0,00      0,00      0,00      3,23      0,00      0,00     96,77
21:57:24          4      0,00      0,00      0,00      0,00      0,00      0,00      1,09      0,00      0,00     98,91
21:57:24          5      0,00      0,00      0,00      0,00      0,00      0,00      0,00      0,00      0,00    100,00
21:57:24          6      0,00      0,00      0,00      0,00      0,00      0,00     25,89      0,00      0,00     74,11
21:57:24          7      0,00      0,00      0,00      0,00      0,00      0,00      9,28      0,00      0,00     90,72
21:57:24          8      0,00      0,00      0,00      0,00      0,00      0,00      0,00      0,00      0,00    100,00
21:57:24          9      0,00      0,00      0,00      0,00      0,00      0,00      0,00      0,00      0,00    100,00
21:57:24         10      0,50      0,00      0,00      0,00      0,00      0,00      0,00      0,00      0,00     99,50
21:57:24         11      0,00      0,00      0,00      0,00      0,00      0,00      0,00      0,00      0,00    100,00
21:57:24         12      0,00      0,00      0,00      0,00      0,00      0,00      0,00      0,00      0,00    100,00
21:57:24         13      0,00      0,00      0,00      0,00      0,00      0,00      0,00      0,00      0,00    100,00
21:57:24         14      0,00      0,00      0,00      0,00      0,00      0,00      0,00      0,00      0,00    100,00
21:57:24         15      0,00      0,00      0,00      0,00      0,00      0,00      0,00      0,00      0,00    100,00

21:57:22        IFACE   rxpck/s   txpck/s    rxkB/s    txkB/s   rxcmp/s   txcmp/s  rxmcst/s   %ifutil
21:57:24           lo      0,00      0,00      0,00      0,00      0,00      0,00      0,00      0,00
21:57:24         eno1      3,00  84205,00      0,19 123346,44      0,00      0,00      1,00    101,05
21:57:24         eno2      0,00      0,00      0,00      0,00      0,00      0,00      0,00      0,00
21:57:24      docker0      0,00      0,00      0,00      0,00      0,00      0,00      0,00      0,00
21:57:24      ens2np0 822375,00 102003,50 1201438,48 149020,03      0,00      0,00      0,00     98,42
21:57:24      ens2np1      0,00      0,00      0,00      0,00      0,00      0,00      0,00      0,00

21:57:24        CPU      %usr     %nice      %sys   %iowait    %steal      %irq     %soft    %guest    %gnice     %idle
21:57:26        all      6,72      0,00      0,81      0,04      0,00      0,00      7,95      0,00      0,00     84,48
21:57:26          0     45,64      0,00      4,62      0,00      0,00      0,00     15,90      0,00      0,00     33,85
21:57:26          1      0,00      0,00      0,00      0,00      0,00      0,00     37,06      0,00      0,00     62,94
21:57:26          2      0,90      0,00      0,90      0,00      0,00      0,00     18,02      0,00      0,00     80,18
21:57:26          3      0,92      0,00      0,00      0,00      0,00      0,00     17,43      0,00      0,00     81,65
21:57:26          4      0,00      0,00      0,00      0,00      0,00      0,00     12,62      0,00      0,00     87,38
21:57:26          5      0,99      0,00      0,00      0,00      0,00      0,00      9,90      0,00      0,00     89,11
21:57:26          6      0,00      0,00      0,00      0,00      0,00      0,00     31,67      0,00      0,00     68,33
21:57:26          7      0,00      0,00      0,00      0,00      0,00      0,00     20,00      0,00      0,00     80,00
21:57:26          8     36,50      0,00      3,50      0,00      0,00      0,00      0,00      0,00      0,00     60,00
21:57:26          9      0,50      0,00      0,00      0,50      0,00      0,00      0,00      0,00      0,00     99,00
21:57:26         10      0,50      0,00      0,50      0,00      0,00      0,00      0,00      0,00      0,00     99,00
21:57:26         11      2,00      0,00      1,00      0,00      0,00      0,00      0,00      0,00      0,00     97,00
21:57:26         12      1,01      0,00      0,50      0,00      0,00      0,00      0,00      0,00      0,00     98,49
21:57:26         13      0,00      0,00      0,00      0,00      0,00      0,00      0,00      0,00      0,00    100,00
21:57:26         14      0,00      0,00      0,00      0,00      0,00      0,00      0,00      0,00      0,00    100,00
21:57:26         15      0,50      0,00      0,00      0,00      0,00      0,00      0,00      0,00      0,00     99,50

21:57:24        IFACE   rxpck/s   txpck/s    rxkB/s    txkB/s   rxcmp/s   txcmp/s  rxmcst/s   %ifutil
21:57:26           lo      0,00      0,00      0,00      0,00      0,00      0,00      0,00      0,00
21:57:26         eno1      4,50  84210,00      0,28 123354,49      0,00      0,00      1,00    101,05
21:57:26         eno2      0,00      0,00      0,00      0,00      0,00      0,00      0,00      0,00
21:57:26      docker0      0,00      0,00      0,00      0,00      0,00      0,00      0,00      0,00
21:57:26      ens2np0 822364,00 101491,00 1201422,41 148270,59      0,00      0,00      0,00     98,42
21:57:26      ens2np1      0,00      0,00      0,00      0,00      0,00      0,00      0,00      0,00

21:57:26        CPU      %usr     %nice      %sys   %iowait    %steal      %irq     %soft    %guest    %gnice     %idle
21:57:28        all      3,75      0,00      0,39      0,00      0,00      0,00      7,23      0,00      0,00     88,63
21:57:28          0      0,00      0,00      0,00      0,00      0,00      0,00     16,92      0,00      0,00     83,08
21:57:28          1      0,00      0,00      0,00      0,00      0,00      0,00     14,02      0,00      0,00     85,98
21:57:28          2      0,00      0,00      0,00      0,00      0,00      0,00      7,37      0,00      0,00     92,63
21:57:28          3     44,62      0,00      5,13      0,00      0,00      0,00     49,23      0,00      0,00      1,03
21:57:28          4      0,00      0,00      0,00      0,00      0,00      0,00      2,13      0,00      0,00     97,87
21:57:28          5      0,00      0,00      0,00      0,00      0,00      0,00      2,13      0,00      0,00     97,87
21:57:28          6      0,00      0,00      0,00      0,00      0,00      0,00     25,89      0,00      0,00     74,11
21:57:28          7      0,00      0,00      0,00      0,00      0,00      0,00      3,26      0,00      0,00     96,74
21:57:28          8      0,00      0,00      0,00      0,00      0,00      0,00      0,00      0,00      0,00    100,00
21:57:28          9      0,00      0,00      0,00      0,00      0,00      0,00      0,00      0,00      0,00    100,00
21:57:28         10      0,00      0,00      0,00      0,00      0,00      0,00      0,00      0,00      0,00    100,00
21:57:28         11      4,50      0,00      0,00      0,00      0,00      0,00      0,00      0,00      0,00     95,50
21:57:28         12      0,50      0,00      0,00      0,00      0,00      0,00      0,00      0,00      0,00     99,50
21:57:28         13      0,00      0,00      0,00      0,00      0,00      0,00      0,00      0,00      0,00    100,00
21:57:28         14      0,00      0,00      0,00      0,00      0,00      0,00      0,00      0,00      0,00    100,00
21:57:28         15      0,00      0,00      0,00      0,00      0,00      0,00      0,00      0,00      0,00    100,00

21:57:26        IFACE   rxpck/s   txpck/s    rxkB/s    txkB/s   rxcmp/s   txcmp/s  rxmcst/s   %ifutil
21:57:28           lo      0,00      0,00      0,00      0,00      0,00      0,00      0,00      0,00
21:57:28         eno1      5,00  84210,00      0,31 123355,22      0,00      0,00      1,00    101,05
21:57:28         eno2      0,00      0,00      0,00      0,00      0,00      0,00      0,00      0,00
21:57:28      docker0      0,00      0,00      0,00      0,00      0,00      0,00      0,00      0,00
21:57:28      ens2np0 822357,50  52164,00 1201412,91  76207,63      0,00      0,00      0,00     98,42
21:57:28      ens2np1      0,00      0,00      0,00      0,00      0,00      0,00      0,00      0,00

21:57:28        CPU      %usr     %nice      %sys   %iowait    %steal      %irq     %soft    %guest    %gnice     %idle
21:57:30        all      4,76      0,00      0,51      0,00      0,00      0,00      6,99      0,00      0,00     87,74
21:57:30          0      0,00      0,00      0,00      0,00      0,00      0,00     19,58      0,00      0,00     80,42
21:57:30          1      0,00      0,00      0,00      0,00      0,00      0,00     12,50      0,00      0,00     87,50
21:57:30          2      0,00      0,00      0,00      0,00      0,00      0,00     14,42      0,00      0,00     85,58
21:57:30          3     44,05      0,00      4,17      0,00      0,00      0,00     41,67      0,00      0,00     10,12
21:57:30          4      0,00      0,00      0,00      0,00      0,00      0,00      4,17      0,00      0,00     95,83
21:57:30          5      0,00      0,00      0,00      0,00      0,00      0,00      2,13      0,00      0,00     97,87
21:57:30          6      0,00      0,00      0,00      0,00      0,00      0,00     24,77      0,00      0,00     75,23
21:57:30          7      0,00      0,00      0,00      0,00      0,00      0,00     11,22      0,00      0,00     88,78
21:57:30          8      0,00      0,00      0,00      0,00      0,00      0,00      0,00      0,00      0,00    100,00
21:57:30          9      0,00      0,00      0,00      0,00      0,00      0,00      0,00      0,00      0,00    100,00
21:57:30         10      0,00      0,00      0,00      0,00      0,00      0,00      0,00      0,00      0,00    100,00
21:57:30         11     24,00      0,00      3,00      0,00      0,00      0,00      0,00      0,00      0,00     73,00
21:57:30         12      0,00      0,00      0,00      0,00      0,00      0,00      0,00      0,00      0,00    100,00
21:57:30         13      0,00      0,00      0,00      0,00      0,00      0,00      0,00      0,00      0,00    100,00
21:57:30         14      0,00      0,00      0,00      0,00      0,00      0,00      0,00      0,00      0,00    100,00
21:57:30         15      0,00      0,00      0,00      0,00      0,00      0,00      0,00      0,00      0,00    100,00

21:57:28        IFACE   rxpck/s   txpck/s    rxkB/s    txkB/s   rxcmp/s   txcmp/s  rxmcst/s   %ifutil
21:57:30           lo      0,00      0,00      0,00      0,00      0,00      0,00      0,00      0,00
21:57:30         eno1      4,50  84211,50      0,28 123355,96      0,00      0,00      1,00    101,05
21:57:30         eno2      0,00      0,00      0,00      0,00      0,00      0,00      0,00      0,00
21:57:30      docker0      0,00      0,00      0,00      0,00      0,00      0,00      0,00      0,00
21:57:30      ens2np0 822363,00  63445,00 1201420,95  92687,76      0,00      0,00      0,00     98,42
21:57:30      ens2np1      0,00      0,00      0,00      0,00      0,00      0,00      0,00      0,00

21:57:30        CPU      %usr     %nice      %sys   %iowait    %steal      %irq     %soft    %guest    %gnice     %idle
21:57:32        all      6,88      0,00      1,22      0,04      0,00      0,00      5,17      0,00      0,00     86,68
21:57:32          0      0,00      0,00      0,00      0,00      0,00      0,00     25,38      0,00      0,00     74,62
21:57:32          1      0,00      0,00      0,00      0,00      0,00      0,00      1,12      0,00      0,00     98,88
21:57:32          2      0,00      0,00      0,00      0,00      0,00      0,00     13,13      0,00      0,00     86,87
21:57:32          3      0,00      0,00      0,00      0,00      0,00      0,00     22,09      0,00      0,00     77,91
21:57:32          4      0,00      0,00      0,00      0,00      0,00      0,00      2,22      0,00      0,00     97,78
21:57:32          5      0,00      0,00      0,00      1,05      0,00      0,00      6,32      0,00      0,00     92,63
21:57:32          6      0,00      0,00      0,00      0,00      0,00      0,00     28,95      0,00      0,00     71,05
21:57:32          7      0,00      0,00      0,00      0,00      0,00      0,00      3,49      0,00      0,00     96,51
21:57:32          8      0,00      0,00      0,00      0,00      0,00      0,00      0,00      0,00      0,00    100,00
21:57:32          9      0,00      0,00      0,00      0,00      0,00      0,00      0,00      0,00      0,00    100,00
21:57:32         10      0,00      0,00      0,00      0,00      0,00      0,00      0,00      0,00      0,00    100,00
21:57:32         11     84,92      0,00     15,08      0,00      0,00      0,00      0,00      0,00      0,00      0,00
21:57:32         12      0,00      0,00      0,00      0,00      0,00      0,00      0,00      0,00      0,00    100,00
21:57:32         13      0,00      0,00      0,00      0,00      0,00      0,00      0,00      0,00      0,00    100,00
21:57:32         14      0,00      0,00      0,00      0,00      0,00      0,00      0,00      0,00      0,00    100,00
21:57:32         15      0,00      0,00      0,00      0,00      0,00      0,00      0,00      0,00      0,00    100,00

21:57:30        IFACE   rxpck/s   txpck/s    rxkB/s    txkB/s   rxcmp/s   txcmp/s  rxmcst/s   %ifutil
21:57:32           lo      0,00      0,00      0,00      0,00      0,00      0,00      0,00      0,00
21:57:32         eno1      4,00  84212,00      0,25 123358,15      0,00      0,00      1,00    101,06
21:57:32         eno2      0,00      0,00      0,00      0,00      0,00      0,00      0,00      0,00
21:57:32      docker0      0,00      0,00      0,00      0,00      0,00      0,00      0,00      0,00
21:57:32      ens2np0 822375,50 101550,50 1201439,21 148358,22      0,00      0,00      0,00     98,42
21:57:32      ens2np1      0,00      0,00      0,00      0,00      0,00      0,00      0,00      0,00

21:57:32        CPU      %usr     %nice      %sys   %iowait    %steal      %irq     %soft    %guest    %gnice     %idle
21:57:34        all      6,04      0,00      1,04      0,00      0,00      0,00      6,36      0,00      0,00     86,57
21:57:34          0      0,00      0,00      0,00      0,00      0,00      0,00     23,04      0,00      0,00     76,96
21:57:34          1      0,00      0,00      0,00      0,00      0,00      0,00      9,18      0,00      0,00     90,82
21:57:34          2      0,00      0,00      0,00      0,00      0,00      0,00     20,72      0,00      0,00     79,28
21:57:34          3     22,55      0,00      1,96      0,00      0,00      0,00     27,45      0,00      0,00     48,04
21:57:34          4      0,00      0,00      0,00      0,00      0,00      0,00      7,29      0,00      0,00     92,71
21:57:34          5      0,00      0,00      0,00      0,00      0,00      0,00      6,32      0,00      0,00     93,68
21:57:34          6      0,00      0,00      0,00      0,00      0,00      0,00     31,93      0,00      0,00     68,07
21:57:34          7      0,00      0,00      0,00      0,00      0,00      0,00      4,44      0,00      0,00     95,56
21:57:34          8      0,00      0,00      0,00      0,00      0,00      0,00      0,00      0,00      0,00    100,00
21:57:34          9      0,00      0,00      0,00      0,00      0,00      0,00      0,00      0,00      0,00    100,00
21:57:34         10      0,00      0,00      0,00      0,00      0,00      0,00      0,00      0,00      0,00    100,00
21:57:34         11     64,00      0,00     12,00      0,00      0,00      0,00      0,00      0,00      0,00     24,00
21:57:34         12      0,00      0,00      0,00      0,00      0,00      0,00      0,00      0,00      0,00    100,00
21:57:34         13      0,00      0,00      0,00      0,00      0,00      0,00      0,00      0,00      0,00    100,00
21:57:34         14      0,00      0,00      0,00      0,00      0,00      0,00      0,00      0,00      0,00    100,00
21:57:34         15      0,00      0,00      0,00      0,00      0,00      0,00      0,00      0,00      0,00    100,00

21:57:32        IFACE   rxpck/s   txpck/s    rxkB/s    txkB/s   rxcmp/s   txcmp/s  rxmcst/s   %ifutil
21:57:34           lo      0,00      0,00      0,00      0,00      0,00      0,00      0,00      0,00
21:57:34         eno1      4,00  84207,00      0,25 123350,10      0,00      0,00      1,00    101,05
21:57:34         eno2      0,00      0,00      0,00      0,00      0,00      0,00      0,00      0,00
21:57:34      docker0      0,00      0,00      0,00      0,00      0,00      0,00      0,00      0,00
21:57:34      ens2np0 822361,00  89334,00 1201418,02 130509,97      0,00      0,00      0,00     98,42
21:57:34      ens2np1      0,00      0,00      0,00      0,00      0,00      0,00      0,00      0,00

21:57:34        CPU      %usr     %nice      %sys   %iowait    %steal      %irq     %soft    %guest    %gnice     %idle
21:57:36        all      6,40      0,00      1,24      0,04      0,00      0,00      8,84      0,00      0,00     83,48
21:57:36          0      0,00      0,00      0,52      0,00      0,00      0,00     23,71      0,00      0,00     75,77
21:57:36          1      0,93      0,00      0,00      0,00      0,00      0,00     16,67      0,00      0,00     82,41
21:57:36          2      0,00      0,00      0,00      0,00      0,00      0,00     20,18      0,00      0,00     79,82
21:57:36          3     16,39      0,00      4,10      0,00      0,00      0,00     39,34      0,00      0,00     40,16
21:57:36          4      0,97      0,00      0,00      0,00      0,00      0,00     13,59      0,00      0,00     85,44
21:57:36          5      0,95      0,00      0,95      0,00      0,00      0,00     14,29      0,00      0,00     83,81
21:57:36          6      0,00      0,00      0,75      0,00      0,00      0,00     39,55      0,00      0,00     59,70
21:57:36          7      0,00      0,00      0,00      0,00      0,00      0,00     12,12      0,00      0,00     87,88
21:57:36          8      1,49      0,00      1,00      0,00      0,00      0,00      0,00      0,00      0,00     97,51
21:57:36          9      1,00      0,00      0,00      0,00      0,00      0,00      0,00      0,00      0,00     99,00
21:57:36         10      0,99      0,00      0,00      0,50      0,00      0,00      0,00      0,00      0,00     98,51
21:57:36         11     64,68      0,00     10,95      0,00      0,00      0,00      0,00      0,00      0,00     24,38
21:57:36         12      0,50      0,00      0,00      0,00      0,00      0,00      0,00      0,00      0,00     99,50
21:57:36         13      0,50      0,00      0,00      0,00      0,00      0,00      0,00      0,00      0,00     99,50
21:57:36         14      1,00      0,00      0,00      0,00      0,00      0,00      0,00      0,00      0,00     99,00
21:57:36         15      0,50      0,00      0,00      0,00      0,00      0,00      0,00      0,00      0,00     99,50

21:57:34        IFACE   rxpck/s   txpck/s    rxkB/s    txkB/s   rxcmp/s   txcmp/s  rxmcst/s   %ifutil
21:57:36           lo      0,00      0,00      0,00      0,00      0,00      0,00      0,00      0,00
21:57:36         eno1      4,00  84211,00      0,25 123355,22      0,00      0,00      1,00    101,05
21:57:36         eno2      0,00      0,00      0,00      0,00      0,00      0,00      0,00      0,00
21:57:36      docker0      0,00      0,00      0,00      0,00      0,00      0,00      0,00      0,00
21:57:36      ens2np0 822369,50  90921,50 1201430,44 132829,92      0,00      0,00      0,00     98,42
21:57:36      ens2np1      0,00      0,00      0,00      0,00      0,00      0,00      0,00      0,00

21:57:36        CPU      %usr     %nice      %sys   %iowait    %steal      %irq     %soft    %guest    %gnice     %idle
21:57:38        all      5,37      0,00      0,67      0,00      0,00      0,00      7,57      0,00      0,00     86,39
21:57:38          0      0,00      0,00      0,00      0,00      0,00      0,00     23,47      0,00      0,00     76,53
21:57:38          1      0,00      0,00      0,00      0,00      0,00      0,00      7,22      0,00      0,00     92,78
21:57:38          2      0,00      0,00      0,00      0,00      0,00      0,00     16,50      0,00      0,00     83,50
21:57:38          3     31,03      0,00      4,14      0,00      0,00      0,00     42,07      0,00      0,00     22,76
21:57:38          4      0,00      0,00      0,00      0,00      0,00      0,00      7,22      0,00      0,00     92,78
21:57:38          5      0,00      0,00      0,00      0,00      0,00      0,00      9,28      0,00      0,00     90,72
21:57:38          6      0,00      0,00      0,00      0,00      0,00      0,00     31,93      0,00      0,00     68,07
21:57:38          7      0,00      0,00      0,00      0,00      0,00      0,00      8,51      0,00      0,00     91,49
21:57:38          8      0,00      0,00      0,00      0,00      0,00      0,00      0,00      0,00      0,00    100,00
21:57:38          9      0,00      0,00      0,00      0,00      0,00      0,00      0,00      0,00      0,00    100,00
21:57:38         10      0,00      0,00      0,00      0,00      0,00      0,00      0,00      0,00      0,00    100,00
21:57:38         11     46,00      0,00      5,00      0,00      0,00      0,00      0,00      0,00      0,00     49,00
21:57:38         12      0,00      0,00      0,00      0,00      0,00      0,00      0,00      0,00      0,00    100,00
21:57:38         13      0,00      0,00      0,50      0,00      0,00      0,00      0,00      0,00      0,00     99,50
21:57:38         14      0,00      0,00      0,00      0,00      0,00      0,00      0,00      0,00      0,00    100,00
21:57:38         15      0,00      0,00      0,00      0,00      0,00      0,00      0,00      0,00      0,00    100,00

21:57:36        IFACE   rxpck/s   txpck/s    rxkB/s    txkB/s   rxcmp/s   txcmp/s  rxmcst/s   %ifutil
21:57:38           lo      0,00      0,00      0,00      0,00      0,00      0,00      0,00      0,00
21:57:38         eno1      3,50  84214,00      0,22 123361,08      0,00      0,00      1,00    101,06
21:57:38         eno2      0,00      0,00      0,00      0,00      0,00      0,00      0,00      0,00
21:57:38      docker0      0,00      0,00      0,00      0,00      0,00      0,00      0,00      0,00
21:57:38      ens2np0 822362,50  76616,00 1201420,21 111929,77      0,00      0,00      0,00     98,42
21:57:38      ens2np1      0,00      0,00      0,00      0,00      0,00      0,00      0,00      0,00

21:57:38        CPU      %usr     %nice      %sys   %iowait    %steal      %irq     %soft    %guest    %gnice     %idle
21:57:40        all      6,30      0,00      0,97      0,00      0,00      0,00      5,70      0,00      0,00     87,03
21:57:40          0      0,00      0,00      0,00      0,00      0,00      0,00     24,87      0,00      0,00     75,13
21:57:40          1      0,00      0,00      0,00      0,00      0,00      0,00     11,11      0,00      0,00     88,89
21:57:40          2      0,00      0,00      0,00      0,00      0,00      0,00     12,12      0,00      0,00     87,88
21:57:40          3     14,43      0,00      4,12      0,00      0,00      0,00     27,84      0,00      0,00     53,61
21:57:40          4      0,00      0,00      0,00      0,00      0,00      0,00      4,30      0,00      0,00     95,70
21:57:40          5      0,00      0,00      0,00      0,00      0,00      0,00      0,00      0,00      0,00    100,00
21:57:40          6      0,00      0,00      0,00      0,00      0,00      0,00     26,61      0,00      0,00     73,39
21:57:40          7      0,00      0,00      0,00      0,00      0,00      0,00      9,57      0,00      0,00     90,43
21:57:40          8      0,00      0,00      0,00      0,00      0,00      0,00      0,00      0,00      0,00    100,00
21:57:40          9      0,00      0,00      0,00      0,00      0,00      0,00      0,00      0,00      0,00    100,00
21:57:40         10      0,00      0,00      0,00      0,00      0,00      0,00      0,00      0,00      0,00    100,00
21:57:40         11     70,65      0,00      9,95      0,00      0,00      0,00      0,00      0,00      0,00     19,40
21:57:40         12      0,00      0,00      0,00      0,00      0,00      0,00      0,00      0,00      0,00    100,00
21:57:40         13      0,00      0,00      0,00      0,00      0,00      0,00      0,00      0,00      0,00    100,00
21:57:40         14      0,00      0,00      0,00      0,00      0,00      0,00      0,00      0,00      0,00    100,00
21:57:40         15      0,00      0,00      0,00      0,00      0,00      0,00      0,00      0,00      0,00    100,00

21:57:38        IFACE   rxpck/s   txpck/s    rxkB/s    txkB/s   rxcmp/s   txcmp/s  rxmcst/s   %ifutil
21:57:40           lo      0,00      0,00      0,00      0,00      0,00      0,00      0,00      0,00
21:57:40         eno1      3,00  84206,00      0,19 123347,90      0,00      0,00      1,00    101,05
21:57:40         eno2      0,00      0,00      0,00      0,00      0,00      0,00      0,00      0,00
21:57:40      docker0      0,00      0,00      0,00      0,00      0,00      0,00      0,00      0,00
21:57:40      ens2np0 822356,50  91211,00 1201411,45 133252,86      0,00      0,00      0,00     98,42
21:57:40      ens2np1      0,00      0,00      0,00      0,00      0,00      0,00      0,00      0,00

21:57:40        CPU      %usr     %nice      %sys   %iowait    %steal      %irq     %soft    %guest    %gnice     %idle
21:57:42        all      6,24      0,00      1,27      0,00      0,00      0,00      7,23      0,00      0,00     85,25
21:57:42          0      0,00      0,00      0,00      0,00      0,00      0,00     25,76      0,00      0,00     74,24
21:57:42          1      0,00      0,00      0,00      0,00      0,00      0,00     22,81      0,00      0,00     77,19
21:57:42          2      0,00      0,00      0,00      0,00      0,00      0,00     16,50      0,00      0,00     83,50
21:57:42          3     14,74      0,00      2,11      0,00      0,00      0,00     24,21      0,00      0,00     58,95
21:57:42          4      0,00      0,00      0,00      0,00      0,00      0,00      6,32      0,00      0,00     93,68
21:57:42          5      0,00      0,00      0,00      0,00      0,00      0,00      0,00      0,00      0,00    100,00
21:57:42          6      0,00      0,00      0,00      0,00      0,00      0,00     35,20      0,00      0,00     64,80
21:57:42          7      0,00      0,00      0,00      0,00      0,00      0,00     15,00      0,00      0,00     85,00
21:57:42          8      0,00      0,00      0,00      0,00      0,00      0,00      0,00      0,00      0,00    100,00
21:57:42          9      0,00      0,00      0,00      0,00      0,00      0,00      0,00      0,00      0,00    100,00
21:57:42         10      0,00      0,00      0,00      0,00      0,00      0,00      0,00      0,00      0,00    100,00
21:57:42         11     71,36      0,00     14,57      0,00      0,00      0,00      0,00      0,00      0,00     14,07
21:57:42         12      0,00      0,00      0,50      0,00      0,00      0,00      0,00      0,00      0,00     99,50
21:57:42         13      0,50      0,00      0,00      0,00      0,00      0,00      0,00      0,00      0,00     99,50
21:57:42         14      0,00      0,00      0,00      0,00      0,00      0,00      0,00      0,00      0,00    100,00
21:57:42         15      0,00      0,00      0,00      0,00      0,00      0,00      0,00      0,00      0,00    100,00

21:57:40        IFACE   rxpck/s   txpck/s    rxkB/s    txkB/s   rxcmp/s   txcmp/s  rxmcst/s   %ifutil
21:57:42           lo      0,00      0,00      0,00      0,00      0,00      0,00      0,00      0,00
21:57:42         eno1      5,00  84210,50      0,31 123354,52      0,00      0,00      1,50    101,05
21:57:42         eno2      0,00      0,00      0,00      0,00      0,00      0,00      0,00      0,00
21:57:42      docker0      0,00      0,00      0,00      0,00      0,00      0,00      0,00      0,00
21:57:42      ens2np0 822366,50  94952,50 1201426,06 138718,25      0,00      0,00      0,00     98,42
21:57:42      ens2np1      0,00      0,00      0,00      0,00      0,00      0,00      0,00      0,00

21:57:42        CPU      %usr     %nice      %sys   %iowait    %steal      %irq     %soft    %guest    %gnice     %idle
21:57:44        all      3,64      0,00      0,53      0,00      0,00      0,00      7,77      0,00      0,00     88,07
21:57:44          0      0,00      0,00      0,00      0,00      0,00      0,00     19,47      0,00      0,00     80,53
21:57:44          1      0,00      0,00      0,00      0,00      0,00      0,00      9,91      0,00      0,00     90,09
21:57:44          2      0,00      0,00      0,00      0,00      0,00      0,00     13,91      0,00      0,00     86,09
21:57:44          3     48,26      0,00      6,97      0,00      0,00      0,00     44,78      0,00      0,00      0,00
21:57:44          4      0,00      0,00      0,00      0,00      0,00      0,00      8,93      0,00      0,00     91,07
21:57:44          5      0,00      0,00      0,00      0,00      0,00      0,00      0,00      0,00      0,00    100,00
21:57:44          6      0,00      0,00      0,00      0,00      0,00      0,00     23,81      0,00      0,00     76,19
21:57:44          7      0,00      0,00      0,00      0,00      0,00      0,00     11,71      0,00      0,00     88,29
21:57:44          8      0,00      0,00      0,00      0,00      0,00      0,00      0,00      0,00      0,00    100,00
21:57:44          9      0,00      0,00      0,00      0,00      0,00      0,00      0,00      0,00      0,00    100,00
21:57:44         10      0,00      0,00      0,00      0,00      0,00      0,00      0,00      0,00      0,00    100,00
21:57:44         11      0,00      0,00      0,00      0,00      0,00      0,00      0,00      0,00      0,00    100,00
21:57:44         12      0,00      0,00      0,00      0,00      0,00      0,00      0,00      0,00      0,00    100,00
21:57:44         13      0,00      0,00      0,00      0,00      0,00      0,00      0,00      0,00      0,00    100,00
21:57:44         14      0,00      0,00      0,00      0,00      0,00      0,00      0,00      0,00      0,00    100,00
21:57:44         15      0,00      0,00      0,00      0,00      0,00      0,00      0,00      0,00      0,00    100,00

21:57:42        IFACE   rxpck/s   txpck/s    rxkB/s    txkB/s   rxcmp/s   txcmp/s  rxmcst/s   %ifutil
21:57:44           lo      0,00      0,00      0,00      0,00      0,00      0,00      0,00      0,00
21:57:44         eno1      6,00  65762,50      0,38  96331,85      0,00      0,00      1,00     78,92
21:57:44         eno2      0,00      0,00      0,00      0,00      0,00      0,00      0,00      0,00
21:57:44      docker0      0,00      0,00      0,00      0,00      0,00      0,00      0,00      0,00
21:57:44      ens2np0 822365,00  63914,00 1201423,87  93373,65      0,00      0,00      0,00     98,42
21:57:44      ens2np1      0,00      0,00      0,00      0,00      0,00      0,00      0,00      0,00

21:57:44        CPU      %usr     %nice      %sys   %iowait    %steal      %irq     %soft    %guest    %gnice     %idle
21:57:46        all      5,30      0,00      0,71      0,00      0,00      0,00      9,56      0,00      0,00     84,42
21:57:46          0      0,00      0,00      0,49      0,00      0,00      0,00     26,83      0,00      0,00     72,68
21:57:46          1      0,00      0,00      0,00      0,00      0,00      0,00     18,10      0,00      0,00     81,90
21:57:46          2      0,00      0,00      0,00      0,00      0,00      0,00     22,76      0,00      0,00     77,24
21:57:46          3     36,88      0,00      5,00      0,00      0,00      0,00     40,00      0,00      0,00     18,12
21:57:46          4      0,00      0,00      0,90      0,00      0,00      0,00     13,51      0,00      0,00     85,59
21:57:46          5      0,00      0,00      0,00      0,00      0,00      0,00     11,21      0,00      0,00     88,79
21:57:46          6      0,00      0,00      0,00      0,00      0,00      0,00     30,00      0,00      0,00     70,00
21:57:46          7      0,89      0,00      0,00      0,00      0,00      0,00     17,86      0,00      0,00     81,25
21:57:46          8      0,50      0,00      0,00      0,00      0,00      0,00      0,00      0,00      0,00     99,50
21:57:46          9      0,00      0,00      0,00      0,00      0,00      0,00      0,00      0,00      0,00    100,00
21:57:46         10      0,00      0,00      0,00      0,00      0,00      0,00      0,00      0,00      0,00    100,00
21:57:46         11     40,00      0,00      4,50      0,00      0,00      0,00      0,00      0,00      0,00     55,50
21:57:46         12      0,00      0,00      0,00      0,00      0,00      0,00      0,00      0,00      0,00    100,00
21:57:46         13      0,00      0,00      0,00      0,00      0,00      0,00      0,00      0,00      0,00    100,00
21:57:46         14      0,00      0,00      0,00      0,00      0,00      0,00      0,00      0,00      0,00    100,00
21:57:46         15      0,00      0,00      0,00      0,00      0,00      0,00      0,00      0,00      0,00    100,00

21:57:44        IFACE   rxpck/s   txpck/s    rxkB/s    txkB/s   rxcmp/s   txcmp/s  rxmcst/s   %ifutil
21:57:46           lo      0,00      0,00      0,00      0,00      0,00      0,00      0,00      0,00
21:57:46         eno1      3,50  63049,00      0,22  92354,81      0,00      0,00      1,00     75,66
21:57:46         eno2      0,00      0,00      0,00      0,00      0,00      0,00      0,00      0,00
21:57:46      docker0      0,00      0,00      0,00      0,00      0,00      0,00      0,00      0,00
21:57:46      ens2np0 822362,50  85935,00 1201420,21 125544,24      0,00      0,00      0,00     98,42
21:57:46      ens2np1      0,00      0,00      0,00      0,00      0,00      0,00      0,00      0,00

21:57:46        CPU      %usr     %nice      %sys   %iowait    %steal      %irq     %soft    %guest    %gnice     %idle
21:57:48        all      6,66      0,00      1,25      0,00      0,00      0,00      5,97      0,00      0,00     86,11
21:57:48          0      0,00      0,00      0,00      0,00      0,00      0,00     23,56      0,00      0,00     76,44
21:57:48          1      0,00      0,00      0,00      0,00      0,00      0,00      2,20      0,00      0,00     97,80
21:57:48          2      0,00      0,00      0,00      0,00      0,00      0,00      8,42      0,00      0,00     91,58
21:57:48          3      2,33      0,00      0,00      0,00      0,00      0,00     23,26      0,00      0,00     74,42
21:57:48          4      0,00      0,00      0,00      0,00      0,00      0,00      9,28      0,00      0,00     90,72
21:57:48          5      0,00      0,00      0,00      0,00      0,00      0,00      1,11      0,00      0,00     98,89
21:57:48          6      0,00      0,00      0,00      0,00      0,00      0,00     36,00      0,00      0,00     64,00
21:57:48          7      0,00      0,00      0,00      0,00      0,00      0,00     17,48      0,00      0,00     82,52
21:57:48          8      0,00      0,00      0,00      0,00      0,00      0,00      0,00      0,00      0,00    100,00
21:57:48          9      0,00      0,00      0,00      0,00      0,00      0,00      0,00      0,00      0,00    100,00
21:57:48         10      0,00      0,00      0,00      0,00      0,00      0,00      0,00      0,00      0,00    100,00
21:57:48         11     81,50      0,00     15,50      0,00      0,00      0,00      0,00      0,00      0,00      3,00
21:57:48         12      0,00      0,00      0,00      0,00      0,00      0,00      0,00      0,00      0,00    100,00
21:57:48         13      0,00      0,00      0,00      0,00      0,00      0,00      0,00      0,00      0,00    100,00
21:57:48         14      0,00      0,00      0,00      0,00      0,00      0,00      0,00      0,00      0,00    100,00
21:57:48         15      0,00      0,00      0,00      0,00      0,00      0,00      0,00      0,00      0,00    100,00

21:57:46        IFACE   rxpck/s   txpck/s    rxkB/s    txkB/s   rxcmp/s   txcmp/s  rxmcst/s   %ifutil
21:57:48           lo      0,00      0,00      0,00      0,00      0,00      0,00      0,00      0,00
21:57:48         eno1      1,00  42109,50      0,06  61683,84      0,00      0,00      0,50     50,53
21:57:48         eno2      0,00      0,00      0,00      0,00      0,00      0,00      0,00      0,00
21:57:48      docker0      0,00      0,00      0,00      0,00      0,00      0,00      0,00      0,00
21:57:48      ens2np0 822379,00 100956,50 1201444,32 147490,43      0,00      0,00      0,00     98,42
21:57:48      ens2np1      0,00      0,00      0,00      0,00      0,00      0,00      0,00      0,00

21:57:48        CPU      %usr     %nice      %sys   %iowait    %steal      %irq     %soft    %guest    %gnice     %idle
21:57:50        all      5,56      0,00      0,79      0,00      0,00      0,00      6,75      0,00      0,00     86,90
21:57:50          0      0,00      0,00      0,00      0,00      0,00      0,00     23,08      0,00      0,00     76,92
21:57:50          1      0,00      0,00      0,00      0,00      0,00      0,00      4,26      0,00      0,00     95,74
21:57:50          2      0,00      0,00      0,00      0,00      0,00      0,00     11,00      0,00      0,00     89,00
21:57:50          3     30,43      0,00      2,90      0,00      0,00      0,00     39,13      0,00      0,00     27,54
21:57:50          4      0,00      0,00      0,00      0,00      0,00      0,00      8,91      0,00      0,00     91,09
21:57:50          5      0,00      0,00      0,00      0,00      0,00      0,00      1,10      0,00      0,00     98,90
21:57:50          6      0,00      0,00      0,00      0,00      0,00      0,00     29,31      0,00      0,00     70,69
21:57:50          7      0,00      0,00      0,00      0,00      0,00      0,00     12,87      0,00      0,00     87,13
21:57:50          8      0,00      0,00      0,00      0,00      0,00      0,00      0,00      0,00      0,00    100,00
21:57:50          9      0,00      0,00      0,00      0,00      0,00      0,00      0,00      0,00      0,00    100,00
21:57:50         10      0,00      0,00      0,00      0,00      0,00      0,00      0,00      0,00      0,00    100,00
21:57:50         11     49,50      0,00      8,00      0,00      0,00      0,00      0,00      0,00      0,00     42,50
21:57:50         12      0,00      0,00      0,00      0,00      0,00      0,00      0,00      0,00      0,00    100,00
21:57:50         13      0,00      0,00      0,00      0,00      0,00      0,00      0,00      0,00      0,00    100,00
21:57:50         14      0,00      0,00      0,00      0,00      0,00      0,00      0,00      0,00      0,00    100,00
21:57:50         15      0,00      0,00      0,00      0,00      0,00      0,00      0,00      0,00      0,00    100,00

21:57:48        IFACE   rxpck/s   txpck/s    rxkB/s    txkB/s   rxcmp/s   txcmp/s  rxmcst/s   %ifutil
21:57:50           lo      0,00      0,00      0,00      0,00      0,00      0,00      0,00      0,00
21:57:50         eno1      5,00  84206,00      0,32 123348,63      0,00      0,00      1,50    101,05
21:57:50         eno2      0,00      0,00      0,00      0,00      0,00      0,00      0,00      0,00
21:57:50      docker0      0,00      0,00      0,00      0,00      0,00      0,00      0,00      0,00
21:57:50      ens2np0 822346,50  80074,00 1201396,84 116981,69      0,00      0,00      0,00     98,42
21:57:50      ens2np1      0,00      0,00      0,00      0,00      0,00      0,00      0,00      0,00

21:57:50        CPU      %usr     %nice      %sys   %iowait    %steal      %irq     %soft    %guest    %gnice     %idle
21:57:52        all      6,86      0,00      1,26      0,00      0,00      0,00      5,31      0,00      0,00     86,57
21:57:52          0      0,00      0,00      0,00      0,00      0,00      0,00     24,62      0,00      0,00     75,38
21:57:52          1      0,00      0,00      0,00      0,00      0,00      0,00      4,30      0,00      0,00     95,70
21:57:52          2      0,00      0,00      0,00      0,00      0,00      0,00     14,71      0,00      0,00     85,29
21:57:52          3      2,53      0,00      0,00      0,00      0,00      0,00     15,19      0,00      0,00     82,28
21:57:52          4      0,00      0,00      0,00      0,00      0,00      0,00      8,25      0,00      0,00     91,75
21:57:52          5      0,00      0,00      0,00      0,00      0,00      0,00      2,22      0,00      0,00     97,78
21:57:52          6      0,00      0,00      0,00      0,00      0,00      0,00     28,32      0,00      0,00     71,68
21:57:52          7      0,00      0,00      0,00      0,00      0,00      0,00     10,42      0,00      0,00     89,58
21:57:52          8      0,00      0,00      0,00      0,00      0,00      0,00      0,00      0,00      0,00    100,00
21:57:52          9      0,00      0,00      0,00      0,00      0,00      0,00      0,00      0,00      0,00    100,00
21:57:52         10      0,00      0,00      0,00      0,00      0,00      0,00      0,00      0,00      0,00    100,00
21:57:52         11     83,08      0,00     15,42      0,00      0,00      0,00      0,00      0,00      0,00      1,49
21:57:52         12      0,00      0,00      0,00      0,00      0,00      0,00      0,00      0,00      0,00    100,00
21:57:52         13      0,00      0,00      0,00      0,00      0,00      0,00      0,00      0,00      0,00    100,00
21:57:52         14      0,00      0,00      0,00      0,00      0,00      0,00      0,00      0,00      0,00    100,00
21:57:52         15      0,00      0,00      0,00      0,00      0,00      0,00      0,00      0,00      0,00    100,00

21:57:50        IFACE   rxpck/s   txpck/s    rxkB/s    txkB/s   rxcmp/s   txcmp/s  rxmcst/s   %ifutil
21:57:52           lo      0,00      0,00      0,00      0,00      0,00      0,00      0,00      0,00
21:57:52         eno1      4,00  84209,50      0,25 123353,03      0,00      0,00      1,00    101,05
21:57:52         eno2      0,00      0,00      0,00      0,00      0,00      0,00      0,00      0,00
21:57:52      docker0      0,00      0,00      0,00      0,00      0,00      0,00      0,00      0,00
21:57:52      ens2np0 822377,50 101482,00 1201442,13 148258,15      0,00      0,00      0,00     98,42
21:57:52      ens2np1      0,00      0,00      0,00      0,00      0,00      0,00      0,00      0,00

21:57:52        CPU      %usr     %nice      %sys   %iowait    %steal      %irq     %soft    %guest    %gnice     %idle
21:57:54        all      6,31      0,00      1,00      0,00      0,00      0,00      6,35      0,00      0,00     86,34
21:57:54          0      0,00      0,00      0,00      0,00      0,00      0,00     21,39      0,00      0,00     78,61
21:57:54          1      0,00      0,00      0,00      0,00      0,00      0,00     10,00      0,00      0,00     90,00
21:57:54          2      0,00      0,00      0,00      0,00      0,00      0,00      5,49      0,00      0,00     94,51
21:57:54          3     18,63      0,00      1,96      0,00      0,00      0,00     26,47      0,00      0,00     52,94
21:57:54          4      0,00      0,00      0,00      0,00      0,00      0,00     16,67      0,00      0,00     83,33
21:57:54          5      0,00      0,00      0,00      0,00      0,00      0,00      3,23      0,00      0,00     96,77
21:57:54          6      0,00      0,00      0,00      0,00      0,00      0,00     31,93      0,00      0,00     68,07
21:57:54          7      0,00      0,00      0,00      0,00      0,00      0,00     17,31      0,00      0,00     82,69
21:57:54          8      0,00      0,00      0,00      0,00      0,00      0,00      0,00      0,00      0,00    100,00
21:57:54          9      0,00      0,00      0,00      0,00      0,00      0,00      0,00      0,00      0,00    100,00
21:57:54         10      0,00      0,00      0,50      0,00      0,00      0,00      0,00      0,00      0,00     99,50
21:57:54         11     69,85      0,00     11,06      0,00      0,00      0,00      0,00      0,00      0,00     19,10
21:57:54         12      0,00      0,00      0,00      0,00      0,00      0,00      0,00      0,00      0,00    100,00
21:57:54         13      0,00      0,00      0,00      0,00      0,00      0,00      0,00      0,00      0,00    100,00
21:57:54         14      0,00      0,00      0,00      0,00      0,00      0,00      0,00      0,00      0,00    100,00
21:57:54         15      0,00      0,00      0,00      0,00      0,00      0,00      0,00      0,00      0,00    100,00

21:57:52        IFACE   rxpck/s   txpck/s    rxkB/s    txkB/s   rxcmp/s   txcmp/s  rxmcst/s   %ifutil
21:57:54           lo      0,00      0,00      0,00      0,00      0,00      0,00      0,00      0,00
21:57:54         eno1      8,00  84210,50      0,50 123355,96      0,00      0,00      1,00    101,05
21:57:54         eno2      0,00      0,00      0,00      0,00      0,00      0,00      0,00      0,00
21:57:54      docker0      0,00      0,00      0,00      0,00      0,00      0,00      0,00      0,00
21:57:54      ens2np0 822357,50  91422,50 1201412,91 133561,14      0,00      0,00      0,00     98,42
21:57:54      ens2np1      0,00      0,00      0,00      0,00      0,00      0,00      0,00      0,00

21:57:54        CPU      %usr     %nice      %sys   %iowait    %steal      %irq     %soft    %guest    %gnice     %idle
21:57:56        all      4,39      0,00      0,57      0,00      0,00      0,00      9,79      0,00      0,00     85,26
21:57:56          0      0,53      0,00      0,53      0,00      0,00      0,00     18,95      0,00      0,00     80,00
21:57:56          1      0,90      0,00      0,00      0,00      0,00      0,00     17,12      0,00      0,00     81,98
21:57:56          2      0,97      0,00      0,00      0,00      0,00      0,00     14,56      0,00      0,00     84,47
21:57:56          3     43,92      0,00      4,76      0,00      0,00      0,00     47,09      0,00      0,00      4,23
21:57:56          4      0,00      0,00      0,00      0,00      0,00      0,00     20,35      0,00      0,00     79,65
21:57:56          5      0,00      0,00      0,00      0,00      0,00      0,00     10,78      0,00      0,00     89,22
21:57:56          6      0,00      0,00      0,00      0,00      0,00      0,00     30,51      0,00      0,00     69,49
21:57:56          7      0,84      0,00      0,00      0,00      0,00      0,00     25,21      0,00      0,00     73,95
21:57:56          8      0,50      0,00      0,00      0,00      0,00      0,00      0,00      0,00      0,00     99,50
21:57:56          9      0,50      0,00      0,00      0,00      0,00      0,00      0,00      0,00      0,00     99,50
21:57:56         10      1,51      0,00      0,00      0,00      0,00      0,00      0,00      0,00      0,00     98,49
21:57:56         11     10,50      0,00      2,00      0,00      0,00      0,00      0,00      0,00      0,00     87,50
21:57:56         12      0,00      0,00      0,00      0,00      0,00      0,00      0,00      0,00      0,00    100,00
21:57:56         13      1,00      0,00      0,50      0,00      0,00      0,00      0,00      0,00      0,00     98,51
21:57:56         14      0,50      0,00      0,00      0,00      0,00      0,00      0,00      0,00      0,00     99,50
21:57:56         15      0,00      0,00      0,00      0,00      0,00      0,00      0,00      0,00      0,00    100,00

21:57:54        IFACE   rxpck/s   txpck/s    rxkB/s    txkB/s   rxcmp/s   txcmp/s  rxmcst/s   %ifutil
21:57:56           lo      0,00      0,00      0,00      0,00      0,00      0,00      0,00      0,00
21:57:56         eno1      5,50  84210,00      0,35 123354,49      0,00      0,00      1,00    101,05
21:57:56         eno2      0,00      0,00      0,00      0,00      0,00      0,00      0,00      0,00
21:57:56      docker0      0,00      0,00      0,00      0,00      0,00      0,00      0,00      0,00
21:57:56      ens2np0 822366,50  55958,00 1201426,06  81750,43      0,00      0,00      0,00     98,42
21:57:56      ens2np1      0,00      0,00      0,00      0,00      0,00      0,00      0,00      0,00

21:57:56        CPU      %usr     %nice      %sys   %iowait    %steal      %irq     %soft    %guest    %gnice     %idle
21:57:58        all      5,25      0,00      0,95      0,00      0,00      0,00      6,36      0,00      0,00     87,44
21:57:58          0      0,00      0,00      0,00      0,00      0,00      0,00     19,35      0,00      0,00     80,65
21:57:58          1      0,00      0,00      0,00      0,00      0,00      0,00      2,17      0,00      0,00     97,83
21:57:58          2      0,00      0,00      0,00      0,00      0,00      0,00     10,20      0,00      0,00     89,80
21:57:58          3     25,56      0,00      3,01      0,00      0,00      0,00     42,86      0,00      0,00     28,57
21:57:58          4      0,00      0,00      0,00      0,00      0,00      0,00      9,90      0,00      0,00     90,10
21:57:58          5      0,00      0,00      0,00      0,00      0,00      0,00      0,00      0,00      0,00    100,00
21:57:58          6      0,00      0,00      0,00      0,00      0,00      0,00     29,57      0,00      0,00     70,43
21:57:58          7      0,00      0,00      0,00      0,00      0,00      0,00     11,22      0,00      0,00     88,78
21:57:58          8      0,00      0,00      0,00      0,00      0,00      0,00      0,00      0,00      0,00    100,00
21:57:58          9      0,00      0,00      0,00      0,00      0,00      0,00      0,00      0,00      0,00    100,00
21:57:58         10      0,00      0,00      0,00      0,00      0,00      0,00      0,00      0,00      0,00    100,00
21:57:58         11     48,26      0,00      9,95      0,00      0,00      0,00      0,00      0,00      0,00     41,79
21:57:58         12      0,50      0,00      0,00      0,00      0,00      0,00      0,00      0,00      0,00     99,50
21:57:58         13      0,00      0,00      0,00      0,00      0,00      0,00      0,00      0,00      0,00    100,00
21:57:58         14      0,00      0,00      0,00      0,00      0,00      0,00      0,00      0,00      0,00    100,00
21:57:58         15      0,00      0,00      0,00      0,00      0,00      0,00      0,00      0,00      0,00    100,00

21:57:56        IFACE   rxpck/s   txpck/s    rxkB/s    txkB/s   rxcmp/s   txcmp/s  rxmcst/s   %ifutil
21:57:58           lo      0,00      0,00      0,00      0,00      0,00      0,00      0,00      0,00
21:57:58         eno1      2,49  83793,03      0,16 122743,70      0,00      0,00      1,00    100,55
21:57:58         eno2      0,00      0,00      0,00      0,00      0,00      0,00      0,00      0,00
21:57:58      docker0      0,00      0,00      0,00      0,00      0,00      0,00      0,00      0,00
21:57:58      ens2np0 818277,61  80316,42 1195452,45 117335,85      0,00      0,00      0,00     97,93
21:57:58      ens2np1      0,00      0,00      0,00      0,00      0,00      0,00      0,00      0,00

21:57:58        CPU      %usr     %nice      %sys   %iowait    %steal      %irq     %soft    %guest    %gnice     %idle
21:58:00        all      6,43      0,00      1,08      0,00      0,00      0,00      6,63      0,00      0,00     85,87
21:58:00          0      0,00      0,00      0,00      0,00      0,00      0,00     26,00      0,00      0,00     74,00
21:58:00          1      0,00      0,00      0,00      0,00      0,00      0,00      6,32      0,00      0,00     93,68
21:58:00          2      0,00      0,00      0,00      0,00      0,00      0,00     12,00      0,00      0,00     88,00
21:58:00          3     11,46      0,00      2,08      0,00      0,00      0,00     25,00      0,00      0,00     61,46
21:58:00          4      0,00      0,00      0,00      0,00      0,00      0,00      9,18      0,00      0,00     90,82
21:58:00          5      0,00      0,00      0,00      0,00      0,00      0,00      5,38      0,00      0,00     94,62
21:58:00          6      0,00      0,00      0,00      0,00      0,00      0,00     34,68      0,00      0,00     65,32
21:58:00          7      0,00      0,00      0,00      0,00      0,00      0,00     14,85      0,00      0,00     85,15
21:58:00          8      0,00      0,00      0,00      0,00      0,00      0,00      0,00      0,00      0,00    100,00
21:58:00          9      0,00      0,00      0,00      0,00      0,00      0,00      0,00      0,00      0,00    100,00
21:58:00         10      0,00      0,00      0,00      0,00      0,00      0,00      0,00      0,00      0,00    100,00
21:58:00         11     75,38      0,00     12,56      0,00      0,00      0,00      0,00      0,00      0,00     12,06
21:58:00         12      0,00      0,00      0,00      0,00      0,00      0,00      0,00      0,00      0,00    100,00
21:58:00         13      0,00      0,00      0,00      0,00      0,00      0,00      0,00      0,00      0,00    100,00
21:58:00         14      0,00      0,00      0,00      0,00      0,00      0,00      0,00      0,00      0,00    100,00
21:58:00         15      0,00      0,00      0,00      0,00      0,00      0,00      0,00      0,00      0,00    100,00

21:57:58        IFACE   rxpck/s   txpck/s    rxkB/s    txkB/s   rxcmp/s   txcmp/s  rxmcst/s   %ifutil
21:58:00           lo      0,00      0,00      0,00      0,00      0,00      0,00      0,00      0,00
21:58:00         eno1      5,50  84209,00      0,35 123353,03      0,00      0,00      1,00    101,05
21:58:00         eno2      0,00      0,00      0,00      0,00      0,00      0,00      0,00      0,00
21:58:00      docker0      0,00      0,00      0,00      0,00      0,00      0,00      0,00      0,00
21:58:00      ens2np0 822365,00  95791,00 1201423,87 139943,95      0,00      0,00      0,00     98,42
21:58:00      ens2np1      0,00      0,00      0,00      0,00      0,00      0,00      0,00      0,00

Average:        CPU      %usr     %nice      %sys   %iowait    %steal      %irq     %soft    %guest    %gnice     %idle
Average:        all      5,89      0,00      0,66      0,00      0,00      0,00      5,19      0,00      0,00     88,26
Average:          0     25,80      0,00      0,61      0,00      0,00      0,00     17,22      0,00      0,00     56,37
Average:          1      0,10      0,00      0,00      0,00      0,00      0,00      9,43      0,00      0,00     90,48
Average:          2      0,13      0,00      0,06      0,00      0,00      0,00      8,94      0,00      0,00     90,86
Average:          3     17,73      0,00      2,23      0,00      0,00      0,00     23,61      0,00      0,00     56,42
Average:          4      0,03      0,00      0,03      0,00      0,00      0,00      5,79      0,00      0,00     94,14
Average:          5      0,10      0,00      0,07      0,03      0,00      0,00      3,03      0,00      0,00     96,77
Average:          6      0,03      0,00      0,03      0,00      0,00      0,00     20,68      0,00      0,00     79,27
Average:          7      0,10      0,00      0,03      0,00      0,00      0,00      8,63      0,00      0,00     91,24
Average:          8      4,74      0,00      0,30      0,00      0,00      0,00      0,00      0,00      0,00     94,96
Average:          9      0,08      0,00      0,00      0,02      0,00      0,00      0,00      0,00      0,00     99,90
Average:         10      0,18      0,00      0,06      0,02      0,00      0,00      0,00      0,00      0,00     99,74
Average:         11     35,61      0,00      6,02      0,00      0,00      0,00      0,00      0,00      0,00     58,37
Average:         12      0,14      0,00      0,06      0,00      0,00      0,00      0,00      0,00      0,00     99,80
Average:         13      0,12      0,00      0,04      0,00      0,00      0,00      0,00      0,00      0,00     99,84
Average:         14      0,06      0,00      0,00      0,00      0,00      0,00      0,00      0,00      0,00     99,94
Average:         15      0,04      0,00      0,02      0,00      0,00      0,00      0,00      0,00      0,00     99,94

Average:        IFACE   rxpck/s   txpck/s    rxkB/s    txkB/s   rxcmp/s   txcmp/s  rxmcst/s   %ifutil
Average:           lo      0,00      0,00      0,00      0,00      0,00      0,00      0,00      0,00
Average:         eno1      4,98  61698,68      0,41  90377,73      0,00      0,00      1,06     74,04
Average:         eno2      0,00      0,00      0,00      0,00      0,00      0,00      0,00      0,00
Average:      docker0      0,00      0,00      0,00      0,00      0,00      0,00      0,00      0,00
Average:      ens2np0 644691,88  67240,61 941854,55  98233,48      0,00      0,00      0,00     77,16
Average:      ens2np1      0,00      0,00      0,00      0,00      0,00      0,00      0,00      0,00
