Linux 5.13.0-52-generic (w1) 	20/07/2022 	_x86_64_	(16 CPU)

18:45:49        CPU      %usr     %nice      %sys   %iowait    %steal      %irq     %soft    %guest    %gnice     %idle
18:45:51        all      6,37      0,00      0,00      0,00      0,00      0,00      0,00      0,00      0,00     93,63
18:45:51          0      0,00      0,00      0,00      0,00      0,00      0,00      0,00      0,00      0,00    100,00
18:45:51          1      1,00      0,00      0,00      0,00      0,00      0,00      0,00      0,00      0,00     99,00
18:45:51          2      0,50      0,00      0,00      0,00      0,00      0,00      0,00      0,00      0,00     99,50
18:45:51          3    100,00      0,00      0,00      0,00      0,00      0,00      0,00      0,00      0,00      0,00
18:45:51          4      0,00      0,00      0,00      0,00      0,00      0,00      0,00      0,00      0,00    100,00
18:45:51          5      0,00      0,00      0,00      0,00      0,00      0,00      0,00      0,00      0,00    100,00
18:45:51          6      0,00      0,00      0,00      0,00      0,00      0,00      0,00      0,00      0,00    100,00
18:45:51          7      0,50      0,00      0,00      0,00      0,00      0,00      0,00      0,00      0,00     99,50
18:45:51          8      0,00      0,00      0,00      0,00      0,00      0,00      0,00      0,00      0,00    100,00
18:45:51          9      0,00      0,00      0,00      0,00      0,00      0,00      0,00      0,00      0,00    100,00
18:45:51         10      0,00      0,00      0,00      0,00      0,00      0,00      0,00      0,00      0,00    100,00
18:45:51         11      0,00      0,00      0,00      0,00      0,00      0,00      0,00      0,00      0,00    100,00
18:45:51         12      0,00      0,00      0,00      0,00      0,00      0,00      0,00      0,00      0,00    100,00
18:45:51         13      0,00      0,00      0,00      0,00      0,00      0,00      0,00      0,00      0,00    100,00
18:45:51         14      0,00      0,00      0,00      0,00      0,00      0,00      0,00      0,00      0,00    100,00
18:45:51         15      0,00      0,00      0,00      0,00      0,00      0,00      0,00      0,00      0,00    100,00

18:45:49        IFACE   rxpck/s   txpck/s    rxkB/s    txkB/s   rxcmp/s   txcmp/s  rxmcst/s   %ifutil
18:45:51           lo      0,00      0,00      0,00      0,00      0,00      0,00      0,00      0,00
18:45:51         eno1     18,00     19,50      3,54      3,52      0,00      0,00      1,50      0,00
18:45:51         eno2      0,00      0,00      0,00      0,00      0,00      0,00      0,00      0,00
18:45:51      docker0      0,00      0,00      0,00      0,00      0,00      0,00      0,00      0,00
18:45:51      ens2np0      0,00      0,00      0,00      0,00      0,00      0,00      0,00      0,00
18:45:51      ens2np1      0,00      0,00      0,00      0,00      0,00      0,00      0,00      0,00

18:45:51        CPU      %usr     %nice      %sys   %iowait    %steal      %irq     %soft    %guest    %gnice     %idle
18:45:53        all      6,25      0,00      0,00      0,00      0,00      0,00      0,00      0,00      0,00     93,75
18:45:53          0      0,00      0,00      0,00      0,00      0,00      0,00      0,00      0,00      0,00    100,00
18:45:53          1      0,00      0,00      0,00      0,00      0,00      0,00      0,00      0,00      0,00    100,00
18:45:53          2      0,00      0,00      0,00      0,00      0,00      0,00      0,00      0,00      0,00    100,00
18:45:53          3    100,00      0,00      0,00      0,00      0,00      0,00      0,00      0,00      0,00      0,00
18:45:53          4      0,00      0,00      0,00      0,00      0,00      0,00      0,00      0,00      0,00    100,00
18:45:53          5      0,00      0,00      0,00      0,00      0,00      0,00      0,00      0,00      0,00    100,00
18:45:53          6      0,00      0,00      0,00      0,00      0,00      0,00      0,00      0,00      0,00    100,00
18:45:53          7      0,00      0,00      0,00      0,00      0,00      0,00      0,00      0,00      0,00    100,00
18:45:53          8      0,00      0,00      0,00      0,00      0,00      0,00      0,00      0,00      0,00    100,00
18:45:53          9      0,00      0,00      0,00      0,00      0,00      0,00      0,00      0,00      0,00    100,00
18:45:53         10      0,00      0,00      0,00      0,00      0,00      0,00      0,00      0,00      0,00    100,00
18:45:53         11      0,00      0,00      0,00      0,00      0,00      0,00      0,00      0,00      0,00    100,00
18:45:53         12      0,00      0,00      0,00      0,00      0,00      0,00      0,00      0,00      0,00    100,00
18:45:53         13      0,00      0,00      0,00      0,00      0,00      0,00      0,00      0,00      0,00    100,00
18:45:53         14      0,00      0,00      0,00      0,00      0,00      0,00      0,00      0,00      0,00    100,00
18:45:53         15      0,00      0,00      0,00      0,00      0,00      0,00      0,00      0,00      0,00    100,00

18:45:51        IFACE   rxpck/s   txpck/s    rxkB/s    txkB/s   rxcmp/s   txcmp/s  rxmcst/s   %ifutil
18:45:53           lo      0,00      0,00      0,00      0,00      0,00      0,00      0,00      0,00
18:45:53         eno1      4,50      1,00      0,29      0,08      0,00      0,00      1,00      0,00
18:45:53         eno2      0,00      0,00      0,00      0,00      0,00      0,00      0,00      0,00
18:45:53      docker0      0,00      0,00      0,00      0,00      0,00      0,00      0,00      0,00
18:45:53      ens2np0      0,00      0,00      0,00      0,00      0,00      0,00      0,00      0,00
18:45:53      ens2np1      0,00      0,00      0,00      0,00      0,00      0,00      0,00      0,00

18:45:53        CPU      %usr     %nice      %sys   %iowait    %steal      %irq     %soft    %guest    %gnice     %idle
18:45:55        all      6,25      0,00      0,00      0,00      0,00      0,00      0,00      0,00      0,00     93,75
18:45:55          0      0,00      0,00      0,00      0,00      0,00      0,00      0,00      0,00      0,00    100,00
18:45:55          1      0,00      0,00      0,00      0,00      0,00      0,00      0,00      0,00      0,00    100,00
18:45:55          2      0,00      0,00      0,00      0,00      0,00      0,00      0,00      0,00      0,00    100,00
18:45:55          3    100,00      0,00      0,00      0,00      0,00      0,00      0,00      0,00      0,00      0,00
18:45:55          4      0,00      0,00      0,00      0,00      0,00      0,00      0,00      0,00      0,00    100,00
18:45:55          5      0,00      0,00      0,00      0,00      0,00      0,00      0,00      0,00      0,00    100,00
18:45:55          6      0,00      0,00      0,00      0,00      0,00      0,00      0,00      0,00      0,00    100,00
18:45:55          7      0,00      0,00      0,00      0,00      0,00      0,00      0,00      0,00      0,00    100,00
18:45:55          8      0,00      0,00      0,00      0,00      0,00      0,00      0,00      0,00      0,00    100,00
18:45:55          9      0,00      0,00      0,00      0,00      0,00      0,00      0,00      0,00      0,00    100,00
18:45:55         10      0,00      0,00      0,00      0,00      0,00      0,00      0,00      0,00      0,00    100,00
18:45:55         11      0,00      0,00      0,00      0,00      0,00      0,00      0,00      0,00      0,00    100,00
18:45:55         12      0,00      0,00      0,00      0,00      0,00      0,00      0,00      0,00      0,00    100,00
18:45:55         13      0,00      0,00      0,00      0,00      0,00      0,00      0,00      0,00      0,00    100,00
18:45:55         14      0,00      0,00      0,00      0,00      0,00      0,00      0,00      0,00      0,00    100,00
18:45:55         15      0,00      0,00      0,00      0,00      0,00      0,00      0,00      0,00      0,00    100,00

18:45:53        IFACE   rxpck/s   txpck/s    rxkB/s    txkB/s   rxcmp/s   txcmp/s  rxmcst/s   %ifutil
18:45:55           lo      0,00      0,00      0,00      0,00      0,00      0,00      0,00      0,00
18:45:55         eno1      4,00      1,50      0,27      0,11      0,00      0,00      1,00      0,00
18:45:55         eno2      0,00      0,00      0,00      0,00      0,00      0,00      0,00      0,00
18:45:55      docker0      0,00      0,00      0,00      0,00      0,00      0,00      0,00      0,00
18:45:55      ens2np0      0,00      0,00      0,00      0,00      0,00      0,00      0,00      0,00
18:45:55      ens2np1      0,00      0,00      0,00      0,00      0,00      0,00      0,00      0,00

18:45:55        CPU      %usr     %nice      %sys   %iowait    %steal      %irq     %soft    %guest    %gnice     %idle
18:45:57        all      6,77      0,00      0,12      0,00      0,00      0,00      0,06      0,00      0,00     93,04
18:45:57          0      0,49      0,00      0,00      0,00      0,00      0,00      0,99      0,00      0,00     98,52
18:45:57          1      0,50      0,00      0,00      0,00      0,00      0,00      0,00      0,00      0,00     99,50
18:45:57          2      1,01      0,00      0,00      0,00      0,00      0,00      0,00      0,00      0,00     98,99
18:45:57          3    100,00      0,00      0,00      0,00      0,00      0,00      0,00      0,00      0,00      0,00
18:45:57          4      1,00      0,00      0,00      0,00      0,00      0,00      0,00      0,00      0,00     99,00
18:45:57          5      0,51      0,00      0,51      0,00      0,00      0,00      0,00      0,00      0,00     98,99
18:45:57          6      0,50      0,00      0,00      0,00      0,00      0,00      0,00      0,00      0,00     99,50
18:45:57          7      0,99      0,00      0,99      0,00      0,00      0,00      0,00      0,00      0,00     98,02
18:45:57          8      1,00      0,00      0,00      0,00      0,00      0,00      0,00      0,00      0,00     99,00
18:45:57          9      0,50      0,00      0,00      0,00      0,00      0,00      0,00      0,00      0,00     99,50
18:45:57         10      0,00      0,00      0,50      0,00      0,00      0,00      0,00      0,00      0,00     99,50
18:45:57         11      0,00      0,00      0,00      0,00      0,00      0,00      0,00      0,00      0,00    100,00
18:45:57         12      1,00      0,00      0,00      0,00      0,00      0,00      0,00      0,00      0,00     99,00
18:45:57         13      0,50      0,00      0,00      0,00      0,00      0,00      0,00      0,00      0,00     99,50
18:45:57         14      0,00      0,00      0,00      0,00      0,00      0,00      0,00      0,00      0,00    100,00
18:45:57         15      0,50      0,00      0,00      0,00      0,00      0,00      0,00      0,00      0,00     99,50

18:45:55        IFACE   rxpck/s   txpck/s    rxkB/s    txkB/s   rxcmp/s   txcmp/s  rxmcst/s   %ifutil
18:45:57           lo      0,00      0,00      0,00      0,00      0,00      0,00      0,00      0,00
18:45:57         eno1      4,50      2,00      0,41      0,14      0,00      0,00      1,00      0,00
18:45:57         eno2      0,00      0,00      0,00      0,00      0,00      0,00      0,00      0,00
18:45:57      docker0      0,00      0,00      0,00      0,00      0,00      0,00      0,00      0,00
18:45:57      ens2np0      0,00      0,00      0,00      0,00      0,00      0,00      0,00      0,00
18:45:57      ens2np1      0,00      0,00      0,00      0,00      0,00      0,00      0,00      0,00

18:45:57        CPU      %usr     %nice      %sys   %iowait    %steal      %irq     %soft    %guest    %gnice     %idle
18:45:59        all      6,25      0,00      0,00      0,00      0,00      0,00      0,00      0,00      0,00     93,75
18:45:59          0      0,00      0,00      0,00      0,00      0,00      0,00      0,00      0,00      0,00    100,00
18:45:59          1      0,00      0,00      0,00      0,00      0,00      0,00      0,00      0,00      0,00    100,00
18:45:59          2      0,00      0,00      0,00      0,00      0,00      0,00      0,00      0,00      0,00    100,00
18:45:59          3    100,00      0,00      0,00      0,00      0,00      0,00      0,00      0,00      0,00      0,00
18:45:59          4      0,00      0,00      0,00      0,00      0,00      0,00      0,00      0,00      0,00    100,00
18:45:59          5      0,00      0,00      0,00      0,00      0,00      0,00      0,00      0,00      0,00    100,00
18:45:59          6      0,00      0,00      0,00      0,00      0,00      0,00      0,00      0,00      0,00    100,00
18:45:59          7      0,00      0,00      0,00      0,00      0,00      0,00      0,00      0,00      0,00    100,00
18:45:59          8      0,00      0,00      0,00      0,00      0,00      0,00      0,00      0,00      0,00    100,00
18:45:59          9      0,00      0,00      0,00      0,00      0,00      0,00      0,00      0,00      0,00    100,00
18:45:59         10      0,00      0,00      0,00      0,00      0,00      0,00      0,00      0,00      0,00    100,00
18:45:59         11      0,00      0,00      0,00      0,00      0,00      0,00      0,00      0,00      0,00    100,00
18:45:59         12      0,00      0,00      0,00      0,00      0,00      0,00      0,00      0,00      0,00    100,00
18:45:59         13      0,00      0,00      0,00      0,00      0,00      0,00      0,00      0,00      0,00    100,00
18:45:59         14      0,00      0,00      0,00      0,00      0,00      0,00      0,00      0,00      0,00    100,00
18:45:59         15      0,00      0,00      0,00      0,00      0,00      0,00      0,00      0,00      0,00    100,00

18:45:57        IFACE   rxpck/s   txpck/s    rxkB/s    txkB/s   rxcmp/s   txcmp/s  rxmcst/s   %ifutil
18:45:59           lo      0,00      0,00      0,00      0,00      0,00      0,00      0,00      0,00
18:45:59         eno1      1,00      0,00      0,06      0,00      0,00      0,00      0,50      0,00
18:45:59         eno2      0,00      0,00      0,00      0,00      0,00      0,00      0,00      0,00
18:45:59      docker0      0,00      0,00      0,00      0,00      0,00      0,00      0,00      0,00
18:45:59      ens2np0      0,00      0,00      0,00      0,00      0,00      0,00      0,00      0,00
18:45:59      ens2np1      0,00      0,00      0,00      0,00      0,00      0,00      0,00      0,00

18:45:59        CPU      %usr     %nice      %sys   %iowait    %steal      %irq     %soft    %guest    %gnice     %idle
18:46:01        all      6,19      0,00      0,13      0,03      0,00      0,00      5,68      0,00      0,00     87,97
18:46:01          0      0,00      0,00      0,00      0,00      0,00      0,00     28,86      0,00      0,00     71,14
18:46:01          1      0,00      0,00      0,00      0,00      0,00      0,00     61,81      0,00      0,00     38,19
18:46:01          2      0,00      0,00      0,00      0,00      0,00      0,00      0,00      0,00      0,00    100,00
18:46:01          3     98,49      0,00      1,51      0,00      0,00      0,00      0,00      0,00      0,00      0,00
18:46:01          4      0,00      0,00      0,00      0,50      0,00      0,00      0,00      0,00      0,00     99,50
18:46:01          5      0,00      0,00      0,50      0,00      0,00      0,00      0,00      0,00      0,00     99,50
18:46:01          6      0,00      0,00      0,00      0,00      0,00      0,00      0,00      0,00      0,00    100,00
18:46:01          7      0,00      0,00      0,00      0,00      0,00      0,00      0,00      0,00      0,00    100,00
18:46:01          8      0,00      0,00      0,00      0,00      0,00      0,00      0,00      0,00      0,00    100,00
18:46:01          9      0,00      0,00      0,00      0,00      0,00      0,00      0,00      0,00      0,00    100,00
18:46:01         10      0,00      0,00      0,00      0,00      0,00      0,00      0,00      0,00      0,00    100,00
18:46:01         11      0,00      0,00      0,00      0,00      0,00      0,00      0,00      0,00      0,00    100,00
18:46:01         12      0,00      0,00      0,00      0,00      0,00      0,00      0,00      0,00      0,00    100,00
18:46:01         13      0,00      0,00      0,00      0,00      0,00      0,00      0,00      0,00      0,00    100,00
18:46:01         14      0,00      0,00      0,00      0,00      0,00      0,00      0,00      0,00      0,00    100,00
18:46:01         15      0,50      0,00      0,00      0,00      0,00      0,00      0,00      0,00      0,00     99,50

18:45:59        IFACE   rxpck/s   txpck/s    rxkB/s    txkB/s   rxcmp/s   txcmp/s  rxmcst/s   %ifutil
18:46:01           lo      0,00      0,00      0,00      0,00      0,00      0,00      0,00      0,00
18:46:01         eno1      3,50  11396,00      0,23  16689,85      0,00      0,00      1,00     13,67
18:46:01         eno2      0,00      0,00      0,00      0,00      0,00      0,00      0,00      0,00
18:46:01      docker0      0,00      0,00      0,00      0,00      0,00      0,00      0,00      0,00
18:46:01      ens2np0 463717,50  17521,00 677462,29  25302,35      0,00      0,00      0,00     55,50
18:46:01      ens2np1      0,00      0,00      0,00      0,00      0,00      0,00      0,00      0,00

18:46:01        CPU      %usr     %nice      %sys   %iowait    %steal      %irq     %soft    %guest    %gnice     %idle
18:46:03        all      6,15      0,00      0,22      0,03      0,00      0,00      9,36      0,00      0,00     84,24
18:46:03          0      0,00      0,00      0,00      0,00      0,00      0,00     46,34      0,00      0,00     53,66
18:46:03          1      0,00      0,00      0,00      0,00      0,00      0,00    100,00      0,00      0,00      0,00
18:46:03          2      0,00      0,00      0,00      0,00      0,00      0,00      0,00      0,00      0,00    100,00
18:46:03          3     88,56      0,00      3,48      0,00      0,00      0,00      0,00      0,00      0,00      7,96
18:46:03          4      0,00      0,00      0,00      0,00      0,00      0,00      0,00      0,00      0,00    100,00
18:46:03          5      0,00      0,00      0,00      0,00      0,00      0,00      0,00      0,00      0,00    100,00
18:46:03          6      0,00      0,00      0,00      0,00      0,00      0,00      1,20      0,00      0,00     98,80
18:46:03          7      0,00      0,00      0,00      0,00      0,00      0,00      0,00      0,00      0,00    100,00
18:46:03          8      0,00      0,00      0,00      0,00      0,00      0,00      0,00      0,00      0,00    100,00
18:46:03          9      0,00      0,00      0,00      0,00      0,00      0,00      0,00      0,00      0,00    100,00
18:46:03         10      0,00      0,00      0,00      0,00      0,00      0,00      0,00      0,00      0,00    100,00
18:46:03         11      7,96      0,00      0,00      0,00      0,00      0,00      0,00      0,00      0,00     92,04
18:46:03         12      0,00      0,00      0,00      0,00      0,00      0,00      0,00      0,00      0,00    100,00
18:46:03         13      0,00      0,00      0,00      0,00      0,00      0,00      0,00      0,00      0,00    100,00
18:46:03         14      0,00      0,00      0,00      0,50      0,00      0,00      0,00      0,00      0,00     99,50
18:46:03         15      0,50      0,00      0,00      0,00      0,00      0,00      0,00      0,00      0,00     99,50

18:46:01        IFACE   rxpck/s   txpck/s    rxkB/s    txkB/s   rxcmp/s   txcmp/s  rxmcst/s   %ifutil
18:46:03           lo      0,00      0,00      0,00      0,00      0,00      0,00      0,00      0,00
18:46:03         eno1      4,50  84211,50      0,29 123354,57      0,00      0,00      1,00    101,05
18:46:03         eno2      0,00      0,00      0,00      0,00      0,00      0,00      0,00      0,00
18:46:03      docker0      0,00      0,00      0,00      0,00      0,00      0,00      0,00      0,00
18:46:03      ens2np0 749257,00  28272,50 1094617,65  41303,65      0,00      0,00      0,00     89,67
18:46:03      ens2np1      0,00      0,00      0,00      0,00      0,00      0,00      0,00      0,00

18:46:03        CPU      %usr     %nice      %sys   %iowait    %steal      %irq     %soft    %guest    %gnice     %idle
18:46:05        all      6,20      0,00      0,13      0,00      0,00      0,00      9,04      0,00      0,00     84,63
18:46:05          0      0,00      0,00      0,00      0,00      0,00      0,00     43,88      0,00      0,00     56,12
18:46:05          1      0,00      0,00      0,00      0,00      0,00      0,00    100,00      0,00      0,00      0,00
18:46:05          2      0,00      0,00      0,00      0,00      0,00      0,00      0,00      0,00      0,00    100,00
18:46:05          3     98,00      0,00      2,00      0,00      0,00      0,00      0,00      0,00      0,00      0,00
18:46:05          4      0,00      0,00      0,00      0,00      0,00      0,00      0,00      0,00      0,00    100,00
18:46:05          5      0,00      0,00      0,00      0,00      0,00      0,00      0,00      0,00      0,00    100,00
18:46:05          6      0,00      0,00      0,00      0,00      0,00      0,00      0,00      0,00      0,00    100,00
18:46:05          7      0,00      0,00      0,00      0,00      0,00      0,00      0,00      0,00      0,00    100,00
18:46:05          8      0,00      0,00      0,00      0,00      0,00      0,00      0,00      0,00      0,00    100,00
18:46:05          9      0,00      0,00      0,00      0,00      0,00      0,00      0,00      0,00      0,00    100,00
18:46:05         10      0,00      0,00      0,00      0,00      0,00      0,00      0,00      0,00      0,00    100,00
18:46:05         11      0,00      0,00      0,00      0,00      0,00      0,00      0,00      0,00      0,00    100,00
18:46:05         12      0,00      0,00      0,00      0,00      0,00      0,00      0,00      0,00      0,00    100,00
18:46:05         13      0,00      0,00      0,00      0,00      0,00      0,00      0,00      0,00      0,00    100,00
18:46:05         14      0,00      0,00      0,00      0,00      0,00      0,00      0,00      0,00      0,00    100,00
18:46:05         15      0,00      0,00      0,00      0,00      0,00      0,00      0,00      0,00      0,00    100,00

18:46:03        IFACE   rxpck/s   txpck/s    rxkB/s    txkB/s   rxcmp/s   txcmp/s  rxmcst/s   %ifutil
18:46:05           lo      0,00      0,00      0,00      0,00      0,00      0,00      0,00      0,00
18:46:05         eno1      4,50  84211,50      0,30 123354,61      0,00      0,00      1,00    101,05
18:46:05         eno2      0,00      0,00      0,00      0,00      0,00      0,00      0,00      0,00
18:46:05      docker0      0,00      0,00      0,00      0,00      0,00      0,00      0,00      0,00
18:46:05      ens2np0 750077,00  28241,00 1095815,62  41256,92      0,00      0,00      0,00     89,77
18:46:05      ens2np1      0,00      0,00      0,00      0,00      0,00      0,00      0,00      0,00

18:46:05        CPU      %usr     %nice      %sys   %iowait    %steal      %irq     %soft    %guest    %gnice     %idle
18:46:07        all      6,39      0,00      0,38      0,00      0,00      0,00      9,23      0,00      0,00     84,00
18:46:07          0      0,00      0,00      0,00      0,00      0,00      0,00     44,95      0,00      0,00     55,05
18:46:07          1      0,00      0,00      0,00      0,00      0,00      0,00    100,00      0,00      0,00      0,00
18:46:07          2      0,50      0,00      0,00      0,00      0,00      0,00      0,50      0,00      0,00     99,00
18:46:07          3     97,00      0,00      3,00      0,00      0,00      0,00      0,00      0,00      0,00      0,00
18:46:07          4      0,00      0,00      0,50      0,00      0,00      0,00      0,00      0,00      0,00     99,50
18:46:07          5      0,00      0,00      0,00      0,00      0,00      0,00      0,00      0,00      0,00    100,00
18:46:07          6      0,60      0,00      0,60      0,00      0,00      0,00      1,19      0,00      0,00     97,62
18:46:07          7      1,00      0,00      0,00      0,00      0,00      0,00      0,00      0,00      0,00     99,00
18:46:07          8      0,00      0,00      0,50      0,00      0,00      0,00      0,00      0,00      0,00     99,50
18:46:07          9      0,00      0,00      0,00      0,00      0,00      0,00      0,00      0,00      0,00    100,00
18:46:07         10      1,00      0,00      0,50      0,00      0,00      0,00      0,00      0,00      0,00     98,51
18:46:07         11      0,00      0,00      0,00      0,00      0,00      0,00      0,00      0,00      0,00    100,00
18:46:07         12      0,00      0,00      0,00      0,00      0,00      0,00      0,00      0,00      0,00    100,00
18:46:07         13      1,00      0,00      0,50      0,00      0,00      0,00      0,00      0,00      0,00     98,51
18:46:07         14      0,00      0,00      0,00      0,00      0,00      0,00      0,00      0,00      0,00    100,00
18:46:07         15      0,00      0,00      0,50      0,00      0,00      0,00      0,00      0,00      0,00     99,50

18:46:05        IFACE   rxpck/s   txpck/s    rxkB/s    txkB/s   rxcmp/s   txcmp/s  rxmcst/s   %ifutil
18:46:07           lo      0,00      0,00      0,00      0,00      0,00      0,00      0,00      0,00
18:46:07         eno1      2,50  84211,00      0,23 123355,30      0,00      0,00      1,50    101,05
18:46:07         eno2      0,00      0,00      0,00      0,00      0,00      0,00      0,00      0,00
18:46:07      docker0      0,00      0,00      0,00      0,00      0,00      0,00      0,00      0,00
18:46:07      ens2np0 749719,50  28256,50 1095293,33  41280,27      0,00      0,00      0,00     89,73
18:46:07      ens2np1      0,00      0,00      0,00      0,00      0,00      0,00      0,00      0,00

18:46:07        CPU      %usr     %nice      %sys   %iowait    %steal      %irq     %soft    %guest    %gnice     %idle
18:46:09        all      6,03      0,00      0,28      0,00      0,00      0,00      9,26      0,00      0,00     84,42
18:46:09          0      0,00      0,00      0,00      0,00      0,00      0,00     45,27      0,00      0,00     54,73
18:46:09          1      0,00      0,00      0,00      0,00      0,00      0,00    100,00      0,00      0,00      0,00
18:46:09          2      0,00      0,00      0,00      0,00      0,00      0,00      0,50      0,00      0,00     99,50
18:46:09          3     95,50      0,00      4,50      0,00      0,00      0,00      0,00      0,00      0,00      0,00
18:46:09          4      0,00      0,00      0,00      0,00      0,00      0,00      0,00      0,00      0,00    100,00
18:46:09          5      0,00      0,00      0,00      0,00      0,00      0,00      0,00      0,00      0,00    100,00
18:46:09          6      0,00      0,00      0,00      0,00      0,00      0,00      0,60      0,00      0,00     99,40
18:46:09          7      0,00      0,00      0,00      0,00      0,00      0,00      0,00      0,00      0,00    100,00
18:46:09          8      0,00      0,00      0,00      0,00      0,00      0,00      0,00      0,00      0,00    100,00
18:46:09          9      0,00      0,00      0,00      0,00      0,00      0,00      0,00      0,00      0,00    100,00
18:46:09         10      0,00      0,00      0,00      0,00      0,00      0,00      0,00      0,00      0,00    100,00
18:46:09         11      0,00      0,00      0,00      0,00      0,00      0,00      0,00      0,00      0,00    100,00
18:46:09         12      0,00      0,00      0,00      0,00      0,00      0,00      0,00      0,00      0,00    100,00
18:46:09         13      0,00      0,00      0,00      0,00      0,00      0,00      0,00      0,00      0,00    100,00
18:46:09         14      0,00      0,00      0,00      0,00      0,00      0,00      0,00      0,00      0,00    100,00
18:46:09         15      0,00      0,00      0,00      0,00      0,00      0,00      0,00      0,00      0,00    100,00

18:46:07        IFACE   rxpck/s   txpck/s    rxkB/s    txkB/s   rxcmp/s   txcmp/s  rxmcst/s   %ifutil
18:46:09           lo      0,00      0,00      0,00      0,00      0,00      0,00      0,00      0,00
18:46:09         eno1      4,50  84211,50      0,30 123354,57      0,00      0,00      1,00    101,05
18:46:09         eno2      0,00      0,00      0,00      0,00      0,00      0,00      0,00      0,00
18:46:09      docker0      0,00      0,00      0,00      0,00      0,00      0,00      0,00      0,00
18:46:09      ens2np0 749520,50  28257,00 1095002,61  41280,29      0,00      0,00      0,00     89,70
18:46:09      ens2np1      0,00      0,00      0,00      0,00      0,00      0,00      0,00      0,00

18:46:09        CPU      %usr     %nice      %sys   %iowait    %steal      %irq     %soft    %guest    %gnice     %idle
18:46:11        all      6,22      0,00      0,22      0,00      0,00      0,00      9,16      0,00      0,00     84,40
18:46:11          0      0,00      0,00      0,00      0,00      0,00      0,00     45,00      0,00      0,00     55,00
18:46:11          1      0,00      0,00      0,00      0,00      0,00      0,00    100,00      0,00      0,00      0,00
18:46:11          2      0,00      0,00      0,00      0,00      0,00      0,00      0,00      0,00      0,00    100,00
18:46:11          3     97,00      0,00      3,00      0,00      0,00      0,00      0,00      0,00      0,00      0,00
18:46:11          4      0,00      0,00      0,00      0,00      0,00      0,00      0,00      0,00      0,00    100,00
18:46:11          5      0,00      0,00      0,00      0,00      0,00      0,00      0,00      0,00      0,00    100,00
18:46:11          6      0,00      0,00      0,00      0,00      0,00      0,00      0,00      0,00      0,00    100,00
18:46:11          7      0,00      0,00      0,00      0,00      0,00      0,00      0,00      0,00      0,00    100,00
18:46:11          8      0,00      0,00      0,00      0,00      0,00      0,00      0,00      0,00      0,00    100,00
18:46:11          9      0,00      0,00      0,00      0,00      0,00      0,00      0,00      0,00      0,00    100,00
18:46:11         10      0,00      0,00      0,00      0,00      0,00      0,00      0,00      0,00      0,00    100,00
18:46:11         11      0,00      0,00      0,00      0,00      0,00      0,00      0,00      0,00      0,00    100,00
18:46:11         12      1,00      0,00      0,00      0,00      0,00      0,00      0,00      0,00      0,00     99,00
18:46:11         13      0,00      0,00      0,50      0,00      0,00      0,00      0,00      0,00      0,00     99,50
18:46:11         14      0,00      0,00      0,00      0,00      0,00      0,00      0,00      0,00      0,00    100,00
18:46:11         15      0,50      0,00      0,00      0,00      0,00      0,00      0,00      0,00      0,00     99,50

18:46:09        IFACE   rxpck/s   txpck/s    rxkB/s    txkB/s   rxcmp/s   txcmp/s  rxmcst/s   %ifutil
18:46:11           lo      0,00      0,00      0,00      0,00      0,00      0,00      0,00      0,00
18:46:11         eno1      2,50  84210,00      0,16 123355,22      0,00      0,00      1,00    101,05
18:46:11         eno2      0,00      0,00      0,00      0,00      0,00      0,00      0,00      0,00
18:46:11      docker0      0,00      0,00      0,00      0,00      0,00      0,00      0,00      0,00
18:46:11      ens2np0 749853,50  28256,50 1095489,10  41280,27      0,00      0,00      0,00     89,74
18:46:11      ens2np1      0,00      0,00      0,00      0,00      0,00      0,00      0,00      0,00

18:46:11        CPU      %usr     %nice      %sys   %iowait    %steal      %irq     %soft    %guest    %gnice     %idle
18:46:13        all      6,05      0,00      0,25      0,00      0,00      0,00      9,45      0,00      0,00     84,26
18:46:13          0      0,00      0,00      0,00      0,00      0,00      0,00     47,39      0,00      0,00     52,61
18:46:13          1      0,00      0,00      0,00      0,00      0,00      0,00    100,00      0,00      0,00      0,00
18:46:13          2      0,00      0,00      0,00      0,00      0,00      0,00      0,00      0,00      0,00    100,00
18:46:13          3     96,00      0,00      4,00      0,00      0,00      0,00      0,00      0,00      0,00      0,00
18:46:13          4      0,00      0,00      0,00      0,00      0,00      0,00      0,00      0,00      0,00    100,00
18:46:13          5      0,00      0,00      0,00      0,00      0,00      0,00      0,00      0,00      0,00    100,00
18:46:13          6      0,00      0,00      0,00      0,00      0,00      0,00      0,00      0,00      0,00    100,00
18:46:13          7      0,00      0,00      0,00      0,00      0,00      0,00      0,00      0,00      0,00    100,00
18:46:13          8      0,00      0,00      0,00      0,00      0,00      0,00      0,00      0,00      0,00    100,00
18:46:13          9      0,00      0,00      0,00      0,00      0,00      0,00      0,00      0,00      0,00    100,00
18:46:13         10      0,00      0,00      0,00      0,00      0,00      0,00      0,00      0,00      0,00    100,00
18:46:13         11      0,00      0,00      0,00      0,00      0,00      0,00      0,00      0,00      0,00    100,00
18:46:13         12      0,00      0,00      0,00      0,00      0,00      0,00      0,00      0,00      0,00    100,00
18:46:13         13      0,00      0,00      0,00      0,00      0,00      0,00      0,00      0,00      0,00    100,00
18:46:13         14      0,00      0,00      0,00      0,00      0,00      0,00      0,00      0,00      0,00    100,00
18:46:13         15      0,00      0,00      0,00      0,00      0,00      0,00      0,00      0,00      0,00    100,00

18:46:11        IFACE   rxpck/s   txpck/s    rxkB/s    txkB/s   rxcmp/s   txcmp/s  rxmcst/s   %ifutil
18:46:13           lo      0,00      0,00      0,00      0,00      0,00      0,00      0,00      0,00
18:46:13         eno1      5,00  84212,00      0,33 123354,64      0,00      0,00      1,50    101,05
18:46:13         eno2      0,00      0,00      0,00      0,00      0,00      0,00      0,00      0,00
18:46:13      docker0      0,00      0,00      0,00      0,00      0,00      0,00      0,00      0,00
18:46:13      ens2np0 749734,50  28289,00 1095315,25  41327,04      0,00      0,00      0,00     89,73
18:46:13      ens2np1      0,00      0,00      0,00      0,00      0,00      0,00      0,00      0,00

18:46:13        CPU      %usr     %nice      %sys   %iowait    %steal      %irq     %soft    %guest    %gnice     %idle
18:46:15        all      6,18      0,00      0,16      0,00      0,00      0,00      9,30      0,00      0,00     84,36
18:46:15          0      0,00      0,00      0,00      0,00      0,00      0,00     46,04      0,00      0,00     53,96
18:46:15          1      0,00      0,00      0,00      0,00      0,00      0,00    100,00      0,00      0,00      0,00
18:46:15          2      0,00      0,00      0,00      0,00      0,00      0,00      0,00      0,00      0,00    100,00
18:46:15          3     98,00      0,00      2,00      0,00      0,00      0,00      0,00      0,00      0,00      0,00
18:46:15          4      0,00      0,00      0,00      0,00      0,00      0,00      0,00      0,00      0,00    100,00
18:46:15          5      0,00      0,00      0,00      0,00      0,00      0,00      0,00      0,00      0,00    100,00
18:46:15          6      0,00      0,00      0,00      0,00      0,00      0,00      1,18      0,00      0,00     98,82
18:46:15          7      0,00      0,00      0,00      0,00      0,00      0,00      0,00      0,00      0,00    100,00
18:46:15          8      0,00      0,00      0,00      0,00      0,00      0,00      0,00      0,00      0,00    100,00
18:46:15          9      0,00      0,00      0,00      0,00      0,00      0,00      0,00      0,00      0,00    100,00
18:46:15         10      0,00      0,00      0,00      0,00      0,00      0,00      0,00      0,00      0,00    100,00
18:46:15         11      0,00      0,00      0,00      0,00      0,00      0,00      0,00      0,00      0,00    100,00
18:46:15         12      0,00      0,00      0,00      0,00      0,00      0,00      0,00      0,00      0,00    100,00
18:46:15         13      0,00      0,00      0,50      0,00      0,00      0,00      0,00      0,00      0,00     99,50
18:46:15         14      0,00      0,00      0,00      0,00      0,00      0,00      0,00      0,00      0,00    100,00
18:46:15         15      0,00      0,00      0,00      0,00      0,00      0,00      0,00      0,00      0,00    100,00

18:46:13        IFACE   rxpck/s   txpck/s    rxkB/s    txkB/s   rxcmp/s   txcmp/s  rxmcst/s   %ifutil
18:46:15           lo      0,00      0,00      0,00      0,00      0,00      0,00      0,00      0,00
18:46:15         eno1      3,50  84210,50      0,22 123354,49      0,00      0,00      1,00    101,05
18:46:15         eno2      0,00      0,00      0,00      0,00      0,00      0,00      0,00      0,00
18:46:15      docker0      0,00      0,00      0,00      0,00      0,00      0,00      0,00      0,00
18:46:15      ens2np0 750114,50  28240,50 1095870,40  41256,90      0,00      0,00      0,00     89,77
18:46:15      ens2np1      0,00      0,00      0,00      0,00      0,00      0,00      0,00      0,00

18:46:15        CPU      %usr     %nice      %sys   %iowait    %steal      %irq     %soft    %guest    %gnice     %idle
18:46:17        all      6,66      0,00      0,28      0,00      0,00      0,00      9,22      0,00      0,00     83,83
18:46:17          0      1,00      0,00      0,00      0,00      0,00      0,00     44,50      0,00      0,00     54,50
18:46:17          1      0,00      0,00      0,00      0,00      0,00      0,00    100,00      0,00      0,00      0,00
18:46:17          2      1,00      0,00      1,00      0,00      0,00      0,00      0,00      0,00      0,00     98,01
18:46:17          3     97,99      0,00      1,51      0,00      0,00      0,00      0,00      0,00      0,00      0,50
18:46:17          4      1,00      0,00      0,50      0,00      0,00      0,00      0,00      0,00      0,00     98,51
18:46:17          5      0,50      0,00      0,00      0,00      0,00      0,00      0,00      0,00      0,00     99,50
18:46:17          6      0,59      0,00      0,00      0,00      0,00      0,00      1,78      0,00      0,00     97,63
18:46:17          7      1,00      0,00      0,50      0,00      0,00      0,00      0,00      0,00      0,00     98,50
18:46:17          8      1,00      0,00      0,00      0,00      0,00      0,00      0,00      0,00      0,00     99,00
18:46:17          9      0,00      0,00      0,00      0,00      0,00      0,00      0,00      0,00      0,00    100,00
18:46:17         10      0,51      0,00      0,00      0,00      0,00      0,00      0,00      0,00      0,00     99,49
18:46:17         11      0,50      0,00      0,50      0,00      0,00      0,00      0,00      0,00      0,00     99,00
18:46:17         12      0,50      0,00      0,50      0,00      0,00      0,00      0,00      0,00      0,00     99,00
18:46:17         13      0,00      0,00      0,00      0,00      0,00      0,00      0,00      0,00      0,00    100,00
18:46:17         14      0,00      0,00      0,00      0,00      0,00      0,00      0,00      0,00      0,00    100,00
18:46:17         15      0,50      0,00      0,00      0,00      0,00      0,00      0,00      0,00      0,00     99,50

18:46:15        IFACE   rxpck/s   txpck/s    rxkB/s    txkB/s   rxcmp/s   txcmp/s  rxmcst/s   %ifutil
18:46:17           lo      0,00      0,00      0,00      0,00      0,00      0,00      0,00      0,00
18:46:17         eno1      1,00  84210,50      0,06 123355,26      0,00      0,00      1,00    101,05
18:46:17         eno2      0,00      0,00      0,00      0,00      0,00      0,00      0,00      0,00
18:46:17      docker0      0,00      0,00      0,00      0,00      0,00      0,00      0,00      0,00
18:46:17      ens2np0 750157,50  28257,00 1095933,22  41280,29      0,00      0,00      0,00     89,78
18:46:17      ens2np1      0,00      0,00      0,00      0,00      0,00      0,00      0,00      0,00

18:46:17        CPU      %usr     %nice      %sys   %iowait    %steal      %irq     %soft    %guest    %gnice     %idle
18:46:19        all      6,05      0,00      0,32      0,00      0,00      0,00      9,27      0,00      0,00     84,36
18:46:19          0      0,00      0,00      0,00      0,00      0,00      0,00     45,81      0,00      0,00     54,19
18:46:19          1      0,00      0,00      0,50      0,00      0,00      0,00     99,50      0,00      0,00      0,00
18:46:19          2      0,00      0,00      0,00      0,00      0,00      0,00      0,00      0,00      0,00    100,00
18:46:19          3     95,52      0,00      4,48      0,00      0,00      0,00      0,00      0,00      0,00      0,00
18:46:19          4      0,00      0,00      0,00      0,00      0,00      0,00      0,00      0,00      0,00    100,00
18:46:19          5      0,00      0,00      0,00      0,00      0,00      0,00      0,00      0,00      0,00    100,00
18:46:19          6      0,00      0,00      0,00      0,00      0,00      0,00      0,60      0,00      0,00     99,40
18:46:19          7      0,00      0,00      0,00      0,00      0,00      0,00      0,00      0,00      0,00    100,00
18:46:19          8      0,00      0,00      0,00      0,00      0,00      0,00      0,00      0,00      0,00    100,00
18:46:19          9      0,00      0,00      0,00      0,00      0,00      0,00      0,00      0,00      0,00    100,00
18:46:19         10      0,00      0,00      0,00      0,00      0,00      0,00      0,00      0,00      0,00    100,00
18:46:19         11      0,00      0,00      0,00      0,00      0,00      0,00      0,00      0,00      0,00    100,00
18:46:19         12      0,00      0,00      0,00      0,00      0,00      0,00      0,00      0,00      0,00    100,00
18:46:19         13      0,00      0,00      0,00      0,00      0,00      0,00      0,00      0,00      0,00    100,00
18:46:19         14      0,00      0,00      0,00      0,00      0,00      0,00      0,00      0,00      0,00    100,00
18:46:19         15      0,00      0,00      0,00      0,00      0,00      0,00      0,00      0,00      0,00    100,00

18:46:17        IFACE   rxpck/s   txpck/s    rxkB/s    txkB/s   rxcmp/s   txcmp/s  rxmcst/s   %ifutil
18:46:19           lo      0,00      0,00      0,00      0,00      0,00      0,00      0,00      0,00
18:46:19         eno1      3,50  84210,00      0,22 123354,49      0,00      0,00      1,00    101,05
18:46:19         eno2      0,00      0,00      0,00      0,00      0,00      0,00      0,00      0,00
18:46:19      docker0      0,00      0,00      0,00      0,00      0,00      0,00      0,00      0,00
18:46:19      ens2np0 750254,00  28272,50 1096074,20  41303,65      0,00      0,00      0,00     89,79
18:46:19      ens2np1      0,00      0,00      0,00      0,00      0,00      0,00      0,00      0,00

18:46:19        CPU      %usr     %nice      %sys   %iowait    %steal      %irq     %soft    %guest    %gnice     %idle
18:46:21        all      6,06      0,00      0,22      0,00      0,00      0,00      9,31      0,00      0,00     84,42
18:46:21          0      0,00      0,00      0,00      0,00      0,00      0,00     46,34      0,00      0,00     53,66
18:46:21          1      0,00      0,00      0,00      0,00      0,00      0,00    100,00      0,00      0,00      0,00
18:46:21          2      0,00      0,00      0,00      0,00      0,00      0,00      0,00      0,00      0,00    100,00
18:46:21          3     96,48      0,00      3,52      0,00      0,00      0,00      0,00      0,00      0,00      0,00
18:46:21          4      0,00      0,00      0,00      0,00      0,00      0,00      0,00      0,00      0,00    100,00
18:46:21          5      0,00      0,00      0,00      0,00      0,00      0,00      0,00      0,00      0,00    100,00
18:46:21          6      0,00      0,00      0,00      0,00      0,00      0,00      0,00      0,00      0,00    100,00
18:46:21          7      0,00      0,00      0,00      0,00      0,00      0,00      0,00      0,00      0,00    100,00
18:46:21          8      0,00      0,00      0,00      0,00      0,00      0,00      0,00      0,00      0,00    100,00
18:46:21          9      0,00      0,00      0,00      0,00      0,00      0,00      0,00      0,00      0,00    100,00
18:46:21         10      0,00      0,00      0,00      0,00      0,00      0,00      0,00      0,00      0,00    100,00
18:46:21         11      0,00      0,00      0,00      0,00      0,00      0,00      0,00      0,00      0,00    100,00
18:46:21         12      0,00      0,00      0,00      0,00      0,00      0,00      0,00      0,00      0,00    100,00
18:46:21         13      0,00      0,00      0,00      0,00      0,00      0,00      0,00      0,00      0,00    100,00
18:46:21         14      0,00      0,00      0,00      0,00      0,00      0,00      0,00      0,00      0,00    100,00
18:46:21         15      0,00      0,00      0,00      0,00      0,00      0,00      0,00      0,00      0,00    100,00

18:46:19        IFACE   rxpck/s   txpck/s    rxkB/s    txkB/s   rxcmp/s   txcmp/s  rxmcst/s   %ifutil
18:46:21           lo      0,00      0,00      0,00      0,00      0,00      0,00      0,00      0,00
18:46:21         eno1      2,50  84211,00      0,16 123355,22      0,00      0,00      1,00    101,05
18:46:21         eno2      0,00      0,00      0,00      0,00      0,00      0,00      0,00      0,00
18:46:21      docker0      0,00      0,00      0,00      0,00      0,00      0,00      0,00      0,00
18:46:21      ens2np0 750800,50  28273,00 1096872,61  41303,67      0,00      0,00      0,00     89,86
18:46:21      ens2np1      0,00      0,00      0,00      0,00      0,00      0,00      0,00      0,00

18:46:21        CPU      %usr     %nice      %sys   %iowait    %steal      %irq     %soft    %guest    %gnice     %idle
18:46:23        all      6,00      0,00      0,35      0,00      0,00      0,00      9,22      0,00      0,00     84,43
18:46:23          0      0,00      0,00      0,00      0,00      0,00      0,00     45,27      0,00      0,00     54,73
18:46:23          1      0,00      0,00      0,00      0,00      0,00      0,00    100,00      0,00      0,00      0,00
18:46:23          2      0,00      0,00      0,00      0,00      0,00      0,00      0,00      0,00      0,00    100,00
18:46:23          3     95,00      0,00      5,00      0,00      0,00      0,00      0,00      0,00      0,00      0,00
18:46:23          4      0,00      0,00      0,00      0,00      0,00      0,00      0,00      0,00      0,00    100,00
18:46:23          5      0,00      0,00      0,00      0,00      0,00      0,00      0,00      0,00      0,00    100,00
18:46:23          6      0,00      0,00      0,00      0,00      0,00      0,00      0,60      0,00      0,00     99,40
18:46:23          7      0,00      0,00      0,00      0,00      0,00      0,00      0,00      0,00      0,00    100,00
18:46:23          8      0,00      0,00      0,00      0,00      0,00      0,00      0,00      0,00      0,00    100,00
18:46:23          9      0,00      0,00      0,00      0,00      0,00      0,00      0,00      0,00      0,00    100,00
18:46:23         10      0,00      0,00      0,00      0,00      0,00      0,00      0,00      0,00      0,00    100,00
18:46:23         11      0,00      0,00      0,00      0,00      0,00      0,00      0,00      0,00      0,00    100,00
18:46:23         12      0,00      0,00      0,50      0,00      0,00      0,00      0,00      0,00      0,00     99,50
18:46:23         13      0,00      0,00      0,00      0,00      0,00      0,00      0,00      0,00      0,00    100,00
18:46:23         14      0,00      0,00      0,00      0,00      0,00      0,00      0,00      0,00      0,00    100,00
18:46:23         15      0,00      0,00      0,00      0,00      0,00      0,00      0,00      0,00      0,00    100,00

18:46:21        IFACE   rxpck/s   txpck/s    rxkB/s    txkB/s   rxcmp/s   txcmp/s  rxmcst/s   %ifutil
18:46:23           lo      0,00      0,00      0,00      0,00      0,00      0,00      0,00      0,00
18:46:23         eno1      2,50  84210,50      0,16 123355,26      0,00      0,00      1,00    101,05
18:46:23         eno2      0,00      0,00      0,00      0,00      0,00      0,00      0,00      0,00
18:46:23      docker0      0,00      0,00      0,00      0,00      0,00      0,00      0,00      0,00
18:46:23      ens2np0 750801,00  28272,50 1096873,34  41303,65      0,00      0,00      0,00     89,86
18:46:23      ens2np1      0,00      0,00      0,00      0,00      0,00      0,00      0,00      0,00

18:46:23        CPU      %usr     %nice      %sys   %iowait    %steal      %irq     %soft    %guest    %gnice     %idle
18:46:25        all      6,19      0,00      0,19      0,00      0,00      0,00      9,13      0,00      0,00     84,49
18:46:25          0      0,00      0,00      0,00      0,00      0,00      0,00     44,72      0,00      0,00     55,28
18:46:25          1      0,00      0,00      0,00      0,00      0,00      0,00    100,00      0,00      0,00      0,00
18:46:25          2      0,00      0,00      0,00      0,00      0,00      0,00      0,00      0,00      0,00    100,00
18:46:25          3     97,51      0,00      2,49      0,00      0,00      0,00      0,00      0,00      0,00      0,00
18:46:25          4      0,00      0,00      0,00      0,00      0,00      0,00      0,00      0,00      0,00    100,00
18:46:25          5      0,00      0,00      0,00      0,00      0,00      0,00      0,00      0,00      0,00    100,00
18:46:25          6      0,00      0,00      0,00      0,00      0,00      0,00      0,00      0,00      0,00    100,00
18:46:25          7      0,00      0,00      0,00      0,00      0,00      0,00      0,00      0,00      0,00    100,00
18:46:25          8      0,00      0,00      0,00      0,00      0,00      0,00      0,00      0,00      0,00    100,00
18:46:25          9      0,00      0,00      0,00      0,00      0,00      0,00      0,00      0,00      0,00    100,00
18:46:25         10      0,00      0,00      0,00      0,00      0,00      0,00      0,00      0,00      0,00    100,00
18:46:25         11      0,00      0,00      0,00      0,00      0,00      0,00      0,00      0,00      0,00    100,00
18:46:25         12      0,00      0,00      0,00      0,00      0,00      0,00      0,00      0,00      0,00    100,00
18:46:25         13      0,00      0,00      0,50      0,00      0,00      0,00      0,00      0,00      0,00     99,50
18:46:25         14      0,00      0,00      0,00      0,00      0,00      0,00      0,00      0,00      0,00    100,00
18:46:25         15      0,00      0,00      0,00      0,00      0,00      0,00      0,00      0,00      0,00    100,00

18:46:23        IFACE   rxpck/s   txpck/s    rxkB/s    txkB/s   rxcmp/s   txcmp/s  rxmcst/s   %ifutil
18:46:25           lo      0,00      0,00      0,00      0,00      0,00      0,00      0,00      0,00
18:46:25         eno1      3,50  84211,00      0,22 123353,84      0,00      0,00      1,00    101,05
18:46:25         eno2      0,00      0,00      0,00      0,00      0,00      0,00      0,00      0,00
18:46:25      docker0      0,00      0,00      0,00      0,00      0,00      0,00      0,00      0,00
18:46:25      ens2np0 750579,50  28241,00 1096549,74  41256,92      0,00      0,00      0,00     89,83
18:46:25      ens2np1      0,00      0,00      0,00      0,00      0,00      0,00      0,00      0,00

18:46:25        CPU      %usr     %nice      %sys   %iowait    %steal      %irq     %soft    %guest    %gnice     %idle
18:46:27        all      6,02      0,00      0,28      0,03      0,00      0,00      9,27      0,00      0,00     84,39
18:46:27          0      0,00      0,00      0,00      0,00      0,00      0,00     46,08      0,00      0,00     53,92
18:46:27          1      0,00      0,00      0,50      0,00      0,00      0,00     99,50      0,00      0,00      0,00
18:46:27          2      0,00      0,00      0,00      0,00      0,00      0,00      0,00      0,00      0,00    100,00
18:46:27          3     85,00      0,00      3,50      0,00      0,00      0,00      0,00      0,00      0,00     11,50
18:46:27          4      0,00      0,00      0,00      0,00      0,00      0,00      0,00      0,00      0,00    100,00
18:46:27          5      0,00      0,00      0,00      0,00      0,00      0,00      0,00      0,00      0,00    100,00
18:46:27          6      0,00      0,00      0,00      0,00      0,00      0,00      0,60      0,00      0,00     99,40
18:46:27          7      0,00      0,00      0,00      0,00      0,00      0,00      0,00      0,00      0,00    100,00
18:46:27          8      0,00      0,00      0,00      0,00      0,00      0,00      0,00      0,00      0,00    100,00
18:46:27          9      0,00      0,00      0,00      0,00      0,00      0,00      0,00      0,00      0,00    100,00
18:46:27         10      0,00      0,00      0,00      0,00      0,00      0,00      0,00      0,00      0,00    100,00
18:46:27         11     10,50      0,00      0,50      0,00      0,00      0,00      0,00      0,00      0,00     89,00
18:46:27         12      0,00      0,00      0,00      0,00      0,00      0,00      0,00      0,00      0,00    100,00
18:46:27         13      0,00      0,00      0,00      0,00      0,00      0,00      0,00      0,00      0,00    100,00
18:46:27         14      0,00      0,00      0,00      0,50      0,00      0,00      0,00      0,00      0,00     99,50
18:46:27         15      0,00      0,00      0,00      0,00      0,00      0,00      0,00      0,00      0,00    100,00

18:46:25        IFACE   rxpck/s   txpck/s    rxkB/s    txkB/s   rxcmp/s   txcmp/s  rxmcst/s   %ifutil
18:46:27           lo      0,00      0,00      0,00      0,00      0,00      0,00      0,00      0,00
18:46:27         eno1      4,00  84210,50      0,25 123355,26      0,00      0,00      1,00    101,05
18:46:27         eno2      0,00      0,00      0,00      0,00      0,00      0,00      0,00      0,00
18:46:27      docker0      0,00      0,00      0,00      0,00      0,00      0,00      0,00      0,00
18:46:27      ens2np0 750292,50  28240,50 1096130,45  41256,90      0,00      0,00      0,00     89,80
18:46:27      ens2np1      0,00      0,00      0,00      0,00      0,00      0,00      0,00      0,00

18:46:27        CPU      %usr     %nice      %sys   %iowait    %steal      %irq     %soft    %guest    %gnice     %idle
18:46:29        all      6,17      0,00      0,38      0,00      0,00      0,00      9,36      0,00      0,00     84,09
18:46:29          0      0,00      0,00      0,00      0,00      0,00      0,00     45,77      0,00      0,00     54,23
18:46:29          1      0,00      0,00      0,00      0,00      0,00      0,00    100,00      0,00      0,00      0,00
18:46:29          2      0,00      0,00      0,50      0,00      0,00      0,00      0,00      0,00      0,00     99,50
18:46:29          3     95,50      0,00      4,50      0,00      0,00      0,00      0,00      0,00      0,00      0,00
18:46:29          4      0,00      0,00      0,00      0,00      0,00      0,00      0,00      0,00      0,00    100,00
18:46:29          5      0,00      0,00      0,00      0,00      0,00      0,00      0,00      0,00      0,00    100,00
18:46:29          6      0,00      0,00      0,00      0,00      0,00      0,00      2,35      0,00      0,00     97,65
18:46:29          7      0,51      0,00      0,00      0,00      0,00      0,00      0,00      0,00      0,00     99,49
18:46:29          8      0,00      0,00      0,50      0,00      0,00      0,00      0,00      0,00      0,00     99,50
18:46:29          9      0,00      0,00      0,00      0,00      0,00      0,00      0,00      0,00      0,00    100,00
18:46:29         10      1,51      0,00      0,00      0,00      0,00      0,00      0,00      0,00      0,00     98,49
18:46:29         11      0,00      0,00      0,00      0,00      0,00      0,00      0,00      0,00      0,00    100,00
18:46:29         12      0,00      0,00      0,00      0,00      0,00      0,00      0,00      0,00      0,00    100,00
18:46:29         13      0,00      0,00      0,50      0,00      0,00      0,00      0,00      0,00      0,00     99,50
18:46:29         14      0,00      0,00      0,00      0,00      0,00      0,00      0,00      0,00      0,00    100,00
18:46:29         15      0,00      0,00      0,00      0,00      0,00      0,00      0,00      0,00      0,00    100,00

18:46:27        IFACE   rxpck/s   txpck/s    rxkB/s    txkB/s   rxcmp/s   txcmp/s  rxmcst/s   %ifutil
18:46:29           lo      0,00      0,00      0,00      0,00      0,00      0,00      0,00      0,00
18:46:29         eno1      4,00  84210,50      0,25 123354,53      0,00      0,00      1,00    101,05
18:46:29         eno2      0,00      0,00      0,00      0,00      0,00      0,00      0,00      0,00
18:46:29      docker0      0,00      0,00      0,00      0,00      0,00      0,00      0,00      0,00
18:46:29      ens2np0 747605,50  28241,00 1092204,91  41256,92      0,00      0,00      0,00     89,47
18:46:29      ens2np1      0,00      0,00      0,00      0,00      0,00      0,00      0,00      0,00

18:46:29        CPU      %usr     %nice      %sys   %iowait    %steal      %irq     %soft    %guest    %gnice     %idle
18:46:31        all      6,15      0,00      0,19      0,00      0,00      0,00      9,36      0,00      0,00     84,31
18:46:31          0      0,00      0,00      0,00      0,00      0,00      0,00     46,34      0,00      0,00     53,66
18:46:31          1      0,00      0,00      0,00      0,00      0,00      0,00    100,00      0,00      0,00      0,00
18:46:31          2      0,00      0,00      0,00      0,00      0,00      0,00      0,00      0,00      0,00    100,00
18:46:31          3     96,50      0,00      3,00      0,00      0,00      0,00      0,00      0,00      0,00      0,50
18:46:31          4      0,00      0,00      0,00      0,00      0,00      0,00      0,00      0,00      0,00    100,00
18:46:31          5      0,00      0,00      0,00      0,00      0,00      0,00      0,00      0,00      0,00    100,00
18:46:31          6      0,00      0,00      0,00      0,00      0,00      0,00      1,19      0,00      0,00     98,81
18:46:31          7      0,50      0,00      0,00      0,00      0,00      0,00      0,00      0,00      0,00     99,50
18:46:31          8      0,00      0,00      0,00      0,00      0,00      0,00      0,00      0,00      0,00    100,00
18:46:31          9      0,00      0,00      0,00      0,00      0,00      0,00      0,00      0,00      0,00    100,00
18:46:31         10      0,00      0,00      0,00      0,00      0,00      0,00      0,00      0,00      0,00    100,00
18:46:31         11      0,50      0,00      0,00      0,00      0,00      0,00      0,00      0,00      0,00     99,50
18:46:31         12      0,00      0,00      0,00      0,00      0,00      0,00      0,00      0,00      0,00    100,00
18:46:31         13      0,00      0,00      0,00      0,00      0,00      0,00      0,00      0,00      0,00    100,00
18:46:31         14      0,00      0,00      0,00      0,00      0,00      0,00      0,00      0,00      0,00    100,00
18:46:31         15      0,00      0,00      0,00      0,00      0,00      0,00      0,00      0,00      0,00    100,00

18:46:29        IFACE   rxpck/s   txpck/s    rxkB/s    txkB/s   rxcmp/s   txcmp/s  rxmcst/s   %ifutil
18:46:31           lo      0,00      0,00      0,00      0,00      0,00      0,00      0,00      0,00
18:46:31         eno1      2,00  84211,00      0,13 123355,27      0,00      0,00      1,00    101,05
18:46:31         eno2      0,00      0,00      0,00      0,00      0,00      0,00      0,00      0,00
18:46:31      docker0      0,00      0,00      0,00      0,00      0,00      0,00      0,00      0,00
18:46:31      ens2np0 748119,50  28304,50 1092955,83  41350,40      0,00      0,00      0,00     89,53
18:46:31      ens2np1      0,00      0,00      0,00      0,00      0,00      0,00      0,00      0,00

18:46:31        CPU      %usr     %nice      %sys   %iowait    %steal      %irq     %soft    %guest    %gnice     %idle
18:46:33        all      6,20      0,00      0,16      0,00      0,00      0,00      9,04      0,00      0,00     84,60
18:46:33          0      0,00      0,00      0,00      0,00      0,00      0,00     43,59      0,00      0,00     56,41
18:46:33          1      0,00      0,00      0,00      0,00      0,00      0,00    100,00      0,00      0,00      0,00
18:46:33          2      0,00      0,00      0,00      0,00      0,00      0,00      0,00      0,00      0,00    100,00
18:46:33          3     96,98      0,00      2,51      0,00      0,00      0,00      0,00      0,00      0,00      0,50
18:46:33          4      0,00      0,00      0,00      0,00      0,00      0,00      0,00      0,00      0,00    100,00
18:46:33          5      0,00      0,00      0,00      0,00      0,00      0,00      0,00      0,00      0,00    100,00
18:46:33          6      0,00      0,00      0,00      0,00      0,00      0,00      0,60      0,00      0,00     99,40
18:46:33          7      0,00      0,00      0,00      0,00      0,00      0,00      0,00      0,00      0,00    100,00
18:46:33          8      0,00      0,00      0,00      0,00      0,00      0,00      0,00      0,00      0,00    100,00
18:46:33          9      0,00      0,00      0,00      0,00      0,00      0,00      0,00      0,00      0,00    100,00
18:46:33         10      0,00      0,00      0,00      0,00      0,00      0,00      0,00      0,00      0,00    100,00
18:46:33         11      1,00      0,00      0,00      0,00      0,00      0,00      0,00      0,00      0,00     99,00
18:46:33         12      0,00      0,00      0,00      0,00      0,00      0,00      0,00      0,00      0,00    100,00
18:46:33         13      0,50      0,00      0,00      0,00      0,00      0,00      0,00      0,00      0,00     99,50
18:46:33         14      0,00      0,00      0,00      0,00      0,00      0,00      0,00      0,00      0,00    100,00
18:46:33         15      0,00      0,00      0,00      0,00      0,00      0,00      0,00      0,00      0,00    100,00

18:46:31        IFACE   rxpck/s   txpck/s    rxkB/s    txkB/s   rxcmp/s   txcmp/s  rxmcst/s   %ifutil
18:46:33           lo      0,00      0,00      0,00      0,00      0,00      0,00      0,00      0,00
18:46:33         eno1      4,00  84211,50      0,26 123354,56      0,00      0,00      1,50    101,05
18:46:33         eno2      0,00      0,00      0,00      0,00      0,00      0,00      0,00      0,00
18:46:33      docker0      0,00      0,00      0,00      0,00      0,00      0,00      0,00      0,00
18:46:33      ens2np0 748190,50  28241,00 1093059,56  41256,92      0,00      0,00      0,00     89,54
18:46:33      ens2np1      0,00      0,00      0,00      0,00      0,00      0,00      0,00      0,00

18:46:33        CPU      %usr     %nice      %sys   %iowait    %steal      %irq     %soft    %guest    %gnice     %idle
18:46:35        all      6,04      0,00      0,28      0,00      0,00      0,00      9,11      0,00      0,00     84,57
18:46:35          0      0,00      0,00      0,00      0,00      0,00      0,00     44,39      0,00      0,00     55,61
18:46:35          1      0,00      0,00      0,00      0,00      0,00      0,00    100,00      0,00      0,00      0,00
18:46:35          2      0,00      0,00      0,00      0,00      0,00      0,00      0,00      0,00      0,00    100,00
18:46:35          3     95,50      0,00      4,50      0,00      0,00      0,00      0,00      0,00      0,00      0,00
18:46:35          4      0,00      0,00      0,00      0,00      0,00      0,00      0,00      0,00      0,00    100,00
18:46:35          5      0,00      0,00      0,00      0,00      0,00      0,00      0,00      0,00      0,00    100,00
18:46:35          6      0,00      0,00      0,00      0,00      0,00      0,00      0,60      0,00      0,00     99,40
18:46:35          7      0,00      0,00      0,00      0,00      0,00      0,00      0,00      0,00      0,00    100,00
18:46:35          8      0,00      0,00      0,00      0,00      0,00      0,00      0,00      0,00      0,00    100,00
18:46:35          9      0,00      0,00      0,00      0,00      0,00      0,00      0,00      0,00      0,00    100,00
18:46:35         10      0,00      0,00      0,00      0,00      0,00      0,00      0,00      0,00      0,00    100,00
18:46:35         11      0,00      0,00      0,00      0,00      0,00      0,00      0,00      0,00      0,00    100,00
18:46:35         12      0,00      0,00      0,00      0,00      0,00      0,00      0,00      0,00      0,00    100,00
18:46:35         13      0,00      0,00      0,00      0,00      0,00      0,00      0,00      0,00      0,00    100,00
18:46:35         14      0,00      0,00      0,00      0,00      0,00      0,00      0,00      0,00      0,00    100,00
18:46:35         15      0,00      0,00      0,00      0,00      0,00      0,00      0,00      0,00      0,00    100,00

18:46:33        IFACE   rxpck/s   txpck/s    rxkB/s    txkB/s   rxcmp/s   txcmp/s  rxmcst/s   %ifutil
18:46:35           lo      0,00      0,00      0,00      0,00      0,00      0,00      0,00      0,00
18:46:35         eno1      4,00  84211,00      0,26 123355,30      0,00      0,00      1,00    101,05
18:46:35         eno2      0,00      0,00      0,00      0,00      0,00      0,00      0,00      0,00
18:46:35      docker0      0,00      0,00      0,00      0,00      0,00      0,00      0,00      0,00
18:46:35      ens2np0 749664,00  28256,50 1095212,25  41280,27      0,00      0,00      0,00     89,72
18:46:35      ens2np1      0,00      0,00      0,00      0,00      0,00      0,00      0,00      0,00

18:46:35        CPU      %usr     %nice      %sys   %iowait    %steal      %irq     %soft    %guest    %gnice     %idle
18:46:37        all      6,09      0,00      0,25      0,00      0,00      0,00      9,24      0,00      0,00     84,42
18:46:37          0      0,00      0,00      0,00      0,00      0,00      0,00     45,81      0,00      0,00     54,19
18:46:37          1      0,00      0,00      0,00      0,00      0,00      0,00    100,00      0,00      0,00      0,00
18:46:37          2      0,00      0,00      0,00      0,00      0,00      0,00      0,00      0,00      0,00    100,00
18:46:37          3     96,00      0,00      4,00      0,00      0,00      0,00      0,00      0,00      0,00      0,00
18:46:37          4      0,00      0,00      0,00      0,00      0,00      0,00      0,00      0,00      0,00    100,00
18:46:37          5      0,00      0,00      0,00      0,00      0,00      0,00      0,00      0,00      0,00    100,00
18:46:37          6      0,00      0,00      0,00      0,00      0,00      0,00      0,00      0,00      0,00    100,00
18:46:37          7      0,00      0,00      0,00      0,00      0,00      0,00      0,00      0,00      0,00    100,00
18:46:37          8      0,00      0,00      0,00      0,00      0,00      0,00      0,00      0,00      0,00    100,00
18:46:37          9      0,00      0,00      0,00      0,00      0,00      0,00      0,00      0,00      0,00    100,00
18:46:37         10      0,00      0,00      0,00      0,00      0,00      0,00      0,00      0,00      0,00    100,00
18:46:37         11      0,00      0,00      0,00      0,00      0,00      0,00      0,00      0,00      0,00    100,00
18:46:37         12      0,00      0,00      0,00      0,00      0,00      0,00      0,00      0,00      0,00    100,00
18:46:37         13      0,50      0,00      0,00      0,00      0,00      0,00      0,00      0,00      0,00     99,50
18:46:37         14      0,00      0,00      0,00      0,00      0,00      0,00      0,00      0,00      0,00    100,00
18:46:37         15      0,00      0,00      0,00      0,00      0,00      0,00      0,00      0,00      0,00    100,00

18:46:35        IFACE   rxpck/s   txpck/s    rxkB/s    txkB/s   rxcmp/s   txcmp/s  rxmcst/s   %ifutil
18:46:37           lo      0,00      0,00      0,00      0,00      0,00      0,00      0,00      0,00
18:46:37         eno1      2,00  84210,50      0,13 123354,53      0,00      0,00      1,00    101,05
18:46:37         eno2      0,00      0,00      0,00      0,00      0,00      0,00      0,00      0,00
18:46:37      docker0      0,00      0,00      0,00      0,00      0,00      0,00      0,00      0,00
18:46:37      ens2np0 750789,50  28289,00 1096856,54  41327,04      0,00      0,00      0,00     89,85
18:46:37      ens2np1      0,00      0,00      0,00      0,00      0,00      0,00      0,00      0,00

18:46:37        CPU      %usr     %nice      %sys   %iowait    %steal      %irq     %soft    %guest    %gnice     %idle
18:46:39        all      6,74      0,00      0,31      0,00      0,00      0,00      9,29      0,00      0,00     83,66
18:46:39          0      0,00      0,00      0,00      0,00      0,00      0,00     45,77      0,00      0,00     54,23
18:46:39          1      0,00      0,00      0,00      0,00      0,00      0,00    100,00      0,00      0,00      0,00
18:46:39          2      0,50      0,00      0,00      0,00      0,00      0,00      0,00      0,00      0,00     99,50
18:46:39          3     94,53      0,00      1,99      0,00      0,00      0,00      0,00      0,00      0,00      3,48
18:46:39          4      0,50      0,00      0,00      0,00      0,00      0,00      0,00      0,00      0,00     99,50
18:46:39          5      0,50      0,00      0,00      0,00      0,00      0,00      0,00      0,00      0,00     99,50
18:46:39          6      0,59      0,00      0,00      0,00      0,00      0,00      1,76      0,00      0,00     97,65
18:46:39          7      1,00      0,00      0,50      0,00      0,00      0,00      0,00      0,00      0,00     98,50
18:46:39          8      1,00      0,00      0,00      0,00      0,00      0,00      0,00      0,00      0,00     99,00
18:46:39          9      0,50      0,00      0,00      0,00      0,00      0,00      0,00      0,00      0,00     99,50
18:46:39         10      2,00      0,00      1,00      0,00      0,00      0,00      0,00      0,00      0,00     97,00
18:46:39         11      3,47      0,00      0,50      0,00      0,00      0,00      0,00      0,00      0,00     96,04
18:46:39         12      0,50      0,00      0,00      0,00      0,00      0,00      0,00      0,00      0,00     99,50
18:46:39         13      0,50      0,00      0,50      0,00      0,00      0,00      0,00      0,00      0,00     99,00
18:46:39         14      0,50      0,00      0,50      0,00      0,00      0,00      0,00      0,00      0,00     99,00
18:46:39         15      0,50      0,00      0,00      0,00      0,00      0,00      0,00      0,00      0,00     99,50

18:46:37        IFACE   rxpck/s   txpck/s    rxkB/s    txkB/s   rxcmp/s   txcmp/s  rxmcst/s   %ifutil
18:46:39           lo      0,00      0,00      0,00      0,00      0,00      0,00      0,00      0,00
18:46:39         eno1      4,48  83792,54      0,29 122741,55      0,00      0,00      1,49    100,55
18:46:39         eno2      0,00      0,00      0,00      0,00      0,00      0,00      0,00      0,00
18:46:39      docker0      0,00      0,00      0,00      0,00      0,00      0,00      0,00      0,00
18:46:39      ens2np0 746481,09  28100,00 1090562,22  41051,64      0,00      0,00      0,00     89,34
18:46:39      ens2np1      0,00      0,00      0,00      0,00      0,00      0,00      0,00      0,00

Average:        CPU      %usr     %nice      %sys   %iowait    %steal      %irq     %soft    %guest    %gnice     %idle
Average:        all      6,23      0,00      0,20      0,00      0,00      0,00      7,24      0,00      0,00     86,33
Average:          0      0,06      0,00      0,00      0,00      0,00      0,00     35,77      0,00      0,00     64,17
Average:          1      0,06      0,00      0,04      0,00      0,00      0,00     78,42      0,00      0,00     21,48
Average:          2      0,14      0,00      0,06      0,00      0,00      0,00      0,04      0,00      0,00     99,76
Average:          3     96,44      0,00      2,58      0,00      0,00      0,00      0,00      0,00      0,00      0,98
Average:          4      0,10      0,00      0,04      0,02      0,00      0,00      0,00      0,00      0,00     99,84
Average:          5      0,06      0,00      0,04      0,00      0,00      0,00      0,00      0,00      0,00     99,90
Average:          6      0,09      0,00      0,02      0,00      0,00      0,00      0,55      0,00      0,00     99,34
Average:          7      0,22      0,00      0,08      0,00      0,00      0,00      0,00      0,00      0,00     99,70
Average:          8      0,12      0,00      0,04      0,00      0,00      0,00      0,00      0,00      0,00     99,84
Average:          9      0,04      0,00      0,00      0,00      0,00      0,00      0,00      0,00      0,00     99,96
Average:         10      0,20      0,00      0,08      0,00      0,00      0,00      0,00      0,00      0,00     99,72
Average:         11      0,96      0,00      0,06      0,00      0,00      0,00      0,00      0,00      0,00     98,98
Average:         12      0,12      0,00      0,04      0,00      0,00      0,00      0,00      0,00      0,00     99,84
Average:         13      0,12      0,00      0,12      0,00      0,00      0,00      0,00      0,00      0,00     99,76
Average:         14      0,02      0,00      0,02      0,04      0,00      0,00      0,00      0,00      0,00     99,92
Average:         15      0,12      0,00      0,02      0,00      0,00      0,00      0,00      0,00      0,00     99,86

Average:        IFACE   rxpck/s   txpck/s    rxkB/s    txkB/s   rxcmp/s   txcmp/s  rxmcst/s   %ifutil
Average:           lo      0,00      0,00      0,00      0,00      0,00      0,00      0,00      0,00
Average:         eno1      4,00  64444,21      0,36  94398,56      0,00      0,00      1,08     77,33
Average:         eno2      0,00      0,00      0,00      0,00      0,00      0,00      0,00      0,00
Average:      docker0      0,00      0,00      0,00      0,00      0,00      0,00      0,00      0,00
Average:      ens2np0 588260,81  22174,09 859412,27  32382,37      0,00      0,00      0,00     70,40
Average:      ens2np1      0,00      0,00      0,00      0,00      0,00      0,00      0,00      0,00
