Linux 5.13.0-52-generic (w1) 	20/07/2022 	_x86_64_	(16 CPU)

18:49:20        CPU      %usr     %nice      %sys   %iowait    %steal      %irq     %soft    %guest    %gnice     %idle
18:49:22        all      6,64      0,00      0,19      0,00      0,00      0,00      0,00      0,00      0,00     93,18
18:49:22          0      0,50      0,00      0,50      0,00      0,00      0,00      0,00      0,00      0,00     99,00
18:49:22          1    100,00      0,00      0,00      0,00      0,00      0,00      0,00      0,00      0,00      0,00
18:49:22          2      0,50      0,00      0,00      0,00      0,00      0,00      0,00      0,00      0,00     99,50
18:49:22          3      1,00      0,00      0,50      0,00      0,00      0,00      0,00      0,00      0,00     98,50
18:49:22          4      0,00      0,00      0,50      0,00      0,00      0,00      0,00      0,00      0,00     99,50
18:49:22          5      0,50      0,00      0,00      0,00      0,00      0,00      0,00      0,00      0,00     99,50
18:49:22          6      0,00      0,00      0,00      0,00      0,00      0,00      0,00      0,00      0,00    100,00
18:49:22          7      0,50      0,00      0,00      0,00      0,00      0,00      0,00      0,00      0,00     99,50
18:49:22          8      0,00      0,00      0,00      0,00      0,00      0,00      0,00      0,00      0,00    100,00
18:49:22          9      0,50      0,00      0,00      0,00      0,00      0,00      0,00      0,00      0,00     99,50
18:49:22         10      0,50      0,00      0,00      0,00      0,00      0,00      0,00      0,00      0,00     99,50
18:49:22         11      0,00      0,00      0,00      0,00      0,00      0,00      0,00      0,00      0,00    100,00
18:49:22         12      0,00      0,00      0,00      0,00      0,00      0,00      0,00      0,00      0,00    100,00
18:49:22         13      0,00      0,00      0,50      0,00      0,00      0,00      0,00      0,00      0,00     99,50
18:49:22         14      0,50      0,00      1,00      0,00      0,00      0,00      0,00      0,00      0,00     98,50
18:49:22         15      1,50      0,00      0,00      0,00      0,00      0,00      0,00      0,00      0,00     98,50

18:49:20        IFACE   rxpck/s   txpck/s    rxkB/s    txkB/s   rxcmp/s   txcmp/s  rxmcst/s   %ifutil
18:49:22           lo      0,00      0,00      0,00      0,00      0,00      0,00      0,00      0,00
18:49:22         eno1     17,50     18,50      3,65      3,43      0,00      0,00      1,50      0,00
18:49:22         eno2      0,00      0,00      0,00      0,00      0,00      0,00      0,00      0,00
18:49:22      docker0      0,00      0,00      0,00      0,00      0,00      0,00      0,00      0,00
18:49:22      ens2np0      0,00      1,00      0,00      0,08      0,00      0,00      0,00      0,00
18:49:22      ens2np1      0,00      0,00      0,00      0,00      0,00      0,00      0,00      0,00

18:49:22        CPU      %usr     %nice      %sys   %iowait    %steal      %irq     %soft    %guest    %gnice     %idle
18:49:24        all      6,25      0,00      0,03      0,00      0,00      0,00      0,00      0,00      0,00     93,72
18:49:24          0      0,00      0,00      0,00      0,00      0,00      0,00      0,00      0,00      0,00    100,00
18:49:24          1    100,00      0,00      0,00      0,00      0,00      0,00      0,00      0,00      0,00      0,00
18:49:24          2      0,00      0,00      0,50      0,00      0,00      0,00      0,00      0,00      0,00     99,50
18:49:24          3      0,00      0,00      0,00      0,00      0,00      0,00      0,00      0,00      0,00    100,00
18:49:24          4      0,00      0,00      0,00      0,00      0,00      0,00      0,00      0,00      0,00    100,00
18:49:24          5      0,00      0,00      0,00      0,00      0,00      0,00      0,00      0,00      0,00    100,00
18:49:24          6      0,00      0,00      0,00      0,00      0,00      0,00      0,00      0,00      0,00    100,00
18:49:24          7      0,00      0,00      0,00      0,00      0,00      0,00      0,00      0,00      0,00    100,00
18:49:24          8      0,00      0,00      0,00      0,00      0,00      0,00      0,00      0,00      0,00    100,00
18:49:24          9      0,00      0,00      0,00      0,00      0,00      0,00      0,00      0,00      0,00    100,00
18:49:24         10      0,00      0,00      0,00      0,00      0,00      0,00      0,00      0,00      0,00    100,00
18:49:24         11      0,00      0,00      0,00      0,00      0,00      0,00      0,00      0,00      0,00    100,00
18:49:24         12      0,00      0,00      0,00      0,00      0,00      0,00      0,00      0,00      0,00    100,00
18:49:24         13      0,00      0,00      0,00      0,00      0,00      0,00      0,00      0,00      0,00    100,00
18:49:24         14      0,00      0,00      0,00      0,00      0,00      0,00      0,00      0,00      0,00    100,00
18:49:24         15      0,00      0,00      0,00      0,00      0,00      0,00      0,00      0,00      0,00    100,00

18:49:22        IFACE   rxpck/s   txpck/s    rxkB/s    txkB/s   rxcmp/s   txcmp/s  rxmcst/s   %ifutil
18:49:24           lo      0,00      0,00      0,00      0,00      0,00      0,00      0,00      0,00
18:49:24         eno1      6,50      0,50      0,42      0,04      0,00      0,00      1,00      0,00
18:49:24         eno2      0,00      0,00      0,00      0,00      0,00      0,00      0,00      0,00
18:49:24      docker0      0,00      0,00      0,00      0,00      0,00      0,00      0,00      0,00
18:49:24      ens2np0      0,00      0,00      0,00      0,00      0,00      0,00      0,00      0,00
18:49:24      ens2np1      0,00      0,00      0,00      0,00      0,00      0,00      0,00      0,00

18:49:24        CPU      %usr     %nice      %sys   %iowait    %steal      %irq     %soft    %guest    %gnice     %idle
18:49:26        all      6,31      0,00      0,03      0,00      0,00      0,00      0,00      0,00      0,00     93,66
18:49:26          0      0,00      0,00      0,00      0,00      0,00      0,00      0,00      0,00      0,00    100,00
18:49:26          1    100,00      0,00      0,00      0,00      0,00      0,00      0,00      0,00      0,00      0,00
18:49:26          2      0,00      0,00      0,50      0,00      0,00      0,00      0,00      0,00      0,00     99,50
18:49:26          3      0,00      0,00      0,00      0,00      0,00      0,00      0,00      0,00      0,00    100,00
18:49:26          4      0,00      0,00      0,00      0,00      0,00      0,00      0,00      0,00      0,00    100,00
18:49:26          5      0,00      0,00      0,00      0,00      0,00      0,00      0,00      0,00      0,00    100,00
18:49:26          6      0,00      0,00      0,00      0,00      0,00      0,00      0,00      0,00      0,00    100,00
18:49:26          7      0,00      0,00      0,00      0,00      0,00      0,00      0,00      0,00      0,00    100,00
18:49:26          8      1,00      0,00      0,00      0,00      0,00      0,00      0,00      0,00      0,00     99,00
18:49:26          9      0,00      0,00      0,00      0,00      0,00      0,00      0,00      0,00      0,00    100,00
18:49:26         10      0,00      0,00      0,00      0,00      0,00      0,00      0,00      0,00      0,00    100,00
18:49:26         11      0,00      0,00      0,00      0,00      0,00      0,00      0,00      0,00      0,00    100,00
18:49:26         12      0,00      0,00      0,00      0,00      0,00      0,00      0,00      0,00      0,00    100,00
18:49:26         13      0,00      0,00      0,00      0,00      0,00      0,00      0,00      0,00      0,00    100,00
18:49:26         14      0,00      0,00      0,00      0,00      0,00      0,00      0,00      0,00      0,00    100,00
18:49:26         15      0,00      0,00      0,00      0,00      0,00      0,00      0,00      0,00      0,00    100,00

18:49:24        IFACE   rxpck/s   txpck/s    rxkB/s    txkB/s   rxcmp/s   txcmp/s  rxmcst/s   %ifutil
18:49:26           lo      0,00      0,00      0,00      0,00      0,00      0,00      0,00      0,00
18:49:26         eno1      7,50      1,00      0,47      0,07      0,00      0,00      1,00      0,00
18:49:26         eno2      0,00      0,00      0,00      0,00      0,00      0,00      0,00      0,00
18:49:26      docker0      0,00      0,00      0,00      0,00      0,00      0,00      0,00      0,00
18:49:26      ens2np0      0,00      0,00      0,00      0,00      0,00      0,00      0,00      0,00
18:49:26      ens2np1      0,00      0,00      0,00      0,00      0,00      0,00      0,00      0,00

18:49:26        CPU      %usr     %nice      %sys   %iowait    %steal      %irq     %soft    %guest    %gnice     %idle
18:49:28        all      6,28      0,00      0,00      0,00      0,00      0,00      0,00      0,00      0,00     93,72
18:49:28          0      0,00      0,00      0,00      0,00      0,00      0,00      0,00      0,00      0,00    100,00
18:49:28          1    100,00      0,00      0,00      0,00      0,00      0,00      0,00      0,00      0,00      0,00
18:49:28          2      0,00      0,00      0,00      0,00      0,00      0,00      0,00      0,00      0,00    100,00
18:49:28          3      0,00      0,00      0,00      0,00      0,00      0,00      0,00      0,00      0,00    100,00
18:49:28          4      0,00      0,00      0,00      0,00      0,00      0,00      0,00      0,00      0,00    100,00
18:49:28          5      0,00      0,00      0,00      0,00      0,00      0,00      0,00      0,00      0,00    100,00
18:49:28          6      0,00      0,00      0,00      0,00      0,00      0,00      0,00      0,00      0,00    100,00
18:49:28          7      0,50      0,00      0,00      0,00      0,00      0,00      0,00      0,00      0,00     99,50
18:49:28          8      0,00      0,00      0,00      0,00      0,00      0,00      0,00      0,00      0,00    100,00
18:49:28          9      0,00      0,00      0,00      0,00      0,00      0,00      0,00      0,00      0,00    100,00
18:49:28         10      0,00      0,00      0,00      0,00      0,00      0,00      0,00      0,00      0,00    100,00
18:49:28         11      0,00      0,00      0,00      0,00      0,00      0,00      0,00      0,00      0,00    100,00
18:49:28         12      0,00      0,00      0,00      0,00      0,00      0,00      0,00      0,00      0,00    100,00
18:49:28         13      0,00      0,00      0,00      0,00      0,00      0,00      0,00      0,00      0,00    100,00
18:49:28         14      0,00      0,00      0,00      0,00      0,00      0,00      0,00      0,00      0,00    100,00
18:49:28         15      0,00      0,00      0,00      0,00      0,00      0,00      0,00      0,00      0,00    100,00

18:49:26        IFACE   rxpck/s   txpck/s    rxkB/s    txkB/s   rxcmp/s   txcmp/s  rxmcst/s   %ifutil
18:49:28           lo      4,00      4,00      0,44      0,44      0,00      0,00      0,00      0,00
18:49:28         eno1      7,00      3,50      0,71      0,30      0,00      0,00      1,00      0,00
18:49:28         eno2      0,00      0,00      0,00      0,00      0,00      0,00      0,00      0,00
18:49:28      docker0      0,00      0,00      0,00      0,00      0,00      0,00      0,00      0,00
18:49:28      ens2np0      0,00      0,00      0,00      0,00      0,00      0,00      0,00      0,00
18:49:28      ens2np1      0,00      0,00      0,00      0,00      0,00      0,00      0,00      0,00

18:49:28        CPU      %usr     %nice      %sys   %iowait    %steal      %irq     %soft    %guest    %gnice     %idle
18:49:30        all      6,28      0,00      0,00      0,00      0,00      0,00      0,00      0,00      0,00     93,72
18:49:30          0      0,50      0,00      0,00      0,00      0,00      0,00      0,00      0,00      0,00     99,50
18:49:30          1    100,00      0,00      0,00      0,00      0,00      0,00      0,00      0,00      0,00      0,00
18:49:30          2      0,00      0,00      0,00      0,00      0,00      0,00      0,00      0,00      0,00    100,00
18:49:30          3      0,00      0,00      0,00      0,00      0,00      0,00      0,00      0,00      0,00    100,00
18:49:30          4      0,00      0,00      0,00      0,00      0,00      0,00      0,00      0,00      0,00    100,00
18:49:30          5      0,00      0,00      0,00      0,00      0,00      0,00      0,00      0,00      0,00    100,00
18:49:30          6      0,00      0,00      0,00      0,00      0,00      0,00      0,00      0,00      0,00    100,00
18:49:30          7      0,00      0,00      0,00      0,00      0,00      0,00      0,00      0,00      0,00    100,00
18:49:30          8      0,00      0,00      0,00      0,00      0,00      0,00      0,00      0,00      0,00    100,00
18:49:30          9      0,00      0,00      0,00      0,00      0,00      0,00      0,00      0,00      0,00    100,00
18:49:30         10      0,00      0,00      0,00      0,00      0,00      0,00      0,00      0,00      0,00    100,00
18:49:30         11      0,00      0,00      0,00      0,00      0,00      0,00      0,00      0,00      0,00    100,00
18:49:30         12      0,00      0,00      0,00      0,00      0,00      0,00      0,00      0,00      0,00    100,00
18:49:30         13      0,00      0,00      0,00      0,00      0,00      0,00      0,00      0,00      0,00    100,00
18:49:30         14      0,00      0,00      0,00      0,00      0,00      0,00      0,00      0,00      0,00    100,00
18:49:30         15      0,00      0,00      0,00      0,00      0,00      0,00      0,00      0,00      0,00    100,00

18:49:28        IFACE   rxpck/s   txpck/s    rxkB/s    txkB/s   rxcmp/s   txcmp/s  rxmcst/s   %ifutil
18:49:30           lo      0,00      0,00      0,00      0,00      0,00      0,00      0,00      0,00
18:49:30         eno1      5,00      1,50      0,33      0,11      0,00      0,00      1,00      0,00
18:49:30         eno2      0,00      0,00      0,00      0,00      0,00      0,00      0,00      0,00
18:49:30      docker0      0,00      0,00      0,00      0,00      0,00      0,00      0,00      0,00
18:49:30      ens2np0      0,00      1,00      0,00      0,08      0,00      0,00      0,00      0,00
18:49:30      ens2np1      0,00      0,00      0,00      0,00      0,00      0,00      0,00      0,00

18:49:30        CPU      %usr     %nice      %sys   %iowait    %steal      %irq     %soft    %guest    %gnice     %idle
18:49:32        all      6,98      0,00      0,19      0,00      0,00      0,00      8,42      0,00      0,00     84,41
18:49:32          0      0,00      0,00      0,00      0,00      0,00      0,00     66,50      0,00      0,00     33,50
18:49:32          1     33,33      0,00      0,50      0,00      0,00      0,00     66,17      0,00      0,00      0,00
18:49:32          2     65,50      0,00      0,50      0,00      0,00      0,00      0,00      0,00      0,00     34,00
18:49:32          3      1,49      0,00      0,50      0,00      0,00      0,00      0,00      0,00      0,00     98,01
18:49:32          4      1,00      0,00      0,00      0,00      0,00      0,00      0,00      0,00      0,00     99,00
18:49:32          5      1,00      0,00      0,00      0,00      0,00      0,00      0,00      0,00      0,00     99,00
18:49:32          6      0,58      0,00      0,00      0,00      0,00      0,00      1,17      0,00      0,00     98,25
18:49:32          7      0,50      0,00      0,00      0,00      0,00      0,00      0,00      0,00      0,00     99,50
18:49:32          8      1,00      0,00      0,00      0,00      0,00      0,00      0,00      0,00      0,00     99,00
18:49:32          9      0,50      0,00      0,00      0,00      0,00      0,00      0,00      0,00      0,00     99,50
18:49:32         10      0,50      0,00      0,00      0,00      0,00      0,00      0,00      0,00      0,00     99,50
18:49:32         11      0,99      0,00      0,00      0,00      0,00      0,00      0,00      0,00      0,00     99,01
18:49:32         12      0,99      0,00      0,50      0,00      0,00      0,00      0,00      0,00      0,00     98,51
18:49:32         13      1,00      0,00      0,00      0,00      0,00      0,00      0,00      0,00      0,00     99,00
18:49:32         14      2,00      0,00      1,00      0,00      0,00      0,00      0,00      0,00      0,00     97,00
18:49:32         15      0,50      0,00      0,00      0,00      0,00      0,00      0,00      0,00      0,00     99,50

18:49:30        IFACE   rxpck/s   txpck/s    rxkB/s    txkB/s   rxcmp/s   txcmp/s  rxmcst/s   %ifutil
18:49:32           lo      0,00      0,00      0,00      0,00      0,00      0,00      0,00      0,00
18:49:32         eno1      1,50 254553,00      0,10  15909,51      0,00      0,00      1,00     13,03
18:49:32         eno2      0,00      0,00      0,00      0,00      0,00      0,00      0,00      0,00
18:49:32      docker0      0,00      0,00      0,00      0,00      0,00      0,00      0,00      0,00
18:49:32      ens2np0 1275667,50   9537,00  74746,14    558,79      0,00      0,00      0,00      6,12
18:49:32      ens2np1      0,00      0,00      0,00      0,00      0,00      0,00      0,00      0,00

18:49:32        CPU      %usr     %nice      %sys   %iowait    %steal      %irq     %soft    %guest    %gnice     %idle
18:49:34        all      5,98      0,00      0,09      0,00      0,00      0,00     12,97      0,00      0,00     80,96
18:49:34          0      0,00      0,00      0,50      0,00      0,00      0,00     99,50      0,00      0,00      0,00
18:49:34          1      0,00      0,00      0,00      0,00      0,00      0,00    100,00      0,00      0,00      0,00
18:49:34          2     51,24      0,00      0,50      0,00      0,00      0,00      0,00      0,00      0,00     48,26
18:49:34          3      0,00      0,00      0,00      0,00      0,00      0,00      0,00      0,00      0,00    100,00
18:49:34          4      0,00      0,00      0,00      0,00      0,00      0,00      0,00      0,00      0,00    100,00
18:49:34          5      0,00      0,00      0,00      0,00      0,00      0,00      0,00      0,00      0,00    100,00
18:49:34          6     36,72      0,00      0,56      0,00      0,00      0,00      6,78      0,00      0,00     55,93
18:49:34          7      0,00      0,00      0,00      0,00      0,00      0,00      0,00      0,00      0,00    100,00
18:49:34          8      0,00      0,00      0,00      0,00      0,00      0,00      0,00      0,00      0,00    100,00
18:49:34          9      0,00      0,00      0,00      0,00      0,00      0,00      0,00      0,00      0,00    100,00
18:49:34         10      1,50      0,00      0,00      0,00      0,00      0,00      0,00      0,00      0,00     98,50
18:49:34         11      0,00      0,00      0,00      0,00      0,00      0,00      0,00      0,00      0,00    100,00
18:49:34         12      0,00      0,00      0,00      0,00      0,00      0,00      0,00      0,00      0,00    100,00
18:49:34         13      0,00      0,00      0,00      0,00      0,00      0,00      0,00      0,00      0,00    100,00
18:49:34         14      9,50      0,00      0,00      0,00      0,00      0,00      0,00      0,00      0,00     90,50
18:49:34         15      0,00      0,00      0,00      0,00      0,00      0,00      0,00      0,00      0,00    100,00

18:49:32        IFACE   rxpck/s   txpck/s    rxkB/s    txkB/s   rxcmp/s   txcmp/s  rxmcst/s   %ifutil
18:49:34           lo      0,00      0,00      0,00      0,00      0,00      0,00      0,00      0,00
18:49:34         eno1      3,50 527888,00      0,23  32992,90      0,00      0,00      1,00     27,03
18:49:34         eno2      0,00      0,00      0,00      0,00      0,00      0,00      0,00      0,00
18:49:34      docker0      0,00      0,00      0,00      0,00      0,00      0,00      0,00      0,00
18:49:34      ens2np0 1955684,50  13504,50 114590,89    791,27      0,00      0,00      0,00      9,39
18:49:34      ens2np1      0,00      0,00      0,00      0,00      0,00      0,00      0,00      0,00

18:49:34        CPU      %usr     %nice      %sys   %iowait    %steal      %irq     %soft    %guest    %gnice     %idle
18:49:36        all      6,19      0,00      0,03      0,00      0,00      0,00     12,72      0,00      0,00     81,05
18:49:36          0      0,00      0,00      0,00      0,00      0,00      0,00    100,00      0,00      0,00      0,00
18:49:36          1      0,00      0,00      0,00      0,00      0,00      0,00    100,00      0,00      0,00      0,00
18:49:36          2      0,00      0,00      0,00      0,00      0,00      0,00      0,00      0,00      0,00    100,00
18:49:36          3     75,00      0,00      0,50      0,00      0,00      0,00      0,00      0,00      0,00     24,50
18:49:36          4      0,00      0,00      0,00      0,00      0,00      0,00      0,00      0,00      0,00    100,00
18:49:36          5      0,00      0,00      0,00      0,00      0,00      0,00      0,00      0,00      0,00    100,00
18:49:36          6     14,79      0,00      0,00      0,00      0,00      0,00      1,78      0,00      0,00     83,43
18:49:36          7      0,00      0,00      0,00      0,00      0,00      0,00      0,00      0,00      0,00    100,00
18:49:36          8      0,00      0,00      0,00      0,00      0,00      0,00      0,00      0,00      0,00    100,00
18:49:36          9      0,00      0,00      0,00      0,00      0,00      0,00      0,00      0,00      0,00    100,00
18:49:36         10      0,00      0,00      0,00      0,00      0,00      0,00      0,00      0,00      0,00    100,00
18:49:36         11      0,50      0,00      0,00      0,00      0,00      0,00      0,00      0,00      0,00     99,50
18:49:36         12      0,00      0,00      0,00      0,00      0,00      0,00      0,00      0,00      0,00    100,00
18:49:36         13      0,00      0,00      0,00      0,00      0,00      0,00      0,00      0,00      0,00    100,00
18:49:36         14     10,00      0,00      0,00      0,00      0,00      0,00      0,00      0,00      0,00     90,00
18:49:36         15      0,00      0,00      0,00      0,00      0,00      0,00      0,00      0,00      0,00    100,00

18:49:34        IFACE   rxpck/s   txpck/s    rxkB/s    txkB/s   rxcmp/s   txcmp/s  rxmcst/s   %ifutil
18:49:36           lo      0,00      0,00      0,00      0,00      0,00      0,00      0,00      0,00
18:49:36         eno1      6,50 533887,50      0,43  33368,01      0,00      0,00      1,50     27,34
18:49:36         eno2      0,00      0,00      0,00      0,00      0,00      0,00      0,00      0,00
18:49:36      docker0      0,00      0,00      0,00      0,00      0,00      0,00      0,00      0,00
18:49:36      ens2np0 1955860,00  14017,00 114601,17    821,29      0,00      0,00      0,00      9,39
18:49:36      ens2np1      0,00      0,00      0,00      0,00      0,00      0,00      0,00      0,00

18:49:36        CPU      %usr     %nice      %sys   %iowait    %steal      %irq     %soft    %guest    %gnice     %idle
18:49:38        all      6,27      0,00      0,09      0,00      0,00      0,00     12,69      0,00      0,00     80,95
18:49:38          0      0,00      0,00      0,00      0,00      0,00      0,00    100,00      0,00      0,00      0,00
18:49:38          1      0,00      0,00      0,00      0,00      0,00      0,00    100,00      0,00      0,00      0,00
18:49:38          2      0,00      0,00      0,00      0,00      0,00      0,00      0,00      0,00      0,00    100,00
18:49:38          3     98,50      0,00      1,50      0,00      0,00      0,00      0,00      0,00      0,00      0,00
18:49:38          4      0,00      0,00      0,00      0,00      0,00      0,00      0,00      0,00      0,00    100,00
18:49:38          5      0,00      0,00      0,00      0,00      0,00      0,00      0,00      0,00      0,00    100,00
18:49:38          6      0,00      0,00      0,00      0,00      0,00      0,00      0,62      0,00      0,00     99,38
18:49:38          7      0,00      0,00      0,00      0,00      0,00      0,00      0,00      0,00      0,00    100,00
18:49:38          8      0,00      0,00      0,00      0,00      0,00      0,00      0,00      0,00      0,00    100,00
18:49:38          9      0,00      0,00      0,00      0,00      0,00      0,00      0,00      0,00      0,00    100,00
18:49:38         10      0,00      0,00      0,00      0,00      0,00      0,00      0,00      0,00      0,00    100,00
18:49:38         11      0,50      0,00      0,00      0,00      0,00      0,00      0,00      0,00      0,00     99,50
18:49:38         12      0,00      0,00      0,00      0,00      0,00      0,00      0,00      0,00      0,00    100,00
18:49:38         13      0,00      0,00      0,00      0,00      0,00      0,00      0,00      0,00      0,00    100,00
18:49:38         14      0,00      0,00      0,00      0,00      0,00      0,00      0,00      0,00      0,00    100,00
18:49:38         15      0,00      0,00      0,00      0,00      0,00      0,00      0,00      0,00      0,00    100,00

18:49:36        IFACE   rxpck/s   txpck/s    rxkB/s    txkB/s   rxcmp/s   txcmp/s  rxmcst/s   %ifutil
18:49:38           lo      0,00      0,00      0,00      0,00      0,00      0,00      0,00      0,00
18:49:38         eno1      4,00 527497,00      0,28  32968,48      0,00      0,00      1,50     27,01
18:49:38         eno2      0,00      0,00      0,00      0,00      0,00      0,00      0,00      0,00
18:49:38      docker0      0,00      0,00      0,00      0,00      0,00      0,00      0,00      0,00
18:49:38      ens2np0 1950304,00  14448,50 114275,62    846,58      0,00      0,00      0,00      9,36
18:49:38      ens2np1      0,00      0,00      0,00      0,00      0,00      0,00      0,00      0,00

18:49:38        CPU      %usr     %nice      %sys   %iowait    %steal      %irq     %soft    %guest    %gnice     %idle
18:49:40        all      6,23      0,00      0,09      0,00      0,00      0,00     12,69      0,00      0,00     80,98
18:49:40          0      0,00      0,00      0,00      0,00      0,00      0,00    100,00      0,00      0,00      0,00
18:49:40          1      0,00      0,00      0,00      0,00      0,00      0,00    100,00      0,00      0,00      0,00
18:49:40          2      0,00      0,00      0,00      0,00      0,00      0,00      0,00      0,00      0,00    100,00
18:49:40          3     98,50      0,00      1,50      0,00      0,00      0,00      0,00      0,00      0,00      0,00
18:49:40          4      0,00      0,00      0,00      0,00      0,00      0,00      0,00      0,00      0,00    100,00
18:49:40          5      0,00      0,00      0,00      0,00      0,00      0,00      0,00      0,00      0,00    100,00
18:49:40          6      0,00      0,00      0,00      0,00      0,00      0,00      1,24      0,00      0,00     98,76
18:49:40          7      0,00      0,00      0,00      0,00      0,00      0,00      0,00      0,00      0,00    100,00
18:49:40          8      0,00      0,00      0,00      0,00      0,00      0,00      0,00      0,00      0,00    100,00
18:49:40          9      0,00      0,00      0,00      0,00      0,00      0,00      0,00      0,00      0,00    100,00
18:49:40         10      0,00      0,00      0,00      0,00      0,00      0,00      0,00      0,00      0,00    100,00
18:49:40         11      0,00      0,00      0,00      0,00      0,00      0,00      0,00      0,00      0,00    100,00
18:49:40         12      0,00      0,00      0,00      0,00      0,00      0,00      0,00      0,00      0,00    100,00
18:49:40         13      0,00      0,00      0,00      0,00      0,00      0,00      0,00      0,00      0,00    100,00
18:49:40         14      0,00      0,00      0,00      0,00      0,00      0,00      0,00      0,00      0,00    100,00
18:49:40         15      0,00      0,00      0,00      0,00      0,00      0,00      0,00      0,00      0,00    100,00

18:49:38        IFACE   rxpck/s   txpck/s    rxkB/s    txkB/s   rxcmp/s   txcmp/s  rxmcst/s   %ifutil
18:49:40           lo      0,00      0,00      0,00      0,00      0,00      0,00      0,00      0,00
18:49:40         eno1      4,50 526694,50      0,28  32918,44      0,00      0,00      1,00     26,97
18:49:40         eno2      0,00      0,00      0,00      0,00      0,00      0,00      0,00      0,00
18:49:40      docker0      0,00      0,00      0,00      0,00      0,00      0,00      0,00      0,00
18:49:40      ens2np0 1950362,50  14449,00 114279,05    846,60      0,00      0,00      0,00      9,36
18:49:40      ens2np1      0,00      0,00      0,00      0,00      0,00      0,00      0,00      0,00

18:49:40        CPU      %usr     %nice      %sys   %iowait    %steal      %irq     %soft    %guest    %gnice     %idle
18:49:42        all      6,70      0,00      0,28      0,03      0,00      0,00     12,78      0,00      0,00     80,20
18:49:42          0      0,00      0,00      0,50      0,00      0,00      0,00     99,50      0,00      0,00      0,00
18:49:42          1      0,00      0,00      0,00      0,00      0,00      0,00    100,00      0,00      0,00      0,00
18:49:42          2      0,50      0,00      0,00      0,00      0,00      0,00      0,00      0,00      0,00     99,50
18:49:42          3     98,50      0,00      1,00      0,00      0,00      0,00      0,00      0,00      0,00      0,50
18:49:42          4      0,00      0,00      0,00      0,00      0,00      0,00      0,00      0,00      0,00    100,00
18:49:42          5      0,50      0,00      0,00      0,50      0,00      0,00      0,00      0,00      0,00     98,99
18:49:42          6      0,00      0,00      0,00      0,00      0,00      0,00      3,07      0,00      0,00     96,93
18:49:42          7      1,01      0,00      0,00      0,00      0,00      0,00      0,00      0,00      0,00     98,99
18:49:42          8      0,00      0,00      0,00      0,00      0,00      0,00      0,00      0,00      0,00    100,00
18:49:42          9      0,50      0,00      0,50      0,00      0,00      0,00      0,00      0,00      0,00     99,01
18:49:42         10      0,50      0,00      1,49      0,00      0,00      0,00      0,00      0,00      0,00     98,01
18:49:42         11      1,01      0,00      0,00      0,00      0,00      0,00      0,00      0,00      0,00     98,99
18:49:42         12      0,50      0,00      0,00      0,00      0,00      0,00      0,00      0,00      0,00     99,50
18:49:42         13      1,00      0,00      0,50      0,00      0,00      0,00      0,00      0,00      0,00     98,51
18:49:42         14      1,01      0,00      0,00      0,00      0,00      0,00      0,00      0,00      0,00     98,99
18:49:42         15      1,00      0,00      0,50      0,00      0,00      0,00      0,00      0,00      0,00     98,51

18:49:40        IFACE   rxpck/s   txpck/s    rxkB/s    txkB/s   rxcmp/s   txcmp/s  rxmcst/s   %ifutil
18:49:42           lo      0,00      0,00      0,00      0,00      0,00      0,00      0,00      0,00
18:49:42         eno1      2,50 525253,50      0,16  32828,42      0,00      0,00      1,00     26,89
18:49:42         eno2      0,00      0,00      0,00      0,00      0,00      0,00      0,00      0,00
18:49:42      docker0      0,00      0,00      0,00      0,00      0,00      0,00      0,00      0,00
18:49:42      ens2np0 1945497,00  14432,50 113993,96    845,65      0,00      0,00      0,00      9,34
18:49:42      ens2np1      0,00      0,00      0,00      0,00      0,00      0,00      0,00      0,00

18:49:42        CPU      %usr     %nice      %sys   %iowait    %steal      %irq     %soft    %guest    %gnice     %idle
18:49:44        all      6,27      0,00      0,06      0,00      0,00      0,00     12,69      0,00      0,00     80,98
18:49:44          0      0,00      0,00      0,00      0,00      0,00      0,00    100,00      0,00      0,00      0,00
18:49:44          1      0,00      0,00      0,00      0,00      0,00      0,00    100,00      0,00      0,00      0,00
18:49:44          2      0,00      0,00      0,00      0,00      0,00      0,00      0,00      0,00      0,00    100,00
18:49:44          3     99,00      0,00      1,00      0,00      0,00      0,00      0,00      0,00      0,00      0,00
18:49:44          4      0,00      0,00      0,00      0,00      0,00      0,00      0,00      0,00      0,00    100,00
18:49:44          5      0,00      0,00      0,00      0,00      0,00      0,00      0,00      0,00      0,00    100,00
18:49:44          6      0,00      0,00      0,00      0,00      0,00      0,00      0,62      0,00      0,00     99,38
18:49:44          7      0,00      0,00      0,00      0,00      0,00      0,00      0,00      0,00      0,00    100,00
18:49:44          8      0,00      0,00      0,00      0,00      0,00      0,00      0,00      0,00      0,00    100,00
18:49:44          9      0,00      0,00      0,00      0,00      0,00      0,00      0,00      0,00      0,00    100,00
18:49:44         10      0,00      0,00      0,00      0,00      0,00      0,00      0,00      0,00      0,00    100,00
18:49:44         11      0,00      0,00      0,00      0,00      0,00      0,00      0,00      0,00      0,00    100,00
18:49:44         12      0,00      0,00      0,00      0,00      0,00      0,00      0,00      0,00      0,00    100,00
18:49:44         13      0,00      0,00      0,00      0,00      0,00      0,00      0,00      0,00      0,00    100,00
18:49:44         14      0,00      0,00      0,00      0,00      0,00      0,00      0,00      0,00      0,00    100,00
18:49:44         15      0,00      0,00      0,00      0,00      0,00      0,00      0,00      0,00      0,00    100,00

18:49:42        IFACE   rxpck/s   txpck/s    rxkB/s    txkB/s   rxcmp/s   txcmp/s  rxmcst/s   %ifutil
18:49:44           lo      0,00      0,00      0,00      0,00      0,00      0,00      0,00      0,00
18:49:44         eno1      3,00 524944,50      0,19  32808,94      0,00      0,00      1,50     26,88
18:49:44         eno2      0,00      0,00      0,00      0,00      0,00      0,00      0,00      0,00
18:49:44      docker0      0,00      0,00      0,00      0,00      0,00      0,00      0,00      0,00
18:49:44      ens2np0 1947557,50  14433,00 114114,70    845,67      0,00      0,00      0,00      9,35
18:49:44      ens2np1      0,00      0,00      0,00      0,00      0,00      0,00      0,00      0,00

18:49:44        CPU      %usr     %nice      %sys   %iowait    %steal      %irq     %soft    %guest    %gnice     %idle
18:49:46        all      6,29      0,00      0,06      0,00      0,00      0,00     12,80      0,00      0,00     80,85
18:49:46          0      0,00      0,00      0,00      0,00      0,00      0,00    100,00      0,00      0,00      0,00
18:49:46          1      0,00      0,00      0,00      0,00      0,00      0,00    100,00      0,00      0,00      0,00
18:49:46          2      0,00      0,00      0,00      0,00      0,00      0,00      0,00      0,00      0,00    100,00
18:49:46          3     98,00      0,00      1,00      0,00      0,00      0,00      0,00      0,00      0,00      1,00
18:49:46          4      0,00      0,00      0,00      0,00      0,00      0,00      0,00      0,00      0,00    100,00
18:49:46          5      0,00      0,00      0,00      0,00      0,00      0,00      0,00      0,00      0,00    100,00
18:49:46          6      0,00      0,00      0,00      0,00      0,00      0,00      3,03      0,00      0,00     96,97
18:49:46          7      0,00      0,00      0,00      0,00      0,00      0,00      0,00      0,00      0,00    100,00
18:49:46          8      0,00      0,00      0,00      0,00      0,00      0,00      0,00      0,00      0,00    100,00
18:49:46          9      0,00      0,00      0,00      0,00      0,00      0,00      0,00      0,00      0,00    100,00
18:49:46         10      0,00      0,00      0,00      0,00      0,00      0,00      0,00      0,00      0,00    100,00
18:49:46         11      1,50      0,00      0,00      0,00      0,00      0,00      0,00      0,00      0,00     98,50
18:49:46         12      0,00      0,00      0,00      0,00      0,00      0,00      0,00      0,00      0,00    100,00
18:49:46         13      0,00      0,00      0,00      0,00      0,00      0,00      0,00      0,00      0,00    100,00
18:49:46         14      0,00      0,00      0,00      0,00      0,00      0,00      0,00      0,00      0,00    100,00
18:49:46         15      0,00      0,00      0,00      0,00      0,00      0,00      0,00      0,00      0,00    100,00

18:49:44        IFACE   rxpck/s   txpck/s    rxkB/s    txkB/s   rxcmp/s   txcmp/s  rxmcst/s   %ifutil
18:49:46           lo      0,00      0,00      0,00      0,00      0,00      0,00      0,00      0,00
18:49:46         eno1      4,50 262284,00      0,28  16392,82      0,00      0,00      0,50     13,43
18:49:46         eno2      0,00      0,00      0,00      0,00      0,00      0,00      0,00      0,00
18:49:46      docker0      0,00      0,00      0,00      0,00      0,00      0,00      0,00      0,00
18:49:46      ens2np0 1947014,00  14465,00 114082,85    847,56      0,00      0,00      0,00      9,35
18:49:46      ens2np1      0,00      0,00      0,00      0,00      0,00      0,00      0,00      0,00

18:49:46        CPU      %usr     %nice      %sys   %iowait    %steal      %irq     %soft    %guest    %gnice     %idle
18:49:48        all      6,27      0,00      0,06      0,00      0,00      0,00     12,70      0,00      0,00     80,96
18:49:48          0      0,00      0,00      0,00      0,00      0,00      0,00    100,00      0,00      0,00      0,00
18:49:48          1      0,00      0,00      0,00      0,00      0,00      0,00    100,00      0,00      0,00      0,00
18:49:48          2      0,00      0,00      0,00      0,00      0,00      0,00      0,00      0,00      0,00    100,00
18:49:48          3     99,00      0,00      1,00      0,00      0,00      0,00      0,00      0,00      0,00      0,00
18:49:48          4      0,00      0,00      0,00      0,00      0,00      0,00      0,00      0,00      0,00    100,00
18:49:48          5      0,00      0,00      0,00      0,00      0,00      0,00      0,00      0,00      0,00    100,00
18:49:48          6      0,00      0,00      0,00      0,00      0,00      0,00      0,62      0,00      0,00     99,38
18:49:48          7      0,00      0,00      0,00      0,00      0,00      0,00      0,00      0,00      0,00    100,00
18:49:48          8      0,00      0,00      0,00      0,00      0,00      0,00      0,00      0,00      0,00    100,00
18:49:48          9      0,00      0,00      0,00      0,00      0,00      0,00      0,00      0,00      0,00    100,00
18:49:48         10      0,00      0,00      0,00      0,00      0,00      0,00      0,00      0,00      0,00    100,00
18:49:48         11      0,00      0,00      0,00      0,00      0,00      0,00      0,00      0,00      0,00    100,00
18:49:48         12      0,00      0,00      0,00      0,00      0,00      0,00      0,00      0,00      0,00    100,00
18:49:48         13      0,00      0,00      0,00      0,00      0,00      0,00      0,00      0,00      0,00    100,00
18:49:48         14      0,00      0,00      0,00      0,00      0,00      0,00      0,00      0,00      0,00    100,00
18:49:48         15      0,00      0,00      0,00      0,00      0,00      0,00      0,00      0,00      0,00    100,00

18:49:46        IFACE   rxpck/s   txpck/s    rxkB/s    txkB/s   rxcmp/s   txcmp/s  rxmcst/s   %ifutil
18:49:48           lo      0,00      0,00      0,00      0,00      0,00      0,00      0,00      0,00
18:49:48         eno1      2,00 526477,50      0,13  32904,97      0,00      0,00      1,00     26,96
18:49:48         eno2      0,00      0,00      0,00      0,00      0,00      0,00      0,00      0,00
18:49:48      docker0      0,00      0,00      0,00      0,00      0,00      0,00      0,00      0,00
18:49:48      ens2np0 1948329,50  14433,00 114159,93    845,67      0,00      0,00      0,00      9,35
18:49:48      ens2np1      0,00      0,00      0,00      0,00      0,00      0,00      0,00      0,00

18:49:48        CPU      %usr     %nice      %sys   %iowait    %steal      %irq     %soft    %guest    %gnice     %idle
18:49:50        all      6,30      0,00      0,00      0,00      0,00      0,00     12,75      0,00      0,00     80,95
18:49:50          0      0,00      0,00      0,00      0,00      0,00      0,00    100,00      0,00      0,00      0,00
18:49:50          1      0,00      0,00      0,00      0,00      0,00      0,00    100,00      0,00      0,00      0,00
18:49:50          2      0,00      0,00      0,00      0,00      0,00      0,00      0,00      0,00      0,00    100,00
18:49:50          3    100,00      0,00      0,00      0,00      0,00      0,00      0,00      0,00      0,00      0,00
18:49:50          4      0,00      0,00      0,00      0,00      0,00      0,00      0,00      0,00      0,00    100,00
18:49:50          5      0,00      0,00      0,00      0,00      0,00      0,00      0,00      0,00      0,00    100,00
18:49:50          6      0,00      0,00      0,00      0,00      0,00      0,00      1,85      0,00      0,00     98,15
18:49:50          7      0,00      0,00      0,00      0,00      0,00      0,00      0,00      0,00      0,00    100,00
18:49:50          8      0,00      0,00      0,00      0,00      0,00      0,00      0,00      0,00      0,00    100,00
18:49:50          9      0,00      0,00      0,00      0,00      0,00      0,00      0,00      0,00      0,00    100,00
18:49:50         10      0,00      0,00      0,00      0,00      0,00      0,00      0,00      0,00      0,00    100,00
18:49:50         11      0,00      0,00      0,00      0,00      0,00      0,00      0,00      0,00      0,00    100,00
18:49:50         12      0,00      0,00      0,00      0,00      0,00      0,00      0,00      0,00      0,00    100,00
18:49:50         13      0,00      0,00      0,00      0,00      0,00      0,00      0,00      0,00      0,00    100,00
18:49:50         14      0,00      0,00      0,00      0,00      0,00      0,00      0,00      0,00      0,00    100,00
18:49:50         15      0,00      0,00      0,00      0,00      0,00      0,00      0,00      0,00      0,00    100,00

18:49:48        IFACE   rxpck/s   txpck/s    rxkB/s    txkB/s   rxcmp/s   txcmp/s  rxmcst/s   %ifutil
18:49:50           lo      0,00      0,00      0,00      0,00      0,00      0,00      0,00      0,00
18:49:50         eno1      2,00 527202,00      0,13  32949,94      0,00      0,00      1,00     26,99
18:49:50         eno2      0,00      0,00      0,00      0,00      0,00      0,00      0,00      0,00
18:49:50      docker0      0,00      0,00      0,00      0,00      0,00      0,00      0,00      0,00
18:49:50      ens2np0 1949675,50  14464,50 114238,80    847,52      0,00      0,00      0,00      9,36
18:49:50      ens2np1      0,00      0,00      0,00      0,00      0,00      0,00      0,00      0,00

18:49:50        CPU      %usr     %nice      %sys   %iowait    %steal      %irq     %soft    %guest    %gnice     %idle
18:49:52        all      6,68      0,00      0,19      0,00      0,00      0,00     12,75      0,00      0,00     80,39
18:49:52          0      0,00      0,00      0,00      0,00      0,00      0,00    100,00      0,00      0,00      0,00
18:49:52          1      0,00      0,00      0,00      0,00      0,00      0,00    100,00      0,00      0,00      0,00
18:49:52          2      1,00      0,00      0,50      0,00      0,00      0,00      0,00      0,00      0,00     98,50
18:49:52          3     98,51      0,00      1,00      0,00      0,00      0,00      0,00      0,00      0,00      0,50
18:49:52          4      0,50      0,00      0,00      0,00      0,00      0,00      0,00      0,00      0,00     99,50
18:49:52          5      0,00      0,00      0,00      0,00      0,00      0,00      0,00      0,00      0,00    100,00
18:49:52          6      0,00      0,00      0,00      0,00      0,00      0,00      1,85      0,00      0,00     98,15
18:49:52          7      1,00      0,00      0,00      0,00      0,00      0,00      0,00      0,00      0,00     99,00
18:49:52          8      0,00      0,00      0,00      0,00      0,00      0,00      0,00      0,00      0,00    100,00
18:49:52          9      0,00      0,00      0,00      0,00      0,00      0,00      0,00      0,00      0,00    100,00
18:49:52         10      0,00      0,00      0,00      0,00      0,00      0,00      0,00      0,00      0,00    100,00
18:49:52         11      1,50      0,00      0,00      0,00      0,00      0,00      0,00      0,00      0,00     98,50
18:49:52         12      1,00      0,00      0,50      0,00      0,00      0,00      0,00      0,00      0,00     98,50
18:49:52         13      0,50      0,00      0,00      0,00      0,00      0,00      0,00      0,00      0,00     99,50
18:49:52         14      0,99      0,00      0,99      0,00      0,00      0,00      0,00      0,00      0,00     98,02
18:49:52         15      0,00      0,00      0,00      0,00      0,00      0,00      0,00      0,00      0,00    100,00

18:49:50        IFACE   rxpck/s   txpck/s    rxkB/s    txkB/s   rxcmp/s   txcmp/s  rxmcst/s   %ifutil
18:49:52           lo      0,00      0,00      0,00      0,00      0,00      0,00      0,00      0,00
18:49:52         eno1      5,00 522332,00      0,31  32645,85      0,00      0,00      1,00     26,74
18:49:52         eno2      0,00      0,00      0,00      0,00      0,00      0,00      0,00      0,00
18:49:52      docker0      0,00      0,00      0,00      0,00      0,00      0,00      0,00      0,00
18:49:52      ens2np0 1941861,50  14417,00 113780,95    844,73      0,00      0,00      0,00      9,32
18:49:52      ens2np1      0,00      0,00      0,00      0,00      0,00      0,00      0,00      0,00

18:49:52        CPU      %usr     %nice      %sys   %iowait    %steal      %irq     %soft    %guest    %gnice     %idle
18:49:54        all      6,23      0,00      0,16      0,03      0,00      0,00     12,71      0,00      0,00     80,87
18:49:54          0      0,00      0,00      0,00      0,00      0,00      0,00    100,00      0,00      0,00      0,00
18:49:54          1      0,00      0,00      0,00      0,00      0,00      0,00    100,00      0,00      0,00      0,00
18:49:54          2      0,00      0,00      0,00      0,00      0,00      0,00      0,00      0,00      0,00    100,00
18:49:54          3     98,50      0,00      1,50      0,00      0,00      0,00      0,00      0,00      0,00      0,00
18:49:54          4      0,00      0,00      0,00      0,00      0,00      0,00      0,00      0,00      0,00    100,00
18:49:54          5      0,00      0,00      0,50      0,00      0,00      0,00      0,00      0,00      0,00     99,50
18:49:54          6      0,00      0,00      0,00      0,00      0,00      0,00      1,23      0,00      0,00     98,77
18:49:54          7      0,00      0,00      0,50      0,00      0,00      0,00      0,00      0,00      0,00     99,50
18:49:54          8      0,00      0,00      0,00      0,00      0,00      0,00      0,00      0,00      0,00    100,00
18:49:54          9      0,00      0,00      0,00      0,00      0,00      0,00      0,00      0,00      0,00    100,00
18:49:54         10      0,00      0,00      0,00      0,00      0,00      0,00      0,00      0,00      0,00    100,00
18:49:54         11      0,00      0,00      0,00      0,00      0,00      0,00      0,00      0,00      0,00    100,00
18:49:54         12      0,00      0,00      0,00      0,00      0,00      0,00      0,00      0,00      0,00    100,00
18:49:54         13      0,00      0,00      0,00      0,00      0,00      0,00      0,00      0,00      0,00    100,00
18:49:54         14      0,00      0,00      0,00      0,50      0,00      0,00      0,00      0,00      0,00     99,50
18:49:54         15      0,00      0,00      0,00      0,00      0,00      0,00      0,00      0,00      0,00    100,00

18:49:52        IFACE   rxpck/s   txpck/s    rxkB/s    txkB/s   rxcmp/s   txcmp/s  rxmcst/s   %ifutil
18:49:54           lo      0,00      0,00      0,00      0,00      0,00      0,00      0,00      0,00
18:49:54         eno1      2,00 521378,50      0,13  32586,25      0,00      0,00      1,00     26,69
18:49:54         eno2      0,00      0,00      0,00      0,00      0,00      0,00      0,00      0,00
18:49:54      docker0      0,00      0,00      0,00      0,00      0,00      0,00      0,00      0,00
18:49:54      ens2np0 1944428,00  14432,50 113931,33    845,65      0,00      0,00      0,00      9,33
18:49:54      ens2np1      0,00      0,00      0,00      0,00      0,00      0,00      0,00      0,00

18:49:54        CPU      %usr     %nice      %sys   %iowait    %steal      %irq     %soft    %guest    %gnice     %idle
18:49:56        all      6,26      0,00      0,13      0,00      0,00      0,00     12,75      0,00      0,00     80,87
18:49:56          0      0,00      0,00      0,50      0,00      0,00      0,00     99,50      0,00      0,00      0,00
18:49:56          1      0,00      0,00      0,00      0,00      0,00      0,00    100,00      0,00      0,00      0,00
18:49:56          2      0,00      0,00      0,00      0,00      0,00      0,00      0,00      0,00      0,00    100,00
18:49:56          3     98,50      0,00      1,50      0,00      0,00      0,00      0,00      0,00      0,00      0,00
18:49:56          4      0,00      0,00      0,00      0,00      0,00      0,00      0,00      0,00      0,00    100,00
18:49:56          5      0,00      0,00      0,00      0,00      0,00      0,00      0,00      0,00      0,00    100,00
18:49:56          6      0,00      0,00      0,00      0,00      0,00      0,00      1,85      0,00      0,00     98,15
18:49:56          7      0,50      0,00      0,00      0,00      0,00      0,00      0,00      0,00      0,00     99,50
18:49:56          8      0,00      0,00      0,00      0,00      0,00      0,00      0,00      0,00      0,00    100,00
18:49:56          9      0,00      0,00      0,00      0,00      0,00      0,00      0,00      0,00      0,00    100,00
18:49:56         10      0,00      0,00      0,00      0,00      0,00      0,00      0,00      0,00      0,00    100,00
18:49:56         11      0,00      0,00      0,00      0,00      0,00      0,00      0,00      0,00      0,00    100,00
18:49:56         12      0,00      0,00      0,00      0,00      0,00      0,00      0,00      0,00      0,00    100,00
18:49:56         13      0,00      0,00      0,00      0,00      0,00      0,00      0,00      0,00      0,00    100,00
18:49:56         14      0,00      0,00      0,00      0,00      0,00      0,00      0,00      0,00      0,00    100,00
18:49:56         15      0,00      0,00      0,00      0,00      0,00      0,00      0,00      0,00      0,00    100,00

18:49:54        IFACE   rxpck/s   txpck/s    rxkB/s    txkB/s   rxcmp/s   txcmp/s  rxmcst/s   %ifutil
18:49:56           lo      0,00      0,00      0,00      0,00      0,00      0,00      0,00      0,00
18:49:56         eno1      4,98 519057,71      0,31  32440,98      0,00      0,00      1,00     26,58
18:49:56         eno2      0,00      0,00      0,00      0,00      0,00      0,00      0,00      0,00
18:49:56      docker0      0,00      0,00      0,00      0,00      0,00      0,00      0,00      0,00
18:49:56      ens2np0 1935530,35  14377,11 113409,98    842,39      0,00      0,00      0,00      9,29
18:49:56      ens2np1      0,00      0,00      0,00      0,00      0,00      0,00      0,00      0,00

18:49:56        CPU      %usr     %nice      %sys   %iowait    %steal      %irq     %soft    %guest    %gnice     %idle
18:49:58        all      6,24      0,00      0,09      0,00      0,00      0,00     12,73      0,00      0,00     80,94
18:49:58          0      0,00      0,00      0,00      0,00      0,00      0,00    100,00      0,00      0,00      0,00
18:49:58          1      0,00      0,00      0,00      0,00      0,00      0,00    100,00      0,00      0,00      0,00
18:49:58          2      0,00      0,00      0,00      0,00      0,00      0,00      0,00      0,00      0,00    100,00
18:49:58          3     98,50      0,00      1,50      0,00      0,00      0,00      0,00      0,00      0,00      0,00
18:49:58          4      0,00      0,00      0,00      0,00      0,00      0,00      0,00      0,00      0,00    100,00
18:49:58          5      0,00      0,00      0,00      0,00      0,00      0,00      0,00      0,00      0,00    100,00
18:49:58          6      0,00      0,00      0,00      0,00      0,00      0,00      1,24      0,00      0,00     98,76
18:49:58          7      0,00      0,00      0,00      0,00      0,00      0,00      0,00      0,00      0,00    100,00
18:49:58          8      0,00      0,00      0,00      0,00      0,00      0,00      0,00      0,00      0,00    100,00
18:49:58          9      0,00      0,00      0,00      0,00      0,00      0,00      0,00      0,00      0,00    100,00
18:49:58         10      0,00      0,00      0,00      0,00      0,00      0,00      0,00      0,00      0,00    100,00
18:49:58         11      0,00      0,00      0,00      0,00      0,00      0,00      0,00      0,00      0,00    100,00
18:49:58         12      0,00      0,00      0,00      0,00      0,00      0,00      0,00      0,00      0,00    100,00
18:49:58         13      0,00      0,00      0,00      0,00      0,00      0,00      0,00      0,00      0,00    100,00
18:49:58         14      0,00      0,00      0,00      0,00      0,00      0,00      0,00      0,00      0,00    100,00
18:49:58         15      0,00      0,00      0,00      0,00      0,00      0,00      0,00      0,00      0,00    100,00

18:49:56        IFACE   rxpck/s   txpck/s    rxkB/s    txkB/s   rxcmp/s   txcmp/s  rxmcst/s   %ifutil
18:49:58           lo      0,00      0,00      0,00      0,00      0,00      0,00      0,00      0,00
18:49:58         eno1      4,00 526444,00      0,26  32902,69      0,00      0,00      1,50     26,95
18:49:58         eno2      0,00      0,00      0,00      0,00      0,00      0,00      0,00      0,00
18:49:58      docker0      0,00      0,00      0,00      0,00      0,00      0,00      0,00      0,00
18:49:58      ens2np0 1947893,00  14448,50 114134,36    846,58      0,00      0,00      0,00      9,35
18:49:58      ens2np1      0,00      0,00      0,00      0,00      0,00      0,00      0,00      0,00

18:49:58        CPU      %usr     %nice      %sys   %iowait    %steal      %irq     %soft    %guest    %gnice     %idle
18:50:00        all      6,35      0,00      0,13      0,00      0,00      0,00     12,76      0,00      0,00     80,76
18:50:00          0      0,00      0,00      0,00      0,00      0,00      0,00    100,00      0,00      0,00      0,00
18:50:00          1      0,00      0,00      0,00      0,00      0,00      0,00    100,00      0,00      0,00      0,00
18:50:00          2      0,00      0,00      0,00      0,00      0,00      0,00      0,50      0,00      0,00     99,50
18:50:00          3     99,00      0,00      1,00      0,00      0,00      0,00      0,00      0,00      0,00      0,00
18:50:00          4      0,50      0,00      0,00      0,00      0,00      0,00      0,00      0,00      0,00     99,50
18:50:00          5      0,00      0,00      0,00      0,00      0,00      0,00      0,00      0,00      0,00    100,00
18:50:00          6      0,00      0,00      0,00      0,00      0,00      0,00      1,85      0,00      0,00     98,15
18:50:00          7      0,50      0,00      0,50      0,00      0,00      0,00      0,00      0,00      0,00     99,00
18:50:00          8      0,00      0,00      0,00      0,00      0,00      0,00      0,00      0,00      0,00    100,00
18:50:00          9      0,00      0,00      0,00      0,00      0,00      0,00      0,00      0,00      0,00    100,00
18:50:00         10      0,50      0,00      0,00      0,00      0,00      0,00      0,00      0,00      0,00     99,50
18:50:00         11      0,00      0,00      0,00      0,00      0,00      0,00      0,00      0,00      0,00    100,00
18:50:00         12      0,00      0,00      0,00      0,00      0,00      0,00      0,00      0,00      0,00    100,00
18:50:00         13      0,00      0,00      0,50      0,00      0,00      0,00      0,00      0,00      0,00     99,50
18:50:00         14      0,00      0,00      0,00      0,00      0,00      0,00      0,00      0,00      0,00    100,00
18:50:00         15      0,00      0,00      0,00      0,00      0,00      0,00      0,00      0,00      0,00    100,00

18:49:58        IFACE   rxpck/s   txpck/s    rxkB/s    txkB/s   rxcmp/s   txcmp/s  rxmcst/s   %ifutil
18:50:00           lo      0,00      0,00      0,00      0,00      0,00      0,00      0,00      0,00
18:50:00         eno1      6,50 528547,50      0,42  33034,35      0,00      0,00      1,50     27,06
18:50:00         eno2      0,00      0,00      0,00      0,00      0,00      0,00      0,00      0,00
18:50:00      docker0      0,00      0,00      0,00      0,00      0,00      0,00      0,00      0,00
18:50:00      ens2np0 1943481,50  14433,00 113875,87    845,67      0,00      0,00      0,00      9,33
18:50:00      ens2np1      0,00      0,00      0,00      0,00      0,00      0,00      0,00      0,00

18:50:00        CPU      %usr     %nice      %sys   %iowait    %steal      %irq     %soft    %guest    %gnice     %idle
18:50:02        all      6,33      0,00      0,03      0,00      0,00      0,00     12,75      0,00      0,00     80,89
18:50:02          0      0,00      0,00      0,00      0,00      0,00      0,00    100,00      0,00      0,00      0,00
18:50:02          1      0,00      0,00      0,00      0,00      0,00      0,00    100,00      0,00      0,00      0,00
18:50:02          2      0,00      0,00      0,00      0,00      0,00      0,00      0,00      0,00      0,00    100,00
18:50:02          3     99,50      0,00      0,50      0,00      0,00      0,00      0,00      0,00      0,00      0,00
18:50:02          4      0,00      0,00      0,00      0,00      0,00      0,00      0,00      0,00      0,00    100,00
18:50:02          5      0,00      0,00      0,00      0,00      0,00      0,00      0,00      0,00      0,00    100,00
18:50:02          6      0,00      0,00      0,00      0,00      0,00      0,00      1,85      0,00      0,00     98,15
18:50:02          7      0,00      0,00      0,00      0,00      0,00      0,00      0,00      0,00      0,00    100,00
18:50:02          8      0,00      0,00      0,00      0,00      0,00      0,00      0,00      0,00      0,00    100,00
18:50:02          9      0,00      0,00      0,00      0,00      0,00      0,00      0,00      0,00      0,00    100,00
18:50:02         10      0,00      0,00      0,00      0,00      0,00      0,00      0,00      0,00      0,00    100,00
18:50:02         11      0,00      0,00      0,00      0,00      0,00      0,00      0,00      0,00      0,00    100,00
18:50:02         12      0,00      0,00      0,00      0,00      0,00      0,00      0,00      0,00      0,00    100,00
18:50:02         13      0,50      0,00      0,00      0,00      0,00      0,00      0,00      0,00      0,00     99,50
18:50:02         14      0,00      0,00      0,00      0,00      0,00      0,00      0,00      0,00      0,00    100,00
18:50:02         15      0,00      0,00      0,00      0,00      0,00      0,00      0,00      0,00      0,00    100,00

18:50:00        IFACE   rxpck/s   txpck/s    rxkB/s    txkB/s   rxcmp/s   txcmp/s  rxmcst/s   %ifutil
18:50:02           lo      0,00      0,00      0,00      0,00      0,00      0,00      0,00      0,00
18:50:02         eno1      4,50 528088,00      0,30  33005,96      0,00      0,00      1,00     27,04
18:50:02         eno2      0,00      0,00      0,00      0,00      0,00      0,00      0,00      0,00
18:50:02      docker0      0,00      0,00      0,00      0,00      0,00      0,00      0,00      0,00
18:50:02      ens2np0 1950219,50  14512,50 114270,67    850,33      0,00      0,00      0,00      9,36
18:50:02      ens2np1      0,00      0,00      0,00      0,00      0,00      0,00      0,00      0,00

18:50:02        CPU      %usr     %nice      %sys   %iowait    %steal      %irq     %soft    %guest    %gnice     %idle
18:50:04        all      6,82      0,00      0,19      0,00      0,00      0,00     12,76      0,00      0,00     80,23
18:50:04          0      0,00      0,00      0,00      0,00      0,00      0,00    100,00      0,00      0,00      0,00
18:50:04          1      0,00      0,00      0,00      0,00      0,00      0,00    100,00      0,00      0,00      0,00
18:50:04          2      1,00      0,00      0,50      0,00      0,00      0,00      0,00      0,00      0,00     98,50
18:50:04          3     98,50      0,00      1,50      0,00      0,00      0,00      0,00      0,00      0,00      0,00
18:50:04          4      0,50      0,00      0,00      0,00      0,00      0,00      0,00      0,00      0,00     99,50
18:50:04          5      1,51      0,00      0,00      0,00      0,00      0,00      0,00      0,00      0,00     98,49
18:50:04          6      1,20      0,00      0,60      0,00      0,00      0,00      3,01      0,00      0,00     95,18
18:50:04          7      1,00      0,00      0,00      0,00      0,00      0,00      0,00      0,00      0,00     99,00
18:50:04          8      0,99      0,00      0,00      0,00      0,00      0,00      0,00      0,00      0,00     99,01
18:50:04          9      0,50      0,00      0,00      0,00      0,00      0,00      0,00      0,00      0,00     99,50
18:50:04         10      0,50      0,00      0,00      0,00      0,00      0,00      0,00      0,00      0,00     99,50
18:50:04         11      0,00      0,00      0,00      0,00      0,00      0,00      0,00      0,00      0,00    100,00
18:50:04         12      0,50      0,00      0,00      0,00      0,00      0,00      0,00      0,00      0,00     99,50
18:50:04         13      0,50      0,00      0,00      0,00      0,00      0,00      0,00      0,00      0,00     99,50
18:50:04         14      1,01      0,00      0,50      0,00      0,00      0,00      0,00      0,00      0,00     98,49
18:50:04         15      0,50      0,00      0,00      0,00      0,00      0,00      0,00      0,00      0,00     99,50

18:50:02        IFACE   rxpck/s   txpck/s    rxkB/s    txkB/s   rxcmp/s   txcmp/s  rxmcst/s   %ifutil
18:50:04           lo      0,00      0,00      0,00      0,00      0,00      0,00      0,00      0,00
18:50:04         eno1      3,00 525388,50      0,19  32837,42      0,00      0,00      1,00     26,90
18:50:04         eno2      0,00      0,00      0,00      0,00      0,00      0,00      0,00      0,00
18:50:04      docker0      0,00      0,00      0,00      0,00      0,00      0,00      0,00      0,00
18:50:04      ens2np0 1940472,50  14433,00 113699,56    845,67      0,00      0,00      0,00      9,31
18:50:04      ens2np1      0,00      0,00      0,00      0,00      0,00      0,00      0,00      0,00

18:50:04        CPU      %usr     %nice      %sys   %iowait    %steal      %irq     %soft    %guest    %gnice     %idle
18:50:06        all      6,24      0,00      0,09      0,00      0,00      0,00     12,73      0,00      0,00     80,94
18:50:06          0      0,00      0,00      0,00      0,00      0,00      0,00    100,00      0,00      0,00      0,00
18:50:06          1      0,00      0,00      0,00      0,00      0,00      0,00    100,00      0,00      0,00      0,00
18:50:06          2      0,00      0,00      0,00      0,00      0,00      0,00      0,00      0,00      0,00    100,00
18:50:06          3     98,50      0,00      1,50      0,00      0,00      0,00      0,00      0,00      0,00      0,00
18:50:06          4      0,00      0,00      0,00      0,00      0,00      0,00      0,00      0,00      0,00    100,00
18:50:06          5      0,00      0,00      0,00      0,00      0,00      0,00      0,00      0,00      0,00    100,00
18:50:06          6      0,00      0,00      0,00      0,00      0,00      0,00      1,24      0,00      0,00     98,76
18:50:06          7      0,00      0,00      0,00      0,00      0,00      0,00      0,00      0,00      0,00    100,00
18:50:06          8      0,00      0,00      0,00      0,00      0,00      0,00      0,00      0,00      0,00    100,00
18:50:06          9      0,00      0,00      0,00      0,00      0,00      0,00      0,00      0,00      0,00    100,00
18:50:06         10      0,00      0,00      0,00      0,00      0,00      0,00      0,00      0,00      0,00    100,00
18:50:06         11      0,00      0,00      0,00      0,00      0,00      0,00      0,00      0,00      0,00    100,00
18:50:06         12      0,00      0,00      0,00      0,00      0,00      0,00      0,00      0,00      0,00    100,00
18:50:06         13      0,00      0,00      0,00      0,00      0,00      0,00      0,00      0,00      0,00    100,00
18:50:06         14      0,00      0,00      0,00      0,00      0,00      0,00      0,00      0,00      0,00    100,00
18:50:06         15      0,00      0,00      0,00      0,00      0,00      0,00      0,00      0,00      0,00    100,00

18:50:04        IFACE   rxpck/s   txpck/s    rxkB/s    txkB/s   rxcmp/s   txcmp/s  rxmcst/s   %ifutil
18:50:06           lo      0,00      0,00      0,00      0,00      0,00      0,00      0,00      0,00
18:50:06         eno1      6,00 525524,00      0,65  32845,68      0,00      0,00      1,50     26,91
18:50:06         eno2      0,00      0,00      0,00      0,00      0,00      0,00      0,00      0,00
18:50:06      docker0      0,00      0,00      0,00      0,00      0,00      0,00      0,00      0,00
18:50:06      ens2np0 1941399,50  14448,50 113753,88    846,58      0,00      0,00      0,00      9,32
18:50:06      ens2np1      0,00      0,00      0,00      0,00      0,00      0,00      0,00      0,00

18:50:06        CPU      %usr     %nice      %sys   %iowait    %steal      %irq     %soft    %guest    %gnice     %idle
18:50:08        all      6,30      0,00      0,06      0,00      0,00      0,00     12,69      0,00      0,00     80,94
18:50:08          0      0,00      0,00      0,00      0,00      0,00      0,00    100,00      0,00      0,00      0,00
18:50:08          1      0,00      0,00      0,00      0,00      0,00      0,00    100,00      0,00      0,00      0,00
18:50:08          2      0,50      0,00      0,00      0,00      0,00      0,00      0,00      0,00      0,00     99,50
18:50:08          3     99,00      0,00      1,00      0,00      0,00      0,00      0,00      0,00      0,00      0,00
18:50:08          4      0,00      0,00      0,00      0,00      0,00      0,00      0,00      0,00      0,00    100,00
18:50:08          5      0,00      0,00      0,00      0,00      0,00      0,00      0,00      0,00      0,00    100,00
18:50:08          6      0,00      0,00      0,00      0,00      0,00      0,00      0,62      0,00      0,00     99,38
18:50:08          7      0,00      0,00      0,00      0,00      0,00      0,00      0,00      0,00      0,00    100,00
18:50:08          8      0,00      0,00      0,00      0,00      0,00      0,00      0,00      0,00      0,00    100,00
18:50:08          9      0,00      0,00      0,00      0,00      0,00      0,00      0,00      0,00      0,00    100,00
18:50:08         10      0,00      0,00      0,00      0,00      0,00      0,00      0,00      0,00      0,00    100,00
18:50:08         11      0,00      0,00      0,00      0,00      0,00      0,00      0,00      0,00      0,00    100,00
18:50:08         12      0,00      0,00      0,00      0,00      0,00      0,00      0,00      0,00      0,00    100,00
18:50:08         13      0,00      0,00      0,00      0,00      0,00      0,00      0,00      0,00      0,00    100,00
18:50:08         14      0,00      0,00      0,00      0,00      0,00      0,00      0,00      0,00      0,00    100,00
18:50:08         15      0,00      0,00      0,00      0,00      0,00      0,00      0,00      0,00      0,00    100,00

18:50:06        IFACE   rxpck/s   txpck/s    rxkB/s    txkB/s   rxcmp/s   txcmp/s  rxmcst/s   %ifutil
18:50:08           lo      0,00      0,00      0,00      0,00      0,00      0,00      0,00      0,00
18:50:08         eno1      4,50 525561,50      0,32  32847,71      0,00      0,00      1,50     26,91
18:50:08         eno2      0,00      0,00      0,00      0,00      0,00      0,00      0,00      0,00
18:50:08      docker0      0,00      0,00      0,00      0,00      0,00      0,00      0,00      0,00
18:50:08      ens2np0 1943316,50  14433,00 113866,20    845,67      0,00      0,00      0,00      9,33
18:50:08      ens2np1      0,00      0,00      0,00      0,00      0,00      0,00      0,00      0,00

18:50:08        CPU      %usr     %nice      %sys   %iowait    %steal      %irq     %soft    %guest    %gnice     %idle
18:50:10        all      6,24      0,00      0,10      0,00      0,00      0,00     12,73      0,00      0,00     80,93
18:50:10          0      0,00      0,00      0,00      0,00      0,00      0,00    100,00      0,00      0,00      0,00
18:50:10          1      0,00      0,00      0,00      0,00      0,00      0,00    100,00      0,00      0,00      0,00
18:50:10          2      0,00      0,00      0,00      0,00      0,00      0,00      0,00      0,00      0,00    100,00
18:50:10          3     98,50      0,00      1,50      0,00      0,00      0,00      0,00      0,00      0,00      0,00
18:50:10          4      0,00      0,00      0,00      0,00      0,00      0,00      0,00      0,00      0,00    100,00
18:50:10          5      0,00      0,00      0,00      0,00      0,00      0,00      0,00      0,00      0,00    100,00
18:50:10          6      0,00      0,00      0,00      0,00      0,00      0,00      1,24      0,00      0,00     98,76
18:50:10          7      0,00      0,00      0,00      0,00      0,00      0,00      0,00      0,00      0,00    100,00
18:50:10          8      0,00      0,00      0,00      0,00      0,00      0,00      0,00      0,00      0,00    100,00
18:50:10          9      0,00      0,00      0,00      0,00      0,00      0,00      0,00      0,00      0,00    100,00
18:50:10         10      0,00      0,00      0,00      0,00      0,00      0,00      0,00      0,00      0,00    100,00
18:50:10         11      0,00      0,00      0,00      0,00      0,00      0,00      0,00      0,00      0,00    100,00
18:50:10         12      0,00      0,00      0,00      0,00      0,00      0,00      0,00      0,00      0,00    100,00
18:50:10         13      0,00      0,00      0,00      0,00      0,00      0,00      0,00      0,00      0,00    100,00
18:50:10         14      0,00      0,00      0,00      0,00      0,00      0,00      0,00      0,00      0,00    100,00
18:50:10         15      0,00      0,00      0,00      0,00      0,00      0,00      0,00      0,00      0,00    100,00

18:50:08        IFACE   rxpck/s   txpck/s    rxkB/s    txkB/s   rxcmp/s   txcmp/s  rxmcst/s   %ifutil
18:50:10           lo      0,00      0,00      0,00      0,00      0,00      0,00      0,00      0,00
18:50:10         eno1      5,00 526195,00      0,34  32887,52      0,00      0,00      1,50     26,94
18:50:10         eno2      0,00      0,00      0,00      0,00      0,00      0,00      0,00      0,00
18:50:10      docker0      0,00      0,00      0,00      0,00      0,00      0,00      0,00      0,00
18:50:10      ens2np0 1944781,50  14448,50 113952,04    846,58      0,00      0,00      0,00      9,33
18:50:10      ens2np1      0,00      0,00      0,00      0,00      0,00      0,00      0,00      0,00

Average:        CPU      %usr     %nice      %sys   %iowait    %steal      %irq     %soft    %guest    %gnice     %idle
Average:        all      6,36      0,00      0,10      0,00      0,00      0,00     10,00      0,00      0,00     83,55
Average:          0      0,04      0,00      0,08      0,00      0,00      0,00     78,60      0,00      0,00     21,28
Average:          1     21,34      0,00      0,02      0,00      0,00      0,00     78,64      0,00      0,00      0,00
Average:          2      4,83      0,00      0,12      0,00      0,00      0,00      0,02      0,00      0,00     95,03
Average:          3     70,24      0,00      0,84      0,00      0,00      0,00      0,00      0,00      0,00     28,92
Average:          4      0,10      0,00      0,02      0,00      0,00      0,00      0,00      0,00      0,00     99,88
Average:          5      0,14      0,00      0,02      0,02      0,00      0,00      0,00      0,00      0,00     99,82
Average:          6      2,18      0,00      0,05      0,00      0,00      0,00      1,43      0,00      0,00     96,34
Average:          7      0,22      0,00      0,04      0,00      0,00      0,00      0,00      0,00      0,00     99,74
Average:          8      0,12      0,00      0,00      0,00      0,00      0,00      0,00      0,00      0,00     99,88
Average:          9      0,08      0,00      0,02      0,00      0,00      0,00      0,00      0,00      0,00     99,90
Average:         10      0,16      0,00      0,06      0,00      0,00      0,00      0,00      0,00      0,00     99,78
Average:         11      0,24      0,00      0,00      0,00      0,00      0,00      0,00      0,00      0,00     99,76
Average:         12      0,12      0,00      0,04      0,00      0,00      0,00      0,00      0,00      0,00     99,84
Average:         13      0,14      0,00      0,06      0,00      0,00      0,00      0,00      0,00      0,00     99,80
Average:         14      1,00      0,00      0,14      0,02      0,00      0,00      0,00      0,00      0,00     98,84
Average:         15      0,14      0,00      0,02      0,00      0,00      0,00      0,00      0,00      0,00     99,84

Average:        IFACE   rxpck/s   txpck/s    rxkB/s    txkB/s   rxcmp/s   txcmp/s  rxmcst/s   %ifutil
Average:           lo      0,16      0,16      0,02      0,02      0,00      0,00      0,00      0,00
Average:         eno1      4,92 399432,85      0,44  24964,73      0,00      0,00      1,16     20,45
Average:         eno2      0,00      0,00      0,00      0,00      0,00      0,00      0,00      0,00
Average:      docker0      0,00      0,00      0,00      0,00      0,00      0,00      0,00      0,00
Average:      ens2np0 1530454,45  11303,40  89675,07    662,30      0,00      0,00      0,00      7,35
Average:      ens2np1      0,00      0,00      0,00      0,00      0,00      0,00      0,00      0,00
