Linux 5.13.0-52-generic (w1) 	20/07/2022 	_x86_64_	(16 CPU)

22:03:33        CPU      %usr     %nice      %sys   %iowait    %steal      %irq     %soft    %guest    %gnice     %idle
22:03:35        all      6,69      0,00      0,13      0,00      0,00      0,00      0,00      0,00      0,00     93,18
22:03:35          0      1,50      0,00      0,50      0,00      0,00      0,00      0,00      0,00      0,00     98,00
22:03:35          1      0,00      0,00      0,00      0,00      0,00      0,00      0,00      0,00      0,00    100,00
22:03:35          2      0,00      0,00      0,00      0,00      0,00      0,00      0,00      0,00      0,00    100,00
22:03:35          3      0,00      0,00      0,50      0,00      0,00      0,00      0,00      0,00      0,00     99,50
22:03:35          4      0,50      0,00      0,00      0,00      0,00      0,00      0,00      0,00      0,00     99,50
22:03:35          5      0,50      0,00      0,00      0,00      0,00      0,00      0,00      0,00      0,00     99,50
22:03:35          6      0,50      0,00      0,00      0,00      0,00      0,00      0,00      0,00      0,00     99,50
22:03:35          7      1,00      0,00      0,00      0,00      0,00      0,00      0,00      0,00      0,00     99,00
22:03:35          8      0,50      0,00      0,00      0,00      0,00      0,00      0,00      0,00      0,00     99,50
22:03:35          9      0,50      0,00      0,00      0,00      0,00      0,00      0,00      0,00      0,00     99,50
22:03:35         10    100,00      0,00      0,00      0,00      0,00      0,00      0,00      0,00      0,00      0,00
22:03:35         11      0,00      0,00      0,00      0,00      0,00      0,00      0,00      0,00      0,00    100,00
22:03:35         12      0,00      0,00      0,00      0,00      0,00      0,00      0,00      0,00      0,00    100,00
22:03:35         13      1,00      0,00      0,00      0,00      0,00      0,00      0,00      0,00      0,00     99,00
22:03:35         14      0,50      0,00      0,00      0,00      0,00      0,00      0,00      0,00      0,00     99,50
22:03:35         15      0,50      0,00      1,00      0,00      0,00      0,00      0,00      0,00      0,00     98,50

22:03:33        IFACE   rxpck/s   txpck/s    rxkB/s    txkB/s   rxcmp/s   txcmp/s  rxmcst/s   %ifutil
22:03:35           lo      0,00      0,00      0,00      0,00      0,00      0,00      0,00      0,00
22:03:35         eno1     19,00     18,00      3,71      3,39      0,00      0,00      1,00      0,00
22:03:35         eno2      0,00      0,00      0,00      0,00      0,00      0,00      0,00      0,00
22:03:35      docker0      0,00      0,00      0,00      0,00      0,00      0,00      0,00      0,00
22:03:35      ens2np0      0,00      0,00      0,00      0,00      0,00      0,00      0,00      0,00
22:03:35      ens2np1      0,00      0,00      0,00      0,00      0,00      0,00      0,00      0,00

22:03:35        CPU      %usr     %nice      %sys   %iowait    %steal      %irq     %soft    %guest    %gnice     %idle
22:03:37        all      6,37      0,00      0,03      0,00      0,00      0,00      0,00      0,00      0,00     93,60
22:03:37          0      0,00      0,00      0,00      0,00      0,00      0,00      0,00      0,00      0,00    100,00
22:03:37          1      0,50      0,00      0,00      0,00      0,00      0,00      0,00      0,00      0,00     99,50
22:03:37          2     85,50      0,00      0,00      0,00      0,00      0,00      0,00      0,00      0,00     14,50
22:03:37          3      0,00      0,00      0,00      0,00      0,00      0,00      0,00      0,00      0,00    100,00
22:03:37          4      0,00      0,00      0,00      0,00      0,00      0,00      0,00      0,00      0,00    100,00
22:03:37          5      0,00      0,00      0,00      0,00      0,00      0,00      0,00      0,00      0,00    100,00
22:03:37          6      0,00      0,00      0,00      0,00      0,00      0,00      0,00      0,00      0,00    100,00
22:03:37          7      0,00      0,00      0,00      0,00      0,00      0,00      0,00      0,00      0,00    100,00
22:03:37          8      0,00      0,00      0,00      0,00      0,00      0,00      0,00      0,00      0,00    100,00
22:03:37          9      0,50      0,00      0,50      0,00      0,00      0,00      0,00      0,00      0,00     99,01
22:03:37         10     14,50      0,00      0,00      0,00      0,00      0,00      0,00      0,00      0,00     85,50
22:03:37         11      0,50      0,00      0,00      0,00      0,00      0,00      0,00      0,00      0,00     99,50
22:03:37         12      0,00      0,00      0,00      0,00      0,00      0,00      0,00      0,00      0,00    100,00
22:03:37         13      0,00      0,00      0,00      0,00      0,00      0,00      0,00      0,00      0,00    100,00
22:03:37         14      0,00      0,00      0,00      0,00      0,00      0,00      0,00      0,00      0,00    100,00
22:03:37         15      0,50      0,00      0,00      0,00      0,00      0,00      0,00      0,00      0,00     99,50

22:03:35        IFACE   rxpck/s   txpck/s    rxkB/s    txkB/s   rxcmp/s   txcmp/s  rxmcst/s   %ifutil
22:03:37           lo      0,00      0,00      0,00      0,00      0,00      0,00      0,00      0,00
22:03:37         eno1      3,00      0,50      0,19      0,03      0,00      0,00      1,00      0,00
22:03:37         eno2      0,00      0,00      0,00      0,00      0,00      0,00      0,00      0,00
22:03:37      docker0      0,00      0,00      0,00      0,00      0,00      0,00      0,00      0,00
22:03:37      ens2np0      0,00      0,00      0,00      0,00      0,00      0,00      0,00      0,00
22:03:37      ens2np1      0,00      0,00      0,00      0,00      0,00      0,00      0,00      0,00

22:03:37        CPU      %usr     %nice      %sys   %iowait    %steal      %irq     %soft    %guest    %gnice     %idle
22:03:39        all      6,13      0,00      0,16      0,00      0,00      0,00     29,30      0,00      0,00     64,41
22:03:39          0      0,00      0,00      0,00      0,00      0,00      0,00     30,81      0,00      0,00     69,19
22:03:39          1      0,00      0,00      0,00      0,00      0,00      0,00     62,50      0,00      0,00     37,50
22:03:39          2     37,31      0,00      0,00      0,00      0,00      0,00     62,69      0,00      0,00      0,00
22:03:39          3      0,00      0,00      0,00      0,00      0,00      0,00     62,63      0,00      0,00     37,37
22:03:39          4      0,00      0,00      0,00      0,00      0,00      0,00     62,50      0,00      0,00     37,50
22:03:39          5      0,00      0,00      0,00      0,00      0,00      0,00     62,50      0,00      0,00     37,50
22:03:39          6      0,00      0,00      0,00      0,00      0,00      0,00     62,81      0,00      0,00     37,19
22:03:39          7      0,00      0,00      0,00      0,00      0,00      0,00     62,81      0,00      0,00     37,19
22:03:39          8      0,00      0,00      0,00      0,00      0,00      0,00      0,00      0,00      0,00    100,00
22:03:39          9      0,00      0,00      0,00      0,00      0,00      0,00      0,00      0,00      0,00    100,00
22:03:39         10     60,00      0,00      2,50      0,00      0,00      0,00      0,00      0,00      0,00     37,50
22:03:39         11      0,00      0,00      0,00      0,00      0,00      0,00      0,00      0,00      0,00    100,00
22:03:39         12      0,00      0,00      0,00      0,00      0,00      0,00      0,00      0,00      0,00    100,00
22:03:39         13      0,00      0,00      0,00      0,00      0,00      0,00      0,00      0,00      0,00    100,00
22:03:39         14      0,00      0,00      0,00      0,00      0,00      0,00      0,00      0,00      0,00    100,00
22:03:39         15      0,00      0,00      0,00      0,00      0,00      0,00      0,00      0,00      0,00    100,00

22:03:37        IFACE   rxpck/s   txpck/s    rxkB/s    txkB/s   rxcmp/s   txcmp/s  rxmcst/s   %ifutil
22:03:39           lo      0,00      0,00      0,00      0,00      0,00      0,00      0,00      0,00
22:03:39         eno1      2,00  59571,50      0,12  14892,03      0,00      0,00      0,50     12,20
22:03:39         eno2      0,00      0,00      0,00      0,00      0,00      0,00      0,00      0,00
22:03:39      docker0      0,00      0,00      0,00      0,00      0,00      0,00      0,00      0,00
22:03:39      ens2np0 947408,50  31377,00 233151,31   7644,67      0,00      0,00      0,00     19,10
22:03:39      ens2np1      0,00      0,00      0,00      0,00      0,00      0,00      0,00      0,00

22:03:39        CPU      %usr     %nice      %sys   %iowait    %steal      %irq     %soft    %guest    %gnice     %idle
22:03:41        all      5,98      0,00      0,31      0,00      0,00      0,00     47,62      0,00      0,00     46,08
22:03:41          0      2,82      0,00      0,00      0,00      0,00      0,00     63,84      0,00      0,00     33,33
22:03:41          1      0,00      0,00      0,00      0,00      0,00      0,00    100,00      0,00      0,00      0,00
22:03:41          2      0,00      0,00      0,00      0,00      0,00      0,00    100,00      0,00      0,00      0,00
22:03:41          3      0,00      0,00      0,00      0,00      0,00      0,00    100,00      0,00      0,00      0,00
22:03:41          4      0,00      0,00      0,00      0,00      0,00      0,00    100,00      0,00      0,00      0,00
22:03:41          5      0,00      0,00      0,00      0,00      0,00      0,00    100,00      0,00      0,00      0,00
22:03:41          6      0,00      0,00      0,00      0,00      0,00      0,00    100,00      0,00      0,00      0,00
22:03:41          7      0,00      0,00      0,00      0,00      0,00      0,00    100,00      0,00      0,00      0,00
22:03:41          8     49,50      0,00      2,50      0,00      0,00      0,00      0,00      0,00      0,00     48,00
22:03:41          9      0,00      0,00      0,00      0,00      0,00      0,00      0,00      0,00      0,00    100,00
22:03:41         10     42,50      0,00      2,50      0,00      0,00      0,00      0,00      0,00      0,00     55,00
22:03:41         11      0,00      0,00      0,00      0,00      0,00      0,00      0,00      0,00      0,00    100,00
22:03:41         12      0,50      0,00      0,00      0,00      0,00      0,00      0,00      0,00      0,00     99,50
22:03:41         13      0,00      0,00      0,00      0,00      0,00      0,00      0,00      0,00      0,00    100,00
22:03:41         14      0,00      0,00      0,00      0,00      0,00      0,00      0,00      0,00      0,00    100,00
22:03:41         15      0,00      0,00      0,00      0,00      0,00      0,00      0,00      0,00      0,00    100,00

22:03:39        IFACE   rxpck/s   txpck/s    rxkB/s    txkB/s   rxcmp/s   txcmp/s  rxmcst/s   %ifutil
22:03:41           lo      0,00      0,00      0,00      0,00      0,00      0,00      0,00      0,00
22:03:41         eno1      5,00 463746,00      0,31 115936,28      0,00      0,00      1,00     94,98
22:03:41         eno2      0,00      0,00      0,00      0,00      0,00      0,00      0,00      0,00
22:03:41      docker0      0,00      0,00      0,00      0,00      0,00      0,00      0,00      0,00
22:03:41      ens2np0 1560969,00  49508,00 384144,71  12183,51      0,00      0,00      0,00     31,47
22:03:41      ens2np1      0,00      0,00      0,00      0,00      0,00      0,00      0,00      0,00

22:03:41        CPU      %usr     %nice      %sys   %iowait    %steal      %irq     %soft    %guest    %gnice     %idle
22:03:43        all      5,79      0,00      0,35      0,00      0,00      0,00     48,30      0,00      0,00     45,56
22:03:43          0      4,55      0,00      0,57      0,00      0,00      0,00     76,14      0,00      0,00     18,75
22:03:43          1      0,00      0,00      0,00      0,00      0,00      0,00    100,00      0,00      0,00      0,00
22:03:43          2      0,00      0,00      0,00      0,00      0,00      0,00    100,00      0,00      0,00      0,00
22:03:43          3      0,00      0,00      0,00      0,00      0,00      0,00    100,00      0,00      0,00      0,00
22:03:43          4      0,00      0,00      0,00      0,00      0,00      0,00    100,00      0,00      0,00      0,00
22:03:43          5      0,00      0,00      0,00      0,00      0,00      0,00    100,00      0,00      0,00      0,00
22:03:43          6      0,00      0,00      0,00      0,00      0,00      0,00    100,00      0,00      0,00      0,00
22:03:43          7      0,00      0,00      0,00      0,00      0,00      0,00    100,00      0,00      0,00      0,00
22:03:43          8     87,56      0,00      4,98      0,00      0,00      0,00      0,00      0,00      0,00      7,46
22:03:43          9      0,00      0,00      0,00      0,00      0,00      0,00      0,00      0,00      0,00    100,00
22:03:43         10      0,00      0,00      0,00      0,00      0,00      0,00      0,00      0,00      0,00    100,00
22:03:43         11      0,00      0,00      0,00      0,00      0,00      0,00      0,00      0,00      0,00    100,00
22:03:43         12      0,00      0,00      0,00      0,00      0,00      0,00      0,00      0,00      0,00    100,00
22:03:43         13      0,00      0,00      0,00      0,00      0,00      0,00      0,00      0,00      0,00    100,00
22:03:43         14      0,00      0,00      0,00      0,00      0,00      0,00      0,00      0,00      0,00    100,00
22:03:43         15      0,00      0,00      0,00      0,00      0,00      0,00      0,00      0,00      0,00    100,00

22:03:41        IFACE   rxpck/s   txpck/s    rxkB/s    txkB/s   rxcmp/s   txcmp/s  rxmcst/s   %ifutil
22:03:43           lo      0,00      0,00      0,00      0,00      0,00      0,00      0,00      0,00
22:03:43         eno1      2,50 462880,00      0,16 115719,91      0,00      0,00      1,00     94,80
22:03:43         eno2      0,00      0,00      0,00      0,00      0,00      0,00      0,00      0,00
22:03:43      docker0      0,00      0,00      0,00      0,00      0,00      0,00      0,00      0,00
22:03:43      ens2np0 1584813,00  48559,00 390012,57  11949,86      0,00      0,00      0,00     31,95
22:03:43      ens2np1      0,00      0,00      0,00      0,00      0,00      0,00      0,00      0,00

22:03:43        CPU      %usr     %nice      %sys   %iowait    %steal      %irq     %soft    %guest    %gnice     %idle
22:03:45        all      6,08      0,00      0,44      0,03      0,00      0,00     48,20      0,00      0,00     45,24
22:03:45          0      4,60      0,00      0,00      0,00      0,00      0,00     74,71      0,00      0,00     20,69
22:03:45          1      0,00      0,00      0,00      0,00      0,00      0,00    100,00      0,00      0,00      0,00
22:03:45          2      0,00      0,00      0,00      0,00      0,00      0,00    100,00      0,00      0,00      0,00
22:03:45          3      0,00      0,00      0,00      0,00      0,00      0,00    100,00      0,00      0,00      0,00
22:03:45          4      0,00      0,00      0,00      0,00      0,00      0,00    100,00      0,00      0,00      0,00
22:03:45          5      0,00      0,00      0,00      0,00      0,00      0,00    100,00      0,00      0,00      0,00
22:03:45          6      0,00      0,00      0,00      0,00      0,00      0,00    100,00      0,00      0,00      0,00
22:03:45          7      0,00      0,00      0,00      0,00      0,00      0,00    100,00      0,00      0,00      0,00
22:03:45          8     87,94      0,00      4,52      0,00      0,00      0,00      0,00      0,00      0,00      7,54
22:03:45          9      0,50      0,00      0,00      0,50      0,00      0,00      0,00      0,00      0,00     99,00
22:03:45         10      1,50      0,00      0,50      0,00      0,00      0,00      0,00      0,00      0,00     98,00
22:03:45         11      0,50      0,00      0,00      0,00      0,00      0,00      0,00      0,00      0,00     99,50
22:03:45         12      0,50      0,00      0,50      0,00      0,00      0,00      0,00      0,00      0,00     99,00
22:03:45         13      0,50      0,00      0,50      0,00      0,00      0,00      0,00      0,00      0,00     99,01
22:03:45         14      0,50      0,00      0,50      0,00      0,00      0,00      0,00      0,00      0,00     99,00
22:03:45         15      1,01      0,00      0,50      0,00      0,00      0,00      0,00      0,00      0,00     98,49

22:03:43        IFACE   rxpck/s   txpck/s    rxkB/s    txkB/s   rxcmp/s   txcmp/s  rxmcst/s   %ifutil
22:03:45           lo      0,00      0,00      0,00      0,00      0,00      0,00      0,00      0,00
22:03:45         eno1      3,50 463804,00      0,22 115951,55      0,00      0,00      1,50     94,99
22:03:45         eno2      0,00      0,00      0,00      0,00      0,00      0,00      0,00      0,00
22:03:45      docker0      0,00      0,00      0,00      0,00      0,00      0,00      0,00      0,00
22:03:45      ens2np0 1582183,00  48368,50 389365,35  11903,08      0,00      0,00      0,00     31,90
22:03:45      ens2np1      0,00      0,00      0,00      0,00      0,00      0,00      0,00      0,00

22:03:45        CPU      %usr     %nice      %sys   %iowait    %steal      %irq     %soft    %guest    %gnice     %idle
22:03:47        all      5,60      0,00      0,31      0,00      0,00      0,00     48,17      0,00      0,00     45,91
22:03:47          0      6,74      0,00      0,00      0,00      0,00      0,00     73,60      0,00      0,00     19,66
22:03:47          1      0,00      0,00      0,00      0,00      0,00      0,00    100,00      0,00      0,00      0,00
22:03:47          2      0,00      0,00      0,00      0,00      0,00      0,00    100,00      0,00      0,00      0,00
22:03:47          3      0,00      0,00      0,00      0,00      0,00      0,00    100,00      0,00      0,00      0,00
22:03:47          4      0,00      0,00      0,00      0,00      0,00      0,00    100,00      0,00      0,00      0,00
22:03:47          5      0,00      0,00      0,00      0,00      0,00      0,00    100,00      0,00      0,00      0,00
22:03:47          6      0,00      0,00      0,00      0,00      0,00      0,00    100,00      0,00      0,00      0,00
22:03:47          7      0,00      0,00      0,00      0,00      0,00      0,00    100,00      0,00      0,00      0,00
22:03:47          8     82,59      0,00      4,98      0,00      0,00      0,00      0,00      0,00      0,00     12,44
22:03:47          9      0,00      0,00      0,00      0,00      0,00      0,00      0,00      0,00      0,00    100,00
22:03:47         10      0,00      0,00      0,00      0,00      0,00      0,00      0,00      0,00      0,00    100,00
22:03:47         11      0,00      0,00      0,00      0,00      0,00      0,00      0,00      0,00      0,00    100,00
22:03:47         12      0,00      0,00      0,00      0,00      0,00      0,00      0,00      0,00      0,00    100,00
22:03:47         13      0,00      0,00      0,00      0,00      0,00      0,00      0,00      0,00      0,00    100,00
22:03:47         14      0,00      0,00      0,00      0,00      0,00      0,00      0,00      0,00      0,00    100,00
22:03:47         15      0,00      0,00      0,00      0,00      0,00      0,00      0,00      0,00      0,00    100,00

22:03:45        IFACE   rxpck/s   txpck/s    rxkB/s    txkB/s   rxcmp/s   txcmp/s  rxmcst/s   %ifutil
22:03:47           lo      0,00      0,00      0,00      0,00      0,00      0,00      0,00      0,00
22:03:47         eno1      4,50 463708,00      0,28 115926,62      0,00      0,00      1,00     94,97
22:03:47         eno2      0,00      0,00      0,00      0,00      0,00      0,00      0,00      0,00
22:03:47      docker0      0,00      0,00      0,00      0,00      0,00      0,00      0,00      0,00
22:03:47      ens2np0 1587386,50  47393,00 390645,90  11662,92      0,00      0,00      0,00     32,00
22:03:47      ens2np1      0,00      0,00      0,00      0,00      0,00      0,00      0,00      0,00

22:03:47        CPU      %usr     %nice      %sys   %iowait    %steal      %irq     %soft    %guest    %gnice     %idle
22:03:49        all      5,92      0,00      0,44      0,00      0,00      0,00     48,10      0,00      0,00     45,54
22:03:49          0      0,00      0,00      0,00      0,00      0,00      0,00     75,32      0,00      0,00     24,68
22:03:49          1      0,00      0,00      0,00      0,00      0,00      0,00    100,00      0,00      0,00      0,00
22:03:49          2      0,00      0,00      0,00      0,00      0,00      0,00    100,00      0,00      0,00      0,00
22:03:49          3      0,00      0,00      0,00      0,00      0,00      0,00    100,00      0,00      0,00      0,00
22:03:49          4      0,00      0,00      0,00      0,00      0,00      0,00    100,00      0,00      0,00      0,00
22:03:49          5      0,00      0,00      0,00      0,00      0,00      0,00    100,00      0,00      0,00      0,00
22:03:49          6      0,00      0,00      0,00      0,00      0,00      0,00    100,00      0,00      0,00      0,00
22:03:49          7      0,00      0,00      0,00      0,00      0,00      0,00    100,00      0,00      0,00      0,00
22:03:49          8     93,50      0,00      6,50      0,00      0,00      0,00      0,00      0,00      0,00      0,00
22:03:49          9      0,00      0,00      0,00      0,00      0,00      0,00      0,00      0,00      0,00    100,00
22:03:49         10      0,00      0,00      0,00      0,00      0,00      0,00      0,00      0,00      0,00    100,00
22:03:49         11      0,00      0,00      0,00      0,00      0,00      0,00      0,00      0,00      0,00    100,00
22:03:49         12      0,00      0,00      0,00      0,00      0,00      0,00      0,00      0,00      0,00    100,00
22:03:49         13      0,00      0,00      0,00      0,00      0,00      0,00      0,00      0,00      0,00    100,00
22:03:49         14      0,00      0,00      0,00      0,00      0,00      0,00      0,00      0,00      0,00    100,00
22:03:49         15      0,00      0,00      0,50      0,00      0,00      0,00      0,00      0,00      0,00     99,50

22:03:47        IFACE   rxpck/s   txpck/s    rxkB/s    txkB/s   rxcmp/s   txcmp/s  rxmcst/s   %ifutil
22:03:49           lo      0,00      0,00      0,00      0,00      0,00      0,00      0,00      0,00
22:03:49         eno1      2,50 463799,00      0,17 115949,48      0,00      0,00      1,00     94,99
22:03:49         eno2      0,00      0,00      0,00      0,00      0,00      0,00      0,00      0,00
22:03:49      docker0      0,00      0,00      0,00      0,00      0,00      0,00      0,00      0,00
22:03:49      ens2np0 1588101,00  50176,50 390821,73  12348,02      0,00      0,00      0,00     32,02
22:03:49      ens2np1      0,00      0,00      0,00      0,00      0,00      0,00      0,00      0,00

22:03:49        CPU      %usr     %nice      %sys   %iowait    %steal      %irq     %soft    %guest    %gnice     %idle
22:03:51        all      6,02      0,00      0,28      0,00      0,00      0,00     48,28      0,00      0,00     45,41
22:03:51          0      3,51      0,00      0,00      0,00      0,00      0,00     76,61      0,00      0,00     19,88
22:03:51          1      0,00      0,00      0,00      0,00      0,00      0,00    100,00      0,00      0,00      0,00
22:03:51          2      0,00      0,00      0,00      0,00      0,00      0,00    100,00      0,00      0,00      0,00
22:03:51          3      0,00      0,00      0,00      0,00      0,00      0,00    100,00      0,00      0,00      0,00
22:03:51          4      0,00      0,00      0,00      0,00      0,00      0,00    100,00      0,00      0,00      0,00
22:03:51          5      0,00      0,00      0,00      0,00      0,00      0,00    100,00      0,00      0,00      0,00
22:03:51          6      0,00      0,00      0,00      0,00      0,00      0,00    100,00      0,00      0,00      0,00
22:03:51          7      0,00      0,00      0,00      0,00      0,00      0,00    100,00      0,00      0,00      0,00
22:03:51          8     92,46      0,00      4,52      0,00      0,00      0,00      0,00      0,00      0,00      3,02
22:03:51          9      0,00      0,00      0,00      0,00      0,00      0,00      0,00      0,00      0,00    100,00
22:03:51         10      0,00      0,00      0,00      0,00      0,00      0,00      0,00      0,00      0,00    100,00
22:03:51         11      0,00      0,00      0,00      0,00      0,00      0,00      0,00      0,00      0,00    100,00
22:03:51         12      0,00      0,00      0,00      0,00      0,00      0,00      0,00      0,00      0,00    100,00
22:03:51         13      0,50      0,00      0,00      0,00      0,00      0,00      0,00      0,00      0,00     99,50
22:03:51         14      0,00      0,00      0,00      0,00      0,00      0,00      0,00      0,00      0,00    100,00
22:03:51         15      0,00      0,00      0,00      0,00      0,00      0,00      0,00      0,00      0,00    100,00

22:03:49        IFACE   rxpck/s   txpck/s    rxkB/s    txkB/s   rxcmp/s   txcmp/s  rxmcst/s   %ifutil
22:03:51           lo      0,00      0,00      0,00      0,00      0,00      0,00      0,00      0,00
22:03:51         eno1      4,50 463776,50      0,29 115943,94      0,00      0,00      1,00     94,98
22:03:51         eno2      0,00      0,00      0,00      0,00      0,00      0,00      0,00      0,00
22:03:51      docker0      0,00      0,00      0,00      0,00      0,00      0,00      0,00      0,00
22:03:51      ens2np0 1586180,00  49170,50 390348,98  12100,35      0,00      0,00      0,00     31,98
22:03:51      ens2np1      0,00      0,00      0,00      0,00      0,00      0,00      0,00      0,00

22:03:51        CPU      %usr     %nice      %sys   %iowait    %steal      %irq     %soft    %guest    %gnice     %idle
22:03:53        all      5,75      0,00      0,41      0,00      0,00      0,00     47,96      0,00      0,00     45,87
22:03:53          0      6,17      0,00      0,62      0,00      0,00      0,00     72,22      0,00      0,00     20,99
22:03:53          1      0,00      0,00      0,00      0,00      0,00      0,00    100,00      0,00      0,00      0,00
22:03:53          2      0,00      0,00      0,00      0,00      0,00      0,00    100,00      0,00      0,00      0,00
22:03:53          3      0,00      0,00      0,00      0,00      0,00      0,00    100,00      0,00      0,00      0,00
22:03:53          4      0,00      0,00      0,00      0,00      0,00      0,00    100,00      0,00      0,00      0,00
22:03:53          5      0,00      0,00      0,00      0,00      0,00      0,00    100,00      0,00      0,00      0,00
22:03:53          6      0,00      0,00      0,00      0,00      0,00      0,00    100,00      0,00      0,00      0,00
22:03:53          7      0,00      0,00      0,00      0,00      0,00      0,00    100,00      0,00      0,00      0,00
22:03:53          8     85,57      0,00      5,97      0,00      0,00      0,00      0,00      0,00      0,00      8,46
22:03:53          9      0,00      0,00      0,00      0,00      0,00      0,00      0,00      0,00      0,00    100,00
22:03:53         10      0,00      0,00      0,00      0,00      0,00      0,00      0,00      0,00      0,00    100,00
22:03:53         11      0,00      0,00      0,00      0,00      0,00      0,00      0,00      0,00      0,00    100,00
22:03:53         12      0,00      0,00      0,00      0,00      0,00      0,00      0,00      0,00      0,00    100,00
22:03:53         13      0,00      0,00      0,00      0,00      0,00      0,00      0,00      0,00      0,00    100,00
22:03:53         14      0,00      0,00      0,00      0,00      0,00      0,00      0,00      0,00      0,00    100,00
22:03:53         15      0,00      0,00      0,00      0,00      0,00      0,00      0,00      0,00      0,00    100,00

22:03:51        IFACE   rxpck/s   txpck/s    rxkB/s    txkB/s   rxcmp/s   txcmp/s  rxmcst/s   %ifutil
22:03:53           lo      0,00      0,00      0,00      0,00      0,00      0,00      0,00      0,00
22:03:53         eno1      2,00 463793,00      0,13 115948,16      0,00      0,00      1,00     94,98
22:03:53         eno2      0,00      0,00      0,00      0,00      0,00      0,00      0,00      0,00
22:03:53      docker0      0,00      0,00      0,00      0,00      0,00      0,00      0,00      0,00
22:03:53      ens2np0 1588776,00  48258,00 390987,84  11875,89      0,00      0,00      0,00     32,03
22:03:53      ens2np1      0,00      0,00      0,00      0,00      0,00      0,00      0,00      0,00

22:03:53        CPU      %usr     %nice      %sys   %iowait    %steal      %irq     %soft    %guest    %gnice     %idle
22:03:55        all      6,22      0,00      0,35      0,00      0,00      0,00     48,23      0,00      0,00     45,20
22:03:55          0      4,76      0,00      0,00      0,00      0,00      0,00     75,60      0,00      0,00     19,64
22:03:55          1      0,00      0,00      0,00      0,00      0,00      0,00    100,00      0,00      0,00      0,00
22:03:55          2      0,00      0,00      0,00      0,00      0,00      0,00    100,00      0,00      0,00      0,00
22:03:55          3      0,00      0,00      0,00      0,00      0,00      0,00    100,00      0,00      0,00      0,00
22:03:55          4      0,00      0,00      0,00      0,00      0,00      0,00    100,00      0,00      0,00      0,00
22:03:55          5      0,00      0,00      0,00      0,00      0,00      0,00    100,00      0,00      0,00      0,00
22:03:55          6      0,00      0,00      0,00      0,00      0,00      0,00    100,00      0,00      0,00      0,00
22:03:55          7      0,00      0,00      0,00      0,00      0,00      0,00    100,00      0,00      0,00      0,00
22:03:55          8     89,95      0,00      3,52      0,00      0,00      0,00      0,00      0,00      0,00      6,53
22:03:55          9      1,00      0,00      0,00      0,00      0,00      0,00      0,00      0,00      0,00     99,00
22:03:55         10      1,50      0,00      0,00      0,00      0,00      0,00      0,00      0,00      0,00     98,50
22:03:55         11      1,00      0,00      0,50      0,00      0,00      0,00      0,00      0,00      0,00     98,51
22:03:55         12      0,00      0,00      0,00      0,00      0,00      0,00      0,00      0,00      0,00    100,00
22:03:55         13      0,00      0,00      0,50      0,00      0,00      0,00      0,00      0,00      0,00     99,50
22:03:55         14      0,50      0,00      0,50      0,00      0,00      0,00      0,00      0,00      0,00     99,00
22:03:55         15      1,01      0,00      0,50      0,00      0,00      0,00      0,00      0,00      0,00     98,49

22:03:53        IFACE   rxpck/s   txpck/s    rxkB/s    txkB/s   rxcmp/s   txcmp/s  rxmcst/s   %ifutil
22:03:55           lo      0,00      0,00      0,00      0,00      0,00      0,00      0,00      0,00
22:03:55         eno1      3,00 463729,00      0,20 115931,98      0,00      0,00      1,00     94,97
22:03:55         eno2      0,00      0,00      0,00      0,00      0,00      0,00      0,00      0,00
22:03:55      docker0      0,00      0,00      0,00      0,00      0,00      0,00      0,00      0,00
22:03:55      ens2np0 1579656,00  48299,50 388743,47  11886,00      0,00      0,00      0,00     31,85
22:03:55      ens2np1      0,00      0,00      0,00      0,00      0,00      0,00      0,00      0,00

22:03:55        CPU      %usr     %nice      %sys   %iowait    %steal      %irq     %soft    %guest    %gnice     %idle
22:03:57        all      5,95      0,00      0,35      0,00      0,00      0,00     48,26      0,00      0,00     45,44
22:03:57          0      1,23      0,00      0,00      0,00      0,00      0,00     76,69      0,00      0,00     22,09
22:03:57          1      0,00      0,00      0,00      0,00      0,00      0,00    100,00      0,00      0,00      0,00
22:03:57          2      0,00      0,00      0,00      0,00      0,00      0,00    100,00      0,00      0,00      0,00
22:03:57          3      0,00      0,00      0,00      0,00      0,00      0,00    100,00      0,00      0,00      0,00
22:03:57          4      0,00      0,00      0,00      0,00      0,00      0,00    100,00      0,00      0,00      0,00
22:03:57          5      0,00      0,00      0,00      0,00      0,00      0,00    100,00      0,00      0,00      0,00
22:03:57          6      0,00      0,00      0,00      0,00      0,00      0,00    100,00      0,00      0,00      0,00
22:03:57          7      0,00      0,00      0,00      0,00      0,00      0,00    100,00      0,00      0,00      0,00
22:03:57          8     93,00      0,00      5,00      0,00      0,00      0,00      0,00      0,00      0,00      2,00
22:03:57          9      0,00      0,00      0,00      0,00      0,00      0,00      0,00      0,00      0,00    100,00
22:03:57         10      0,00      0,00      0,00      0,00      0,00      0,00      0,00      0,00      0,00    100,00
22:03:57         11      0,00      0,00      0,00      0,00      0,00      0,00      0,00      0,00      0,00    100,00
22:03:57         12      0,00      0,00      0,50      0,00      0,00      0,00      0,00      0,00      0,00     99,50
22:03:57         13      0,00      0,00      0,00      0,00      0,00      0,00      0,00      0,00      0,00    100,00
22:03:57         14      0,00      0,00      0,00      0,00      0,00      0,00      0,00      0,00      0,00    100,00
22:03:57         15      0,00      0,00      0,00      0,00      0,00      0,00      0,00      0,00      0,00    100,00

22:03:55        IFACE   rxpck/s   txpck/s    rxkB/s    txkB/s   rxcmp/s   txcmp/s  rxmcst/s   %ifutil
22:03:57           lo      0,00      0,00      0,00      0,00      0,00      0,00      0,00      0,00
22:03:57         eno1      3,50 463748,50      0,23 115936,83      0,00      0,00      1,00     94,98
22:03:57         eno2      0,00      0,00      0,00      0,00      0,00      0,00      0,00      0,00
22:03:57      docker0      0,00      0,00      0,00      0,00      0,00      0,00      0,00      0,00
22:03:57      ens2np0 1590190,50  49831,50 391335,94  12263,12      0,00      0,00      0,00     32,06
22:03:57      ens2np1      0,00      0,00      0,00      0,00      0,00      0,00      0,00      0,00

22:03:57        CPU      %usr     %nice      %sys   %iowait    %steal      %irq     %soft    %guest    %gnice     %idle
22:03:59        all      5,92      0,00      0,41      0,00      0,00      0,00     48,22      0,00      0,00     45,45
22:03:59          0      2,31      0,00      0,00      0,00      0,00      0,00     75,72      0,00      0,00     21,97
22:03:59          1      0,00      0,00      0,00      0,00      0,00      0,00    100,00      0,00      0,00      0,00
22:03:59          2      0,00      0,00      0,00      0,00      0,00      0,00    100,00      0,00      0,00      0,00
22:03:59          3      0,00      0,00      0,00      0,00      0,00      0,00    100,00      0,00      0,00      0,00
22:03:59          4      0,00      0,00      0,00      0,00      0,00      0,00    100,00      0,00      0,00      0,00
22:03:59          5      0,00      0,00      0,00      0,00      0,00      0,00    100,00      0,00      0,00      0,00
22:03:59          6      0,00      0,00      0,00      0,00      0,00      0,00    100,00      0,00      0,00      0,00
22:03:59          7      0,00      0,00      0,00      0,00      0,00      0,00    100,00      0,00      0,00      0,00
22:03:59          8     92,00      0,00      5,50      0,00      0,00      0,00      0,00      0,00      0,00      2,50
22:03:59          9      0,00      0,00      0,50      0,00      0,00      0,00      0,00      0,00      0,00     99,50
22:03:59         10      0,00      0,00      0,00      0,00      0,00      0,00      0,00      0,00      0,00    100,00
22:03:59         11      0,00      0,00      0,00      0,00      0,00      0,00      0,00      0,00      0,00    100,00
22:03:59         12      0,00      0,00      0,50      0,00      0,00      0,00      0,00      0,00      0,00     99,50
22:03:59         13      0,00      0,00      0,00      0,00      0,00      0,00      0,00      0,00      0,00    100,00
22:03:59         14      0,00      0,00      0,00      0,00      0,00      0,00      0,00      0,00      0,00    100,00
22:03:59         15      0,00      0,00      0,00      0,00      0,00      0,00      0,00      0,00      0,00    100,00

22:03:57        IFACE   rxpck/s   txpck/s    rxkB/s    txkB/s   rxcmp/s   txcmp/s  rxmcst/s   %ifutil
22:03:59           lo      0,00      0,00      0,00      0,00      0,00      0,00      0,00      0,00
22:03:59         eno1      4,50 463741,00      0,29 115934,99      0,00      0,00      1,00     94,97
22:03:59         eno2      0,00      0,00      0,00      0,00      0,00      0,00      0,00      0,00
22:03:59      docker0      0,00      0,00      0,00      0,00      0,00      0,00      0,00      0,00
22:03:59      ens2np0 1587671,50  49460,50 390716,03  12171,71      0,00      0,00      0,00     32,01
22:03:59      ens2np1      0,00      0,00      0,00      0,00      0,00      0,00      0,00      0,00

22:03:59        CPU      %usr     %nice      %sys   %iowait    %steal      %irq     %soft    %guest    %gnice     %idle
22:04:01        all      5,99      0,00      0,35      0,00      0,00      0,00     48,38      0,00      0,00     45,29
22:04:01          0      0,00      0,00      0,00      0,00      0,00      0,00     78,49      0,00      0,00     21,51
22:04:01          1      0,00      0,00      0,00      0,00      0,00      0,00    100,00      0,00      0,00      0,00
22:04:01          2      0,00      0,00      0,00      0,00      0,00      0,00    100,00      0,00      0,00      0,00
22:04:01          3      0,00      0,00      0,00      0,00      0,00      0,00    100,00      0,00      0,00      0,00
22:04:01          4      0,00      0,00      0,00      0,00      0,00      0,00    100,00      0,00      0,00      0,00
22:04:01          5      0,00      0,00      0,00      0,00      0,00      0,00    100,00      0,00      0,00      0,00
22:04:01          6      0,00      0,00      0,00      0,00      0,00      0,00    100,00      0,00      0,00      0,00
22:04:01          7      0,00      0,00      0,00      0,00      0,00      0,00    100,00      0,00      0,00      0,00
22:04:01          8     94,50      0,00      5,00      0,00      0,00      0,00      0,00      0,00      0,00      0,50
22:04:01          9      0,00      0,00      0,00      0,00      0,00      0,00      0,00      0,00      0,00    100,00
22:04:01         10      0,00      0,00      0,00      0,00      0,00      0,00      0,00      0,00      0,00    100,00
22:04:01         11      0,00      0,00      0,00      0,00      0,00      0,00      0,00      0,00      0,00    100,00
22:04:01         12      0,00      0,00      0,00      0,00      0,00      0,00      0,00      0,00      0,00    100,00
22:04:01         13      0,50      0,00      0,50      0,00      0,00      0,00      0,00      0,00      0,00     99,01
22:04:01         14      0,00      0,00      0,00      0,00      0,00      0,00      0,00      0,00      0,00    100,00
22:04:01         15      0,00      0,00      0,00      0,00      0,00      0,00      0,00      0,00      0,00    100,00

22:03:59        IFACE   rxpck/s   txpck/s    rxkB/s    txkB/s   rxcmp/s   txcmp/s  rxmcst/s   %ifutil
22:04:01           lo      0,00      0,00      0,00      0,00      0,00      0,00      0,00      0,00
22:04:01         eno1     11,50 463841,00      0,73 115960,16      0,00      0,00      1,50     94,99
22:04:01         eno2      0,00      0,00      0,00      0,00      0,00      0,00      0,00      0,00
22:04:01      docker0      0,00      0,00      0,00      0,00      0,00      0,00      0,00      0,00
22:04:01      ens2np0 1590309,50  50132,00 391365,23  12337,07      0,00      0,00      0,00     32,06
22:04:01      ens2np1      0,00      0,00      0,00      0,00      0,00      0,00      0,00      0,00

22:04:01        CPU      %usr     %nice      %sys   %iowait    %steal      %irq     %soft    %guest    %gnice     %idle
22:04:03        all      5,92      0,00      0,41      0,00      0,00      0,00     48,28      0,00      0,00     45,39
22:04:03          0      2,87      0,00      0,00      0,00      0,00      0,00     76,44      0,00      0,00     20,69
22:04:03          1      0,00      0,00      0,00      0,00      0,00      0,00    100,00      0,00      0,00      0,00
22:04:03          2      0,00      0,00      0,00      0,00      0,00      0,00    100,00      0,00      0,00      0,00
22:04:03          3      0,00      0,00      0,00      0,00      0,00      0,00    100,00      0,00      0,00      0,00
22:04:03          4      0,00      0,00      0,00      0,00      0,00      0,00    100,00      0,00      0,00      0,00
22:04:03          5      0,00      0,00      0,00      0,00      0,00      0,00    100,00      0,00      0,00      0,00
22:04:03          6      0,00      0,00      0,00      0,00      0,00      0,00    100,00      0,00      0,00      0,00
22:04:03          7      0,00      0,00      0,00      0,00      0,00      0,00    100,00      0,00      0,00      0,00
22:04:03          8     91,50      0,00      6,00      0,00      0,00      0,00      0,00      0,00      0,00      2,50
22:04:03          9      0,00      0,00      0,50      0,00      0,00      0,00      0,00      0,00      0,00     99,50
22:04:03         10      0,00      0,00      0,00      0,00      0,00      0,00      0,00      0,00      0,00    100,00
22:04:03         11      0,00      0,00      0,00      0,00      0,00      0,00      0,00      0,00      0,00    100,00
22:04:03         12      0,00      0,00      0,00      0,00      0,00      0,00      0,00      0,00      0,00    100,00
22:04:03         13      0,00      0,00      0,00      0,00      0,00      0,00      0,00      0,00      0,00    100,00
22:04:03         14      0,00      0,00      0,00      0,00      0,00      0,00      0,00      0,00      0,00    100,00
22:04:03         15      0,00      0,00      0,00      0,00      0,00      0,00      0,00      0,00      0,00    100,00

22:04:01        IFACE   rxpck/s   txpck/s    rxkB/s    txkB/s   rxcmp/s   txcmp/s  rxmcst/s   %ifutil
22:04:03           lo      0,00      0,00      0,00      0,00      0,00      0,00      0,00      0,00
22:04:03         eno1      3,00 463716,00      0,19 115928,83      0,00      0,00      1,00     94,97
22:04:03         eno2      0,00      0,00      0,00      0,00      0,00      0,00      0,00      0,00
22:04:03      docker0      0,00      0,00      0,00      0,00      0,00      0,00      0,00      0,00
22:04:03      ens2np0 1585903,50  49579,50 390280,94  12201,00      0,00      0,00      0,00     31,97
22:04:03      ens2np1      0,00      0,00      0,00      0,00      0,00      0,00      0,00      0,00

22:04:03        CPU      %usr     %nice      %sys   %iowait    %steal      %irq     %soft    %guest    %gnice     %idle
22:04:05        all      6,28      0,00      0,35      0,00      0,00      0,00     48,45      0,00      0,00     44,92
22:04:05          0      0,57      0,00      0,57      0,00      0,00      0,00     77,59      0,00      0,00     21,26
22:04:05          1      0,00      0,00      0,00      0,00      0,00      0,00    100,00      0,00      0,00      0,00
22:04:05          2      0,00      0,00      0,00      0,00      0,00      0,00    100,00      0,00      0,00      0,00
22:04:05          3      0,00      0,00      0,00      0,00      0,00      0,00    100,00      0,00      0,00      0,00
22:04:05          4      0,00      0,00      0,00      0,00      0,00      0,00    100,00      0,00      0,00      0,00
22:04:05          5      0,00      0,00      0,00      0,00      0,00      0,00    100,00      0,00      0,00      0,00
22:04:05          6      0,00      0,00      0,00      0,00      0,00      0,00    100,00      0,00      0,00      0,00
22:04:05          7      0,00      0,00      0,00      0,00      0,00      0,00    100,00      0,00      0,00      0,00
22:04:05          8     94,97      0,00      4,02      0,00      0,00      0,00      0,00      0,00      0,00      1,01
22:04:05          9      0,00      0,00      0,00      0,00      0,00      0,00      0,00      0,00      0,00    100,00
22:04:05         10      1,01      0,00      0,00      0,00      0,00      0,00      0,00      0,00      0,00     98,99
22:04:05         11      2,00      0,00      0,50      0,00      0,00      0,00      0,00      0,00      0,00     97,50
22:04:05         12      0,50      0,00      0,00      0,00      0,00      0,00      0,00      0,00      0,00     99,50
22:04:05         13      0,50      0,00      0,00      0,00      0,00      0,00      0,00      0,00      0,00     99,50
22:04:05         14      0,50      0,00      0,00      0,00      0,00      0,00      0,00      0,00      0,00     99,50
22:04:05         15      0,00      0,00      0,50      0,00      0,00      0,00      0,00      0,00      0,00     99,50

22:04:03        IFACE   rxpck/s   txpck/s    rxkB/s    txkB/s   rxcmp/s   txcmp/s  rxmcst/s   %ifutil
22:04:05           lo      0,00      0,00      0,00      0,00      0,00      0,00      0,00      0,00
22:04:05         eno1      4,50 463787,00      0,28 115946,66      0,00      0,00      1,00     94,98
22:04:05         eno2      0,00      0,00      0,00      0,00      0,00      0,00      0,00      0,00
22:04:05      docker0      0,00      0,00      0,00      0,00      0,00      0,00      0,00      0,00
22:04:05      ens2np0 1584021,00  49918,00 389817,67  12284,41      0,00      0,00      0,00     31,93
22:04:05      ens2np1      0,00      0,00      0,00      0,00      0,00      0,00      0,00      0,00

22:04:05        CPU      %usr     %nice      %sys   %iowait    %steal      %irq     %soft    %guest    %gnice     %idle
22:04:07        all      6,12      0,00      0,28      0,00      0,00      0,00     48,16      0,00      0,00     45,44
22:04:07          0      4,76      0,00      0,00      0,00      0,00      0,00     75,60      0,00      0,00     19,64
22:04:07          1      0,00      0,00      0,00      0,00      0,00      0,00    100,00      0,00      0,00      0,00
22:04:07          2      0,00      0,00      0,00      0,00      0,00      0,00    100,00      0,00      0,00      0,00
22:04:07          3      0,00      0,00      0,00      0,00      0,00      0,00    100,00      0,00      0,00      0,00
22:04:07          4      0,00      0,00      0,00      0,00      0,00      0,00    100,00      0,00      0,00      0,00
22:04:07          5      0,00      0,00      0,00      0,00      0,00      0,00    100,00      0,00      0,00      0,00
22:04:07          6      0,00      0,00      0,00      0,00      0,00      0,00    100,00      0,00      0,00      0,00
22:04:07          7      0,00      0,00      0,00      0,00      0,00      0,00    100,00      0,00      0,00      0,00
22:04:07          8     92,04      0,00      3,98      0,00      0,00      0,00      0,00      0,00      0,00      3,98
22:04:07          9      0,00      0,00      0,50      0,00      0,00      0,00      0,00      0,00      0,00     99,50
22:04:07         10      0,00      0,00      0,00      0,00      0,00      0,00      0,00      0,00      0,00    100,00
22:04:07         11      0,00      0,00      0,00      0,00      0,00      0,00      0,00      0,00      0,00    100,00
22:04:07         12      0,50      0,00      0,00      0,00      0,00      0,00      0,00      0,00      0,00     99,50
22:04:07         13      0,00      0,00      0,00      0,00      0,00      0,00      0,00      0,00      0,00    100,00
22:04:07         14      0,00      0,00      0,00      0,00      0,00      0,00      0,00      0,00      0,00    100,00
22:04:07         15      0,00      0,00      0,00      0,00      0,00      0,00      0,00      0,00      0,00    100,00

22:04:05        IFACE   rxpck/s   txpck/s    rxkB/s    txkB/s   rxcmp/s   txcmp/s  rxmcst/s   %ifutil
22:04:07           lo      0,00      0,00      0,00      0,00      0,00      0,00      0,00      0,00
22:04:07         eno1      4,00 463794,50      0,31 115948,53      0,00      0,00      1,50     94,99
22:04:07         eno2      0,00      0,00      0,00      0,00      0,00      0,00      0,00      0,00
22:04:07      docker0      0,00      0,00      0,00      0,00      0,00      0,00      0,00      0,00
22:04:07      ens2np0 1582194,00  49017,50 389368,05  12062,70      0,00      0,00      0,00     31,90
22:04:07      ens2np1      0,00      0,00      0,00      0,00      0,00      0,00      0,00      0,00

22:04:07        CPU      %usr     %nice      %sys   %iowait    %steal      %irq     %soft    %guest    %gnice     %idle
22:04:09        all      5,94      0,00      0,32      0,00      0,00      0,00     48,29      0,00      0,00     45,45
22:04:09          0      1,82      0,00      0,00      0,00      0,00      0,00     77,58      0,00      0,00     20,61
22:04:09          1      0,00      0,00      0,00      0,00      0,00      0,00    100,00      0,00      0,00      0,00
22:04:09          2      0,00      0,00      0,00      0,00      0,00      0,00    100,00      0,00      0,00      0,00
22:04:09          3      0,00      0,00      0,00      0,00      0,00      0,00    100,00      0,00      0,00      0,00
22:04:09          4      0,00      0,00      0,00      0,00      0,00      0,00    100,00      0,00      0,00      0,00
22:04:09          5      0,00      0,00      0,00      0,00      0,00      0,00    100,00      0,00      0,00      0,00
22:04:09          6      0,00      0,00      0,00      0,00      0,00      0,00    100,00      0,00      0,00      0,00
22:04:09          7      0,00      0,00      0,00      0,00      0,00      0,00    100,00      0,00      0,00      0,00
22:04:09          8     92,96      0,00      5,03      0,00      0,00      0,00      0,00      0,00      0,00      2,01
22:04:09          9      0,00      0,00      0,00      0,00      0,00      0,00      0,00      0,00      0,00    100,00
22:04:09         10      0,00      0,00      0,00      0,00      0,00      0,00      0,00      0,00      0,00    100,00
22:04:09         11      0,00      0,00      0,00      0,00      0,00      0,00      0,00      0,00      0,00    100,00
22:04:09         12      0,00      0,00      0,00      0,00      0,00      0,00      0,00      0,00      0,00    100,00
22:04:09         13      0,00      0,00      0,00      0,00      0,00      0,00      0,00      0,00      0,00    100,00
22:04:09         14      0,00      0,00      0,00      0,00      0,00      0,00      0,00      0,00      0,00    100,00
22:04:09         15      0,00      0,00      0,00      0,00      0,00      0,00      0,00      0,00      0,00    100,00

22:04:07        IFACE   rxpck/s   txpck/s    rxkB/s    txkB/s   rxcmp/s   txcmp/s  rxmcst/s   %ifutil
22:04:09           lo      0,00      0,00      0,00      0,00      0,00      0,00      0,00      0,00
22:04:09         eno1      1,50 464616,00      0,10 116154,03      0,00      0,00      1,00     95,15
22:04:09         eno2      0,00      0,00      0,00      0,00      0,00      0,00      0,00      0,00
22:04:09      docker0      0,00      0,00      0,00      0,00      0,00      0,00      0,00      0,00
22:04:09      ens2np0 1589260,00  49822,50 391106,95  12260,90      0,00      0,00      0,00     32,04
22:04:09      ens2np1      0,00      0,00      0,00      0,00      0,00      0,00      0,00      0,00

22:04:09        CPU      %usr     %nice      %sys   %iowait    %steal      %irq     %soft    %guest    %gnice     %idle
22:04:11        all      5,89      0,00      0,41      0,00      0,00      0,00     48,19      0,00      0,00     45,51
22:04:11          0      5,20      0,00      0,00      0,00      0,00      0,00     74,57      0,00      0,00     20,23
22:04:11          1      0,00      0,00      0,00      0,00      0,00      0,00    100,00      0,00      0,00      0,00
22:04:11          2      0,00      0,00      0,00      0,00      0,00      0,00    100,00      0,00      0,00      0,00
22:04:11          3      0,00      0,00      0,00      0,00      0,00      0,00    100,00      0,00      0,00      0,00
22:04:11          4      0,00      0,00      0,00      0,00      0,00      0,00    100,00      0,00      0,00      0,00
22:04:11          5      0,00      0,00      0,00      0,00      0,00      0,00    100,00      0,00      0,00      0,00
22:04:11          6      0,00      0,00      0,00      0,00      0,00      0,00    100,00      0,00      0,00      0,00
22:04:11          7      0,00      0,00      0,00      0,00      0,00      0,00    100,00      0,00      0,00      0,00
22:04:11          8     86,57      0,00      5,47      0,00      0,00      0,00      0,00      0,00      0,00      7,96
22:04:11          9      0,50      0,00      0,50      0,00      0,00      0,00      0,00      0,00      0,00     99,00
22:04:11         10      0,00      0,00      0,00      0,00      0,00      0,00      0,00      0,00      0,00    100,00
22:04:11         11      0,00      0,00      0,00      0,00      0,00      0,00      0,00      0,00      0,00    100,00
22:04:11         12      0,00      0,00      0,00      0,00      0,00      0,00      0,00      0,00      0,00    100,00
22:04:11         13      0,00      0,00      0,00      0,00      0,00      0,00      0,00      0,00      0,00    100,00
22:04:11         14      0,00      0,00      0,00      0,00      0,00      0,00      0,00      0,00      0,00    100,00
22:04:11         15      1,49      0,00      0,50      0,00      0,00      0,00      0,00      0,00      0,00     98,02

22:04:09        IFACE   rxpck/s   txpck/s    rxkB/s    txkB/s   rxcmp/s   txcmp/s  rxmcst/s   %ifutil
22:04:11           lo      0,00      0,00      0,00      0,00      0,00      0,00      0,00      0,00
22:04:11         eno1      6,00 462860,00      0,38 115714,69      0,00      0,00      1,00     94,79
22:04:11         eno2      0,00      0,00      0,00      0,00      0,00      0,00      0,00      0,00
22:04:11      docker0      0,00      0,00      0,00      0,00      0,00      0,00      0,00      0,00
22:04:11      ens2np0 1588054,50  48063,00 390810,29  11827,80      0,00      0,00      0,00     32,02
22:04:11      ens2np1      0,00      0,00      0,00      0,00      0,00      0,00      0,00      0,00

22:04:11        CPU      %usr     %nice      %sys   %iowait    %steal      %irq     %soft    %guest    %gnice     %idle
22:04:13        all      5,82      0,00      0,28      0,00      0,00      0,00     47,82      0,00      0,00     46,09
22:04:13          0      4,92      0,00      0,00      0,00      0,00      0,00     66,67      0,00      0,00     28,42
22:04:13          1      0,00      0,00      0,00      0,00      0,00      0,00    100,00      0,00      0,00      0,00
22:04:13          2      0,00      0,00      0,00      0,00      0,00      0,00    100,00      0,00      0,00      0,00
22:04:13          3      0,00      0,00      0,00      0,00      0,00      0,00    100,00      0,00      0,00      0,00
22:04:13          4      0,00      0,00      0,00      0,00      0,00      0,00    100,00      0,00      0,00      0,00
22:04:13          5      0,00      0,00      0,00      0,00      0,00      0,00    100,00      0,00      0,00      0,00
22:04:13          6      0,00      0,00      0,00      0,00      0,00      0,00    100,00      0,00      0,00      0,00
22:04:13          7      0,00      0,00      0,00      0,00      0,00      0,00    100,00      0,00      0,00      0,00
22:04:13          8     52,76      0,00      2,51      0,00      0,00      0,00      0,00      0,00      0,00     44,72
22:04:13          9     35,00      0,00      2,00      0,00      0,00      0,00      0,00      0,00      0,00     63,00
22:04:13         10      0,00      0,00      0,00      0,00      0,00      0,00      0,00      0,00      0,00    100,00
22:04:13         11      0,50      0,00      0,00      0,00      0,00      0,00      0,00      0,00      0,00     99,50
22:04:13         12      0,00      0,00      0,00      0,00      0,00      0,00      0,00      0,00      0,00    100,00
22:04:13         13      0,00      0,00      0,00      0,00      0,00      0,00      0,00      0,00      0,00    100,00
22:04:13         14      0,00      0,00      0,00      0,00      0,00      0,00      0,00      0,00      0,00    100,00
22:04:13         15      0,00      0,00      0,00      0,00      0,00      0,00      0,00      0,00      0,00    100,00

22:04:11        IFACE   rxpck/s   txpck/s    rxkB/s    txkB/s   rxcmp/s   txcmp/s  rxmcst/s   %ifutil
22:04:13           lo      0,00      0,00      0,00      0,00      0,00      0,00      0,00      0,00
22:04:13         eno1      3,00 463770,00      0,19 115942,53      0,00      0,00      1,50     94,98
22:04:13         eno2      0,00      0,00      0,00      0,00      0,00      0,00      0,00      0,00
22:04:13      docker0      0,00      0,00      0,00      0,00      0,00      0,00      0,00      0,00
22:04:13      ens2np0 1577199,00  48151,50 388138,82  11849,68      0,00      0,00      0,00     31,80
22:04:13      ens2np1      0,00      0,00      0,00      0,00      0,00      0,00      0,00      0,00

22:04:13        CPU      %usr     %nice      %sys   %iowait    %steal      %irq     %soft    %guest    %gnice     %idle
22:04:15        all      6,31      0,00      0,47      0,00      0,00      0,00     48,23      0,00      0,00     44,98
22:04:15          0      1,76      0,00      1,18      0,00      0,00      0,00     75,29      0,00      0,00     21,76
22:04:15          1      0,00      0,00      0,00      0,00      0,00      0,00    100,00      0,00      0,00      0,00
22:04:15          2      0,00      0,00      0,00      0,00      0,00      0,00    100,00      0,00      0,00      0,00
22:04:15          3      0,00      0,00      0,00      0,00      0,00      0,00    100,00      0,00      0,00      0,00
22:04:15          4      0,00      0,00      0,00      0,00      0,00      0,00    100,00      0,00      0,00      0,00
22:04:15          5      0,00      0,00      0,00      0,00      0,00      0,00    100,00      0,00      0,00      0,00
22:04:15          6      0,00      0,00      0,00      0,00      0,00      0,00    100,00      0,00      0,00      0,00
22:04:15          7      0,00      0,00      0,00      0,00      0,00      0,00    100,00      0,00      0,00      0,00
22:04:15          8     93,03      0,00      5,97      0,00      0,00      0,00      0,00      0,00      0,00      1,00
22:04:15          9      0,50      0,00      0,00      0,00      0,00      0,00      0,00      0,00      0,00     99,50
22:04:15         10      1,00      0,00      0,00      0,00      0,00      0,00      0,00      0,00      0,00     99,00
22:04:15         11      2,00      0,00      0,00      0,00      0,00      0,00      0,00      0,00      0,00     98,00
22:04:15         12      0,50      0,00      0,00      0,00      0,00      0,00      0,00      0,00      0,00     99,50
22:04:15         13      0,00      0,00      0,00      0,00      0,00      0,00      0,00      0,00      0,00    100,00
22:04:15         14      0,50      0,00      0,00      0,00      0,00      0,00      0,00      0,00      0,00     99,50
22:04:15         15      0,50      0,00      0,50      0,00      0,00      0,00      0,00      0,00      0,00     99,00

22:04:13        IFACE   rxpck/s   txpck/s    rxkB/s    txkB/s   rxcmp/s   txcmp/s  rxmcst/s   %ifutil
22:04:15           lo      0,00      0,00      0,00      0,00      0,00      0,00      0,00      0,00
22:04:15         eno1      5,50 463843,50      0,35 115960,75      0,00      0,00      1,00     95,00
22:04:15         eno2      0,00      0,00      0,00      0,00      0,00      0,00      0,00      0,00
22:04:15      docker0      0,00      0,00      0,00      0,00      0,00      0,00      0,00      0,00
22:04:15      ens2np0 1586430,50  49828,50 390410,63  12262,28      0,00      0,00      0,00     31,98
22:04:15      ens2np1      0,00      0,00      0,00      0,00      0,00      0,00      0,00      0,00

22:04:15        CPU      %usr     %nice      %sys   %iowait    %steal      %irq     %soft    %guest    %gnice     %idle
22:04:17        all      6,01      0,00      0,32      0,00      0,00      0,00     48,17      0,00      0,00     45,51
22:04:17          0      2,44      0,00      0,00      0,00      0,00      0,00     75,61      0,00      0,00     21,95
22:04:17          1      0,00      0,00      0,00      0,00      0,00      0,00    100,00      0,00      0,00      0,00
22:04:17          2      0,00      0,00      0,00      0,00      0,00      0,00    100,00      0,00      0,00      0,00
22:04:17          3      0,00      0,00      0,00      0,00      0,00      0,00    100,00      0,00      0,00      0,00
22:04:17          4      0,00      0,00      0,00      0,00      0,00      0,00    100,00      0,00      0,00      0,00
22:04:17          5      0,00      0,00      0,00      0,00      0,00      0,00    100,00      0,00      0,00      0,00
22:04:17          6      0,00      0,00      0,00      0,00      0,00      0,00    100,00      0,00      0,00      0,00
22:04:17          7      0,00      0,00      0,00      0,00      0,00      0,00    100,00      0,00      0,00      0,00
22:04:17          8     93,00      0,00      5,00      0,00      0,00      0,00      0,00      0,00      0,00      2,00
22:04:17          9      0,00      0,00      0,00      0,00      0,00      0,00      0,00      0,00      0,00    100,00
22:04:17         10      0,00      0,00      0,00      0,00      0,00      0,00      0,00      0,00      0,00    100,00
22:04:17         11      0,00      0,00      0,00      0,00      0,00      0,00      0,00      0,00      0,00    100,00
22:04:17         12      0,00      0,00      0,00      0,00      0,00      0,00      0,00      0,00      0,00    100,00
22:04:17         13      0,00      0,00      0,00      0,00      0,00      0,00      0,00      0,00      0,00    100,00
22:04:17         14      0,00      0,00      0,00      0,00      0,00      0,00      0,00      0,00      0,00    100,00
22:04:17         15      0,00      0,00      0,00      0,00      0,00      0,00      0,00      0,00      0,00    100,00

22:04:15        IFACE   rxpck/s   txpck/s    rxkB/s    txkB/s   rxcmp/s   txcmp/s  rxmcst/s   %ifutil
22:04:17           lo      0,00      0,00      0,00      0,00      0,00      0,00      0,00      0,00
22:04:17         eno1      3,00 463745,50      0,20 115936,38      0,00      0,00      1,50     94,98
22:04:17         eno2      0,00      0,00      0,00      0,00      0,00      0,00      0,00      0,00
22:04:17      docker0      0,00      0,00      0,00      0,00      0,00      0,00      0,00      0,00
22:04:17      ens2np0 1591948,00  49688,50 391768,45  12227,93      0,00      0,00      0,00     32,09
22:04:17      ens2np1      0,00      0,00      0,00      0,00      0,00      0,00      0,00      0,00

22:04:17        CPU      %usr     %nice      %sys   %iowait    %steal      %irq     %soft    %guest    %gnice     %idle
22:04:19        all      6,03      0,00      0,32      0,00      0,00      0,00     48,18      0,00      0,00     45,47
22:04:19          0      1,21      0,00      0,00      0,00      0,00      0,00     76,36      0,00      0,00     22,42
22:04:19          1      0,00      0,00      0,00      0,00      0,00      0,00    100,00      0,00      0,00      0,00
22:04:19          2      0,00      0,00      0,00      0,00      0,00      0,00    100,00      0,00      0,00      0,00
22:04:19          3      0,00      0,00      0,00      0,00      0,00      0,00    100,00      0,00      0,00      0,00
22:04:19          4      0,00      0,00      0,00      0,00      0,00      0,00    100,00      0,00      0,00      0,00
22:04:19          5      0,00      0,00      0,00      0,00      0,00      0,00    100,00      0,00      0,00      0,00
22:04:19          6      0,00      0,00      0,00      0,00      0,00      0,00    100,00      0,00      0,00      0,00
22:04:19          7      0,00      0,00      0,00      0,00      0,00      0,00    100,00      0,00      0,00      0,00
22:04:19          8     93,50      0,00      4,50      0,00      0,00      0,00      0,00      0,00      0,00      2,00
22:04:19          9      0,00      0,00      0,00      0,00      0,00      0,00      0,00      0,00      0,00    100,00
22:04:19         10      0,00      0,00      0,00      0,00      0,00      0,00      0,00      0,00      0,00    100,00
22:04:19         11      0,00      0,00      0,00      0,00      0,00      0,00      0,00      0,00      0,00    100,00
22:04:19         12      0,00      0,00      0,50      0,00      0,00      0,00      0,00      0,00      0,00     99,50
22:04:19         13      0,00      0,00      0,00      0,00      0,00      0,00      0,00      0,00      0,00    100,00
22:04:19         14      0,50      0,00      0,00      0,00      0,00      0,00      0,00      0,00      0,00     99,50
22:04:19         15      0,50      0,00      0,00      0,00      0,00      0,00      0,00      0,00      0,00     99,50

22:04:17        IFACE   rxpck/s   txpck/s    rxkB/s    txkB/s   rxcmp/s   txcmp/s  rxmcst/s   %ifutil
22:04:19           lo      0,00      0,00      0,00      0,00      0,00      0,00      0,00      0,00
22:04:19         eno1      5,00 463719,50      0,31 115930,00      0,00      0,00      1,00     94,97
22:04:19         eno2      0,00      0,00      0,00      0,00      0,00      0,00      0,00      0,00
22:04:19      docker0      0,00      0,00      0,00      0,00      0,00      0,00      0,00      0,00
22:04:19      ens2np0 1590216,50  49720,00 391342,34  12235,58      0,00      0,00      0,00     32,06
22:04:19      ens2np1      0,00      0,00      0,00      0,00      0,00      0,00      0,00      0,00

22:04:19        CPU      %usr     %nice      %sys   %iowait    %steal      %irq     %soft    %guest    %gnice     %idle
22:04:21        all      5,92      0,00      0,32      0,03      0,00      0,00     48,09      0,00      0,00     45,65
22:04:21          0      3,11      0,00      0,00      0,00      0,00      0,00     74,53      0,00      0,00     22,36
22:04:21          1      0,00      0,00      0,00      0,00      0,00      0,00    100,00      0,00      0,00      0,00
22:04:21          2      0,00      0,00      0,00      0,00      0,00      0,00    100,00      0,00      0,00      0,00
22:04:21          3      0,00      0,00      0,00      0,00      0,00      0,00    100,00      0,00      0,00      0,00
22:04:21          4      0,00      0,00      0,00      0,00      0,00      0,00    100,00      0,00      0,00      0,00
22:04:21          5      0,00      0,00      0,00      0,00      0,00      0,00    100,00      0,00      0,00      0,00
22:04:21          6      0,00      0,00      0,00      0,00      0,00      0,00    100,00      0,00      0,00      0,00
22:04:21          7      0,00      0,00      0,00      0,00      0,00      0,00    100,00      0,00      0,00      0,00
22:04:21          8     91,00      0,00      5,00      0,00      0,00      0,00      0,00      0,00      0,00      4,00
22:04:21          9      0,00      0,00      0,00      0,00      0,00      0,00      0,00      0,00      0,00    100,00
22:04:21         10      0,00      0,00      0,00      0,00      0,00      0,00      0,00      0,00      0,00    100,00
22:04:21         11      0,00      0,00      0,00      0,00      0,00      0,00      0,00      0,00      0,00    100,00
22:04:21         12      0,00      0,00      0,00      0,00      0,00      0,00      0,00      0,00      0,00    100,00
22:04:21         13      0,00      0,00      0,00      0,00      0,00      0,00      0,00      0,00      0,00    100,00
22:04:21         14      0,00      0,00      0,00      0,00      0,00      0,00      0,00      0,00      0,00    100,00
22:04:21         15      0,00      0,00      0,00      0,50      0,00      0,00      0,00      0,00      0,00     99,50

22:04:19        IFACE   rxpck/s   txpck/s    rxkB/s    txkB/s   rxcmp/s   txcmp/s  rxmcst/s   %ifutil
22:04:21           lo      0,00      0,00      0,00      0,00      0,00      0,00      0,00      0,00
22:04:21         eno1      2,00 231911,50      0,12  57977,87      0,00      0,00      0,50     47,50
22:04:21         eno2      0,00      0,00      0,00      0,00      0,00      0,00      0,00      0,00
22:04:21      docker0      0,00      0,00      0,00      0,00      0,00      0,00      0,00      0,00
22:04:21      ens2np0 1589752,00  49223,50 391228,03  12113,49      0,00      0,00      0,00     32,05
22:04:21      ens2np1      0,00      0,00      0,00      0,00      0,00      0,00      0,00      0,00

22:04:21        CPU      %usr     %nice      %sys   %iowait    %steal      %irq     %soft    %guest    %gnice     %idle
22:04:23        all      5,89      0,00      0,35      0,00      0,00      0,00     48,25      0,00      0,00     45,51
22:04:23          0      4,02      0,00      0,00      0,00      0,00      0,00     75,86      0,00      0,00     20,11
22:04:23          1      0,00      0,00      0,00      0,00      0,00      0,00    100,00      0,00      0,00      0,00
22:04:23          2      0,00      0,00      0,00      0,00      0,00      0,00    100,00      0,00      0,00      0,00
22:04:23          3      0,00      0,00      0,00      0,00      0,00      0,00    100,00      0,00      0,00      0,00
22:04:23          4      0,00      0,00      0,00      0,00      0,00      0,00    100,00      0,00      0,00      0,00
22:04:23          5      0,00      0,00      0,00      0,00      0,00      0,00    100,00      0,00      0,00      0,00
22:04:23          6      0,00      0,00      0,00      0,00      0,00      0,00    100,00      0,00      0,00      0,00
22:04:23          7      0,00      0,00      0,00      0,00      0,00      0,00    100,00      0,00      0,00      0,00
22:04:23          8     90,00      0,00      5,00      0,00      0,00      0,00      0,00      0,00      0,00      5,00
22:04:23          9      0,00      0,00      0,00      0,00      0,00      0,00      0,00      0,00      0,00    100,00
22:04:23         10      0,00      0,00      0,00      0,00      0,00      0,00      0,00      0,00      0,00    100,00
22:04:23         11      0,00      0,00      0,00      0,00      0,00      0,00      0,00      0,00      0,00    100,00
22:04:23         12      0,00      0,00      0,00      0,00      0,00      0,00      0,00      0,00      0,00    100,00
22:04:23         13      0,00      0,00      0,00      0,00      0,00      0,00      0,00      0,00      0,00    100,00
22:04:23         14      0,00      0,00      0,50      0,00      0,00      0,00      0,00      0,00      0,00     99,50
22:04:23         15      0,00      0,00      0,00      0,00      0,00      0,00      0,00      0,00      0,00    100,00

22:04:21        IFACE   rxpck/s   txpck/s    rxkB/s    txkB/s   rxcmp/s   txcmp/s  rxmcst/s   %ifutil
22:04:23           lo      0,00      0,00      0,00      0,00      0,00      0,00      0,00      0,00
22:04:23         eno1      2,99 461477,61      0,19 115369,32      0,00      0,00      1,00     94,51
22:04:23         eno2      0,00      0,00      0,00      0,00      0,00      0,00      0,00      0,00
22:04:23      docker0      0,00      0,00      0,00      0,00      0,00      0,00      0,00      0,00
22:04:23      ens2np0 1574589,55  48304,98 387496,65  11887,35      0,00      0,00      0,00     31,74
22:04:23      ens2np1      0,00      0,00      0,00      0,00      0,00      0,00      0,00      0,00

Average:        CPU      %usr     %nice      %sys   %iowait    %steal      %irq     %soft    %guest    %gnice     %idle
Average:        all      6,02      0,00      0,33      0,00      0,00      0,00     43,53      0,00      0,00     50,12
Average:          0      2,82      0,00      0,14      0,00      0,00      0,00     65,94      0,00      0,00     31,10
Average:          1      0,02      0,00      0,00      0,00      0,00      0,00     90,50      0,00      0,00      9,48
Average:          2      4,92      0,00      0,00      0,00      0,00      0,00     90,52      0,00      0,00      4,56
Average:          3      0,00      0,00      0,02      0,00      0,00      0,00     90,52      0,00      0,00      9,46
Average:          4      0,02      0,00      0,00      0,00      0,00      0,00     90,50      0,00      0,00      9,48
Average:          5      0,02      0,00      0,00      0,00      0,00      0,00     90,50      0,00      0,00      9,48
Average:          6      0,02      0,00      0,00      0,00      0,00      0,00     90,50      0,00      0,00      9,48
Average:          7      0,04      0,00      0,00      0,00      0,00      0,00     90,52      0,00      0,00      9,44
Average:          8     76,84      0,00      4,22      0,00      0,00      0,00      0,00      0,00      0,00     18,94
Average:          9      1,54      0,00      0,18      0,02      0,00      0,00      0,00      0,00      0,00     98,26
Average:         10      8,89      0,00      0,22      0,00      0,00      0,00      0,00      0,00      0,00     90,89
Average:         11      0,26      0,00      0,04      0,00      0,00      0,00      0,00      0,00      0,00     99,70
Average:         12      0,10      0,00      0,08      0,00      0,00      0,00      0,00      0,00      0,00     99,82
Average:         13      0,12      0,00      0,06      0,00      0,00      0,00      0,00      0,00      0,00     99,82
Average:         14      0,12      0,00      0,06      0,00      0,00      0,00      0,00      0,00      0,00     99,82
Average:         15      0,22      0,00      0,16      0,02      0,00      0,00      0,00      0,00      0,00     99,60

Average:        IFACE   rxpck/s   txpck/s    rxkB/s    txkB/s   rxcmp/s   txcmp/s  rxmcst/s   %ifutil
Average:           lo      0,00      0,00      0,00      0,00      0,00      0,00      0,00      0,00
Average:         eno1      4,46 401107,96      0,39 100276,82      0,00      0,00      1,06     82,15
Average:         eno2      0,00      0,00      0,00      0,00      0,00      0,00      0,00      0,00
Average:      docker0      0,00      0,00      0,00      0,00      0,00      0,00      0,00      0,00
Average:      ens2np0 1432556,93  44474,83 352543,31  10941,76      0,00      0,00      0,00     28,88
Average:      ens2np1      0,00      0,00      0,00      0,00      0,00      0,00      0,00      0,00
