Linux 5.13.0-52-generic (w1) 	20/07/2022 	_x86_64_	(16 CPU)

20:08:00        CPU      %usr     %nice      %sys   %iowait    %steal      %irq     %soft    %guest    %gnice     %idle
20:08:02        all     12,27      0,00      1,77      0,03      0,00      0,00      0,03      0,00      0,00     85,90
20:08:02          0     12,00      0,00      1,50      0,00      0,00      0,00      0,50      0,00      0,00     86,00
20:08:02          1      6,97      0,00      3,98      0,00      0,00      0,00      0,00      0,00      0,00     89,05
20:08:02          2      2,54      0,00      2,03      0,00      0,00      0,00      0,00      0,00      0,00     95,43
20:08:02          3      6,53      0,00      2,01      0,00      0,00      0,00      0,00      0,00      0,00     91,46
20:08:02          4      5,10      0,00      2,55      0,00      0,00      0,00      0,00      0,00      0,00     92,35
20:08:02          5    100,00      0,00      0,00      0,00      0,00      0,00      0,00      0,00      0,00      0,00
20:08:02          6      8,08      0,00      2,02      0,00      0,00      0,00      0,00      0,00      0,00     89,90
20:08:02          7      6,12      0,00      1,53      0,00      0,00      0,00      0,00      0,00      0,00     92,35
20:08:02          8      5,08      0,00      1,02      0,00      0,00      0,00      0,00      0,00      0,00     93,91
20:08:02          9      6,63      0,00      1,53      0,51      0,00      0,00      0,00      0,00      0,00     91,33
20:08:02         10     11,56      0,00      1,51      0,00      0,00      0,00      0,00      0,00      0,00     86,93
20:08:02         11      4,52      0,00      1,51      0,00      0,00      0,00      0,00      0,00      0,00     93,97
20:08:02         12      6,09      0,00      3,05      0,00      0,00      0,00      0,00      0,00      0,00     90,86
20:08:02         13      1,00      0,00      0,00      0,00      0,00      0,00      0,00      0,00      0,00     99,00
20:08:02         14      6,03      0,00      2,01      0,00      0,00      0,00      0,00      0,00      0,00     91,96
20:08:02         15      7,11      0,00      2,03      0,00      0,00      0,00      0,00      0,00      0,00     90,86

20:08:00        IFACE   rxpck/s   txpck/s    rxkB/s    txkB/s   rxcmp/s   txcmp/s  rxmcst/s   %ifutil
20:08:02           lo      0,00      0,00      0,00      0,00      0,00      0,00      0,00      0,00
20:08:02         eno1     25,00     18,50      3,96      3,43      0,00      0,00      1,00      0,00
20:08:02         eno2      0,00      0,00      0,00      0,00      0,00      0,00      0,00      0,00
20:08:02      docker0      0,00      0,00      0,00      0,00      0,00      0,00      0,00      0,00
20:08:02      ens2np0      0,00      0,00      0,00      0,00      0,00      0,00      0,00      0,00
20:08:02      ens2np1      0,00      0,00      0,00      0,00      0,00      0,00      0,00      0,00

20:08:02        CPU      %usr     %nice      %sys   %iowait    %steal      %irq     %soft    %guest    %gnice     %idle
20:08:04        all     15,37      0,00      1,47      0,00      0,00      0,00      0,00      0,00      0,00     83,16
20:08:04          0      8,00      0,00      1,50      0,00      0,00      0,00      0,00      0,00      0,00     90,50
20:08:04          1     12,44      0,00      0,50      0,00      0,00      0,00      0,00      0,00      0,00     87,06
20:08:04          2     10,05      0,00      0,50      0,00      0,00      0,00      0,00      0,00      0,00     89,45
20:08:04          3      7,54      0,00      0,00      0,00      0,00      0,00      0,00      0,00      0,00     92,46
20:08:04          4      6,12      0,00      2,55      0,00      0,00      0,00      0,00      0,00      0,00     91,33
20:08:04          5    100,00      0,00      0,00      0,00      0,00      0,00      0,00      0,00      0,00      0,00
20:08:04          6     10,00      0,00      8,50      0,00      0,00      0,00      0,00      0,00      0,00     81,50
20:08:04          7      9,00      0,00      0,00      0,00      0,00      0,00      0,00      0,00      0,00     91,00
20:08:04          8      6,00      0,00      1,50      0,00      0,00      0,00      0,00      0,00      0,00     92,50
20:08:04          9     20,00      0,00      1,00      0,00      0,00      0,00      0,00      0,00      0,00     79,00
20:08:04         10      5,05      0,00      2,02      0,00      0,00      0,00      0,00      0,00      0,00     92,93
20:08:04         11      8,42      0,00      0,50      0,00      0,00      0,00      0,00      0,00      0,00     91,09
20:08:04         12     13,00      0,00      3,00      0,00      0,00      0,00      0,00      0,00      0,00     84,00
20:08:04         13      9,41      0,00      0,50      0,00      0,00      0,00      0,00      0,00      0,00     90,10
20:08:04         14     11,11      0,00      0,51      0,00      0,00      0,00      0,00      0,00      0,00     88,38
20:08:04         15      9,55      0,00      1,01      0,00      0,00      0,00      0,00      0,00      0,00     89,45

20:08:02        IFACE   rxpck/s   txpck/s    rxkB/s    txkB/s   rxcmp/s   txcmp/s  rxmcst/s   %ifutil
20:08:04           lo      0,00      0,00      0,00      0,00      0,00      0,00      0,00      0,00
20:08:04         eno1      4,00      0,00      0,25      0,00      0,00      0,00      1,00      0,00
20:08:04         eno2      0,00      0,00      0,00      0,00      0,00      0,00      0,00      0,00
20:08:04      docker0      0,00      0,00      0,00      0,00      0,00      0,00      0,00      0,00
20:08:04      ens2np0      0,00      0,00      0,00      0,00      0,00      0,00      0,00      0,00
20:08:04      ens2np1      0,00      0,00      0,00      0,00      0,00      0,00      0,00      0,00

20:08:04        CPU      %usr     %nice      %sys   %iowait    %steal      %irq     %soft    %guest    %gnice     %idle
20:08:06        all     10,27      0,00      1,13      0,00      0,00      0,00      0,00      0,00      0,00     88,60
20:08:06          0      6,12      0,00      1,53      0,00      0,00      0,00      0,00      0,00      0,00     92,35
20:08:06          1      6,97      0,00      2,49      0,00      0,00      0,00      0,00      0,00      0,00     90,55
20:08:06          2      7,54      0,00      0,50      0,00      0,00      0,00      0,00      0,00      0,00     91,96
20:08:06          3      5,03      0,00      0,50      0,00      0,00      0,00      0,00      0,00      0,00     94,47
20:08:06          4      2,01      0,00      0,50      0,00      0,00      0,00      0,00      0,00      0,00     97,49
20:08:06          5     22,89      0,00      0,00      0,00      0,00      0,00      0,00      0,00      0,00     77,11
20:08:06          6      4,04      0,00      0,51      0,00      0,00      0,00      0,00      0,00      0,00     95,45
20:08:06          7      3,52      0,00      0,50      0,00      0,00      0,00      0,00      0,00      0,00     95,98
20:08:06          8      3,52      0,00      6,03      0,00      0,00      0,00      0,00      0,00      0,00     90,45
20:08:06          9      2,01      0,00      1,01      0,00      0,00      0,00      0,00      0,00      0,00     96,98
20:08:06         10      3,02      0,00      0,00      0,00      0,00      0,00      0,00      0,00      0,00     96,98
20:08:06         11      3,05      0,00      1,02      0,00      0,00      0,00      0,00      0,00      0,00     95,94
20:08:06         12      2,51      0,00      1,51      0,00      0,00      0,00      0,00      0,00      0,00     95,98
20:08:06         13     80,90      0,00      0,00      0,00      0,00      0,00      0,00      0,00      0,00     19,10
20:08:06         14      2,03      0,00      0,51      0,00      0,00      0,00      0,00      0,00      0,00     97,46
20:08:06         15      8,91      0,00      1,49      0,00      0,00      0,00      0,00      0,00      0,00     89,60

20:08:04        IFACE   rxpck/s   txpck/s    rxkB/s    txkB/s   rxcmp/s   txcmp/s  rxmcst/s   %ifutil
20:08:06           lo      0,00      0,00      0,00      0,00      0,00      0,00      0,00      0,00
20:08:06         eno1      6,50      1,50      0,50      0,14      0,00      0,00      1,50      0,00
20:08:06         eno2      0,00      0,00      0,00      0,00      0,00      0,00      0,00      0,00
20:08:06      docker0      0,00      0,00      0,00      0,00      0,00      0,00      0,00      0,00
20:08:06      ens2np0      0,00      0,00      0,00      0,00      0,00      0,00      0,00      0,00
20:08:06      ens2np1      0,00      0,00      0,00      0,00      0,00      0,00      0,00      0,00

20:08:06        CPU      %usr     %nice      %sys   %iowait    %steal      %irq     %soft    %guest    %gnice     %idle
20:08:08        all      8,30      0,00      0,66      0,00      0,00      0,00      0,00      0,00      0,00     91,04
20:08:08          0      3,48      0,00      0,00      0,00      0,00      0,00      0,00      0,00      0,00     96,52
20:08:08          1      1,01      0,00      2,02      0,00      0,00      0,00      0,00      0,00      0,00     96,97
20:08:08          2      1,50      0,00      0,00      0,00      0,00      0,00      0,00      0,00      0,00     98,50
20:08:08          3      2,01      0,00      0,00      0,00      0,00      0,00      0,00      0,00      0,00     97,99
20:08:08          4      1,99      0,00      5,97      0,00      0,00      0,00      0,00      0,00      0,00     92,04
20:08:08          5      1,01      0,00      1,51      0,00      0,00      0,00      0,00      0,00      0,00     97,49
20:08:08          6      2,51      0,00      0,00      0,00      0,00      0,00      0,00      0,00      0,00     97,49
20:08:08          7      2,00      0,00      0,00      0,00      0,00      0,00      0,00      0,00      0,00     98,00
20:08:08          8      1,01      0,00      0,00      0,00      0,00      0,00      0,00      0,00      0,00     98,99
20:08:08          9      1,01      0,00      0,00      0,00      0,00      0,00      0,00      0,00      0,00     98,99
20:08:08         10      7,54      0,00      0,50      0,00      0,00      0,00      0,00      0,00      0,00     91,96
20:08:08         11      2,49      0,00      0,00      0,00      0,00      0,00      0,00      0,00      0,00     97,51
20:08:08         12      2,53      0,00      0,00      0,00      0,00      0,00      0,00      0,00      0,00     97,47
20:08:08         13    100,00      0,00      0,00      0,00      0,00      0,00      0,00      0,00      0,00      0,00
20:08:08         14      1,49      0,00      0,50      0,00      0,00      0,00      0,00      0,00      0,00     98,01
20:08:08         15      1,01      0,00      0,00      0,00      0,00      0,00      0,00      0,00      0,00     98,99

20:08:06        IFACE   rxpck/s   txpck/s    rxkB/s    txkB/s   rxcmp/s   txcmp/s  rxmcst/s   %ifutil
20:08:08           lo      0,00      0,00      0,00      0,00      0,00      0,00      0,00      0,00
20:08:08         eno1      4,00      1,00      0,27      0,08      0,00      0,00      1,00      0,00
20:08:08         eno2      0,00      0,00      0,00      0,00      0,00      0,00      0,00      0,00
20:08:08      docker0      0,00      0,00      0,00      0,00      0,00      0,00      0,00      0,00
20:08:08      ens2np0      0,00      0,00      0,00      0,00      0,00      0,00      0,00      0,00
20:08:08      ens2np1      0,00      0,00      0,00      0,00      0,00      0,00      0,00      0,00

20:08:08        CPU      %usr     %nice      %sys   %iowait    %steal      %irq     %soft    %guest    %gnice     %idle
20:08:10        all      7,82      0,00      0,56      0,00      0,00      0,00      0,00      0,00      0,00     91,61
20:08:10          0      2,51      0,00      0,00      0,00      0,00      0,00      0,00      0,00      0,00     97,49
20:08:10          1      1,00      0,00      0,00      0,00      0,00      0,00      0,00      0,00      0,00     99,00
20:08:10          2      2,00      0,00      2,50      0,00      0,00      0,00      0,00      0,00      0,00     95,50
20:08:10          3      1,51      0,00      0,50      0,00      0,00      0,00      0,00      0,00      0,00     97,99
20:08:10          4      1,50      0,00      1,00      0,00      0,00      0,00      0,00      0,00      0,00     97,50
20:08:10          5     73,50      0,00      0,00      0,00      0,00      0,00      0,00      0,00      0,00     26,50
20:08:10          6      0,50      0,00      0,00      0,00      0,00      0,00      0,00      0,00      0,00     99,50
20:08:10          7      1,50      0,00      0,50      0,00      0,00      0,00      0,00      0,00      0,00     98,00
20:08:10          8      1,01      0,00      0,00      0,00      0,00      0,00      0,00      0,00      0,00     98,99
20:08:10          9      1,00      0,00      0,00      0,00      0,00      0,00      0,00      0,00      0,00     99,00
20:08:10         10      7,50      0,00      0,50      0,00      0,00      0,00      0,00      0,00      0,00     92,00
20:08:10         11      1,50      0,00      1,00      0,00      0,00      0,00      0,00      0,00      0,00     97,50
20:08:10         12      1,00      0,00      0,50      0,00      0,00      0,00      0,00      0,00      0,00     98,50
20:08:10         13     27,00      0,00      0,50      0,00      0,00      0,00      0,00      0,00      0,00     72,50
20:08:10         14      0,50      0,00      0,50      0,00      0,00      0,00      0,00      0,00      0,00     99,00
20:08:10         15      1,49      0,00      1,49      0,00      0,00      0,00      0,00      0,00      0,00     97,01

20:08:08        IFACE   rxpck/s   txpck/s    rxkB/s    txkB/s   rxcmp/s   txcmp/s  rxmcst/s   %ifutil
20:08:10           lo      0,00      0,00      0,00      0,00      0,00      0,00      0,00      0,00
20:08:10         eno1      4,00      2,00      0,38      0,14      0,00      0,00      1,00      0,00
20:08:10         eno2      0,00      0,00      0,00      0,00      0,00      0,00      0,00      0,00
20:08:10      docker0      0,00      0,00      0,00      0,00      0,00      0,00      0,00      0,00
20:08:10      ens2np0      0,00      0,00      0,00      0,00      0,00      0,00      0,00      0,00
20:08:10      ens2np1      0,00      0,00      0,00      0,00      0,00      0,00      0,00      0,00

20:08:10        CPU      %usr     %nice      %sys   %iowait    %steal      %irq     %soft    %guest    %gnice     %idle
20:08:12        all      7,29      0,00      0,44      0,00      0,00      0,00     14,15      0,00      0,00     78,12
20:08:12          0      1,08      0,00      0,00      0,00      0,00      0,00     32,97      0,00      0,00     65,95
20:08:12          1      0,00      0,00      0,00      0,00      0,00      0,00     60,80      0,00      0,00     39,20
20:08:12          2      1,00      0,00      0,00      0,00      0,00      0,00     60,50      0,00      0,00     38,50
20:08:12          3      0,50      0,00      0,00      0,00      0,00      0,00     60,50      0,00      0,00     39,00
20:08:12          4      1,02      0,00      0,51      0,00      0,00      0,00      0,00      0,00      0,00     98,48
20:08:12          5     94,97      0,00      5,03      0,00      0,00      0,00      0,00      0,00      0,00      0,00
20:08:12          6      0,52      0,00      0,52      0,00      0,00      0,00     11,52      0,00      0,00     87,43
20:08:12          7      1,01      0,00      0,51      0,00      0,00      0,00      0,00      0,00      0,00     98,48
20:08:12          8      0,00      0,00      0,00      0,00      0,00      0,00      0,00      0,00      0,00    100,00
20:08:12          9      0,51      0,00      0,00      0,00      0,00      0,00      0,00      0,00      0,00     99,49
20:08:12         10     11,06      0,00      0,00      0,00      0,00      0,00      0,00      0,00      0,00     88,94
20:08:12         11      0,51      0,00      0,00      0,00      0,00      0,00      0,00      0,00      0,00     99,49
20:08:12         12      1,52      0,00      0,00      0,00      0,00      0,00      0,00      0,00      0,00     98,48
20:08:12         13      0,50      0,00      0,00      0,00      0,00      0,00      0,00      0,00      0,00     99,50
20:08:12         14      1,02      0,00      0,00      0,00      0,00      0,00      0,00      0,00      0,00     98,98
20:08:12         15      0,50      0,00      0,50      0,00      0,00      0,00      0,00      0,00      0,00     98,99

20:08:10        IFACE   rxpck/s   txpck/s    rxkB/s    txkB/s   rxcmp/s   txcmp/s  rxmcst/s   %ifutil
20:08:12           lo      2,00      2,00      0,28      0,28      0,00      0,00      0,00      0,00
20:08:12         eno1      9,00  83478,50      3,49  41736,44      0,00      0,00      1,50     34,19
20:08:12         eno2      0,00      0,00      0,00      0,00      0,00      0,00      0,00      0,00
20:08:12      docker0      0,00      0,00      0,00      0,00      0,00      0,00      0,00      0,00
20:08:12      ens2np0 824716,00  61652,50 409136,45  30406,50      0,00      0,00      0,00     33,52
20:08:12      ens2np1      0,00      0,00      0,00      0,00      0,00      0,00      0,00      0,00

20:08:12        CPU      %usr     %nice      %sys   %iowait    %steal      %irq     %soft    %guest    %gnice     %idle
20:08:14        all     11,90      0,00      1,95      0,00      0,00      0,00     23,89      0,00      0,00     62,26
20:08:14          0      0,00      0,00      0,00      0,00      0,00      0,00     66,67      0,00      0,00     33,33
20:08:14          1      0,00      0,00      0,00      0,00      0,00      0,00    100,00      0,00      0,00      0,00
20:08:14          2      0,00      0,00      0,00      0,00      0,00      0,00    100,00      0,00      0,00      0,00
20:08:14          3      0,00      0,00      0,00      0,00      0,00      0,00    100,00      0,00      0,00      0,00
20:08:14          4      9,60      0,00      0,51      0,00      0,00      0,00      0,00      0,00      0,00     89,90
20:08:14          5     78,61      0,00      8,46      0,00      0,00      0,00      0,00      0,00      0,00     12,94
20:08:14          6     10,67      0,00      0,56      0,00      0,00      0,00     16,29      0,00      0,00     72,47
20:08:14          7      8,63      0,00      4,06      0,00      0,00      0,00      0,00      0,00      0,00     87,31
20:08:14          8      7,18      0,00      7,69      0,00      0,00      0,00      0,00      0,00      0,00     85,13
20:08:14          9      5,05      0,00      0,00      0,00      0,00      0,00      0,00      0,00      0,00     94,95
20:08:14         10      8,54      0,00      0,00      0,00      0,00      0,00      0,00      0,00      0,00     91,46
20:08:14         11      6,03      0,00      1,01      0,00      0,00      0,00      0,00      0,00      0,00     92,96
20:08:14         12     10,10      0,00      3,03      0,00      0,00      0,00      0,00      0,00      0,00     86,87
20:08:14         13     18,09      0,00      3,02      0,00      0,00      0,00      0,00      0,00      0,00     78,89
20:08:14         14     15,31      0,00      2,04      0,00      0,00      0,00      0,00      0,00      0,00     82,65
20:08:14         15     10,66      0,00      0,51      0,00      0,00      0,00      0,00      0,00      0,00     88,83

20:08:12        IFACE   rxpck/s   txpck/s    rxkB/s    txkB/s   rxcmp/s   txcmp/s  rxmcst/s   %ifutil
20:08:14           lo      0,00      0,00      0,00      0,00      0,00      0,00      0,00      0,00
20:08:14         eno1      5,50 240601,50      1,69 120299,89      0,00      0,00      1,50     98,55
20:08:14         eno2      0,00      0,00      0,00      0,00      0,00      0,00      0,00      0,00
20:08:14      docker0      0,00      0,00      0,00      0,00      0,00      0,00      0,00      0,00
20:08:14      ens2np0 1321305,50  99796,00 655491,40  49507,94      0,00      0,00      0,00     53,70
20:08:14      ens2np1      0,00      0,00      0,00      0,00      0,00      0,00      0,00      0,00

20:08:14        CPU      %usr     %nice      %sys   %iowait    %steal      %irq     %soft    %guest    %gnice     %idle
20:08:16        all      7,43      0,00      1,21      0,00      0,00      0,00     23,20      0,00      0,00     68,16
20:08:16          0      0,57      0,00      0,00      0,00      0,00      0,00     57,39      0,00      0,00     42,05
20:08:16          1      0,00      0,00      0,00      0,00      0,00      0,00    100,00      0,00      0,00      0,00
20:08:16          2      0,00      0,00      0,00      0,00      0,00      0,00    100,00      0,00      0,00      0,00
20:08:16          3      0,00      0,00      0,00      0,00      0,00      0,00    100,00      0,00      0,00      0,00
20:08:16          4      2,97      0,00      1,49      0,00      0,00      0,00      0,00      0,00      0,00     95,54
20:08:16          5     32,16      0,00      3,52      0,00      0,00      0,00      0,00      0,00      0,00     64,32
20:08:16          6      2,25      0,00      0,56      0,00      0,00      0,00     15,17      0,00      0,00     82,02
20:08:16          7      2,01      0,00      2,01      0,00      0,00      0,00      0,00      0,00      0,00     95,98
20:08:16          8      2,01      0,00      1,01      0,00      0,00      0,00      0,00      0,00      0,00     96,98
20:08:16          9      0,50      0,00      0,00      0,00      0,00      0,00      0,00      0,00      0,00     99,50
20:08:16         10      0,50      0,00      0,50      0,00      0,00      0,00      0,00      0,00      0,00     99,00
20:08:16         11      0,50      0,00      0,50      0,00      0,00      0,00      0,00      0,00      0,00     98,99
20:08:16         12      8,67      0,00      1,02      0,00      0,00      0,00      0,00      0,00      0,00     90,31
20:08:16         13     58,50      0,00      6,00      0,00      0,00      0,00      0,00      0,00      0,00     35,50
20:08:16         14      1,03      0,00      2,05      0,00      0,00      0,00      0,00      0,00      0,00     96,92
20:08:16         15      5,61      0,00      0,51      0,00      0,00      0,00      0,00      0,00      0,00     93,88

20:08:14        IFACE   rxpck/s   txpck/s    rxkB/s    txkB/s   rxcmp/s   txcmp/s  rxmcst/s   %ifutil
20:08:16           lo      0,00      0,00      0,00      0,00      0,00      0,00      0,00      0,00
20:08:16         eno1      5,00 240435,00      0,58 120216,86      0,00      0,00      1,00     98,48
20:08:16         eno2      0,00      0,00      0,00      0,00      0,00      0,00      0,00      0,00
20:08:16      docker0      0,00      0,00      0,00      0,00      0,00      0,00      0,00      0,00
20:08:16      ens2np0 1365906,00 101572,50 677617,43  50389,03      0,00      0,00      0,00     55,51
20:08:16      ens2np1      0,00      0,00      0,00      0,00      0,00      0,00      0,00      0,00

20:08:16        CPU      %usr     %nice      %sys   %iowait    %steal      %irq     %soft    %guest    %gnice     %idle
20:08:18        all      7,24      0,00      0,99      0,03      0,00      0,00     23,67      0,00      0,00     68,06
20:08:18          0      0,54      0,00      0,54      0,00      0,00      0,00     60,75      0,00      0,00     38,17
20:08:18          1      0,00      0,00      0,00      0,00      0,00      0,00    100,00      0,00      0,00      0,00
20:08:18          2      0,00      0,00      0,00      0,00      0,00      0,00    100,00      0,00      0,00      0,00
20:08:18          3      0,00      0,00      0,00      0,00      0,00      0,00    100,00      0,00      0,00      0,00
20:08:18          4      2,55      0,00      0,00      0,00      0,00      0,00      0,00      0,00      0,00     97,45
20:08:18          5     87,00      0,00     11,00      0,00      0,00      0,00      0,00      0,00      0,00      2,00
20:08:18          6      2,21      0,00      0,00      0,00      0,00      0,00     17,68      0,00      0,00     80,11
20:08:18          7      4,06      0,00      0,00      0,51      0,00      0,00      0,00      0,00      0,00     95,43
20:08:18          8      1,54      0,00      1,03      0,00      0,00      0,00      0,00      0,00      0,00     97,44
20:08:18          9      0,50      0,00      0,00      0,00      0,00      0,00      0,00      0,00      0,00     99,50
20:08:18         10      0,50      0,00      0,00      0,00      0,00      0,00      0,00      0,00      0,00     99,50
20:08:18         11      0,50      0,00      0,00      0,00      0,00      0,00      0,00      0,00      0,00     99,50
20:08:18         12      3,02      0,00      1,01      0,00      0,00      0,00      0,00      0,00      0,00     95,98
20:08:18         13      2,51      0,00      0,00      0,00      0,00      0,00      0,00      0,00      0,00     97,49
20:08:18         14      3,59      0,00      1,03      0,00      0,00      0,00      0,00      0,00      0,00     95,38
20:08:18         15      6,00      0,00      1,00      0,00      0,00      0,00      0,00      0,00      0,00     93,00

20:08:16        IFACE   rxpck/s   txpck/s    rxkB/s    txkB/s   rxcmp/s   txcmp/s  rxmcst/s   %ifutil
20:08:18           lo      0,00      0,00      0,00      0,00      0,00      0,00      0,00      0,00
20:08:18         eno1      5,50 240601,50      0,62 120300,11      0,00      0,00      1,00     98,55
20:08:18         eno2      0,00      0,00      0,00      0,00      0,00      0,00      0,00      0,00
20:08:18      docker0      0,00      0,00      0,00      0,00      0,00      0,00      0,00      0,00
20:08:18      ens2np0 1366424,00 101520,50 677874,41  50363,46      0,00      0,00      0,00     55,53
20:08:18      ens2np1      0,00      0,00      0,00      0,00      0,00      0,00      0,00      0,00

20:08:18        CPU      %usr     %nice      %sys   %iowait    %steal      %irq     %soft    %guest    %gnice     %idle
20:08:20        all      8,15      0,00      1,14      0,00      0,00      0,00     23,17      0,00      0,00     67,54
20:08:20          0      0,00      0,00      0,56      0,00      0,00      0,00     59,89      0,00      0,00     39,55
20:08:20          1      0,00      0,00      0,00      0,00      0,00      0,00    100,00      0,00      0,00      0,00
20:08:20          2      0,00      0,00      0,00      0,00      0,00      0,00    100,00      0,00      0,00      0,00
20:08:20          3      0,00      0,00      0,00      0,00      0,00      0,00    100,00      0,00      0,00      0,00
20:08:20          4      4,04      0,00      1,01      0,00      0,00      0,00      0,00      0,00      0,00     94,95
20:08:20          5     90,50      0,00      9,50      0,00      0,00      0,00      0,00      0,00      0,00      0,00
20:08:20          6      3,93      0,00      0,00      0,00      0,00      0,00     14,04      0,00      0,00     82,02
20:08:20          7      5,03      0,00      1,01      0,00      0,00      0,00      0,00      0,00      0,00     93,97
20:08:20          8      7,58      0,00      0,51      0,00      0,00      0,00      0,00      0,00      0,00     91,92
20:08:20          9      1,49      0,00      0,00      0,00      0,00      0,00      0,00      0,00      0,00     98,51
20:08:20         10      2,46      0,00      0,49      0,00      0,00      0,00      0,00      0,00      0,00     97,04
20:08:20         11      1,49      0,00      0,00      0,00      0,00      0,00      0,00      0,00      0,00     98,51
20:08:20         12      2,49      0,00      0,50      0,00      0,00      0,00      0,00      0,00      0,00     97,01
20:08:20         13      1,49      0,00      0,00      0,00      0,00      0,00      0,00      0,00      0,00     98,51
20:08:20         14      3,54      0,00      4,55      0,00      0,00      0,00      0,00      0,00      0,00     91,92
20:08:20         15      5,03      0,00      0,00      0,00      0,00      0,00      0,00      0,00      0,00     94,97

20:08:18        IFACE   rxpck/s   txpck/s    rxkB/s    txkB/s   rxcmp/s   txcmp/s  rxmcst/s   %ifutil
20:08:20           lo      0,00      0,00      0,00      0,00      0,00      0,00      0,00      0,00
20:08:20         eno1      6,00 240600,00      1,12 120299,61      0,00      0,00      2,00     98,55
20:08:20         eno2      0,00      0,00      0,00      0,00      0,00      0,00      0,00      0,00
20:08:20      docker0      0,00      0,00      0,00      0,00      0,00      0,00      0,00      0,00
20:08:20      ens2np0 1367681,00 101319,50 678498,00  50263,52      0,00      0,00      0,00     55,58
20:08:20      ens2np1      0,00      0,00      0,00      0,00      0,00      0,00      0,00      0,00

20:08:20        CPU      %usr     %nice      %sys   %iowait    %steal      %irq     %soft    %guest    %gnice     %idle
20:08:22        all      7,34      0,00      0,92      0,06      0,00      0,00     23,35      0,00      0,00     68,33
20:08:22          0      1,70      0,00      0,00      0,00      0,00      0,00     57,39      0,00      0,00     40,91
20:08:22          1      0,00      0,00      0,00      0,00      0,00      0,00    100,00      0,00      0,00      0,00
20:08:22          2      0,00      0,00      0,00      0,00      0,00      0,00    100,00      0,00      0,00      0,00
20:08:22          3      0,00      0,00      0,00      0,00      0,00      0,00    100,00      0,00      0,00      0,00
20:08:22          4      1,01      0,00      0,51      0,00      0,00      0,00      0,00      0,00      0,00     98,48
20:08:22          5     81,41      0,00      7,54      0,00      0,00      0,00      0,00      0,00      0,00     11,06
20:08:22          6      1,08      0,00      0,54      0,54      0,00      0,00     18,28      0,00      0,00     79,57
20:08:22          7      3,02      0,00      0,50      0,00      0,00      0,00      0,00      0,00      0,00     96,48
20:08:22          8      3,54      0,00      1,01      0,00      0,00      0,00      0,00      0,00      0,00     95,45
20:08:22          9      0,50      0,00      0,00      0,00      0,00      0,00      0,00      0,00      0,00     99,50
20:08:22         10      0,51      0,00      0,00      0,00      0,00      0,00      0,00      0,00      0,00     99,49
20:08:22         11      0,00      0,00      0,00      0,00      0,00      0,00      0,00      0,00      0,00    100,00
20:08:22         12      4,00      0,00      0,50      0,50      0,00      0,00      0,00      0,00      0,00     95,00
20:08:22         13     10,95      0,00      1,99      0,00      0,00      0,00      0,00      0,00      0,00     87,06
20:08:22         14      1,53      0,00      1,53      0,00      0,00      0,00      0,00      0,00      0,00     96,94
20:08:22         15      6,97      0,00      0,50      0,00      0,00      0,00      0,00      0,00      0,00     92,54

20:08:20        IFACE   rxpck/s   txpck/s    rxkB/s    txkB/s   rxcmp/s   txcmp/s  rxmcst/s   %ifutil
20:08:22           lo      0,00      0,00      0,00      0,00      0,00      0,00      0,00      0,00
20:08:22         eno1      6,50 240600,50      0,42 120300,04      0,00      0,00      1,00     98,55
20:08:22         eno2      0,00      0,00      0,00      0,00      0,00      0,00      0,00      0,00
20:08:22      docker0      0,00      0,00      0,00      0,00      0,00      0,00      0,00      0,00
20:08:22      ens2np0 1364160,00 100947,50 676751,25  50079,20      0,00      0,00      0,00     55,44
20:08:22      ens2np1      0,00      0,00      0,00      0,00      0,00      0,00      0,00      0,00

20:08:22        CPU      %usr     %nice      %sys   %iowait    %steal      %irq     %soft    %guest    %gnice     %idle
20:08:24        all      7,33      0,00      0,70      0,00      0,00      0,00     23,17      0,00      0,00     68,80
20:08:24          0      0,55      0,00      0,00      0,00      0,00      0,00     58,56      0,00      0,00     40,88
20:08:24          1      0,00      0,00      0,00      0,00      0,00      0,00    100,00      0,00      0,00      0,00
20:08:24          2      0,00      0,00      0,00      0,00      0,00      0,00    100,00      0,00      0,00      0,00
20:08:24          3      0,00      0,00      0,00      0,00      0,00      0,00    100,00      0,00      0,00      0,00
20:08:24          4      5,00      0,00      0,00      0,00      0,00      0,00      0,50      0,00      0,00     94,50
20:08:24          5     92,50      0,00      7,50      0,00      0,00      0,00      0,00      0,00      0,00      0,00
20:08:24          6      1,16      0,00      0,00      0,00      0,00      0,00     11,56      0,00      0,00     87,28
20:08:24          7      1,00      0,00      0,50      0,00      0,00      0,00      0,00      0,00      0,00     98,50
20:08:24          8      1,01      0,00      0,00      0,00      0,00      0,00      0,00      0,00      0,00     98,99
20:08:24          9      0,00      0,00      0,00      0,00      0,00      0,00      0,00      0,00      0,00    100,00
20:08:24         10      0,00      0,00      0,00      0,00      0,00      0,00      0,00      0,00      0,00    100,00
20:08:24         11      0,50      0,00      0,00      0,00      0,00      0,00      0,00      0,00      0,00     99,50
20:08:24         12      9,55      0,00      1,51      0,00      0,00      0,00      0,00      0,00      0,00     88,94
20:08:24         13      0,50      0,00      0,50      0,00      0,00      0,00      0,00      0,00      0,00     98,99
20:08:24         14      2,53      0,00      0,51      0,00      0,00      0,00      0,00      0,00      0,00     96,97
20:08:24         15      1,01      0,00      0,51      0,00      0,00      0,00      0,00      0,00      0,00     98,48

20:08:22        IFACE   rxpck/s   txpck/s    rxkB/s    txkB/s   rxcmp/s   txcmp/s  rxmcst/s   %ifutil
20:08:24           lo      0,00      0,00      0,00      0,00      0,00      0,00      0,00      0,00
20:08:24         eno1      3,50 240600,00      0,89 120299,75      0,00      0,00      1,00     98,55
20:08:24         eno2      0,00      0,00      0,00      0,00      0,00      0,00      0,00      0,00
20:08:24      docker0      0,00      0,00      0,00      0,00      0,00      0,00      0,00      0,00
20:08:24      ens2np0 1365359,50 101233,00 677346,31  50220,60      0,00      0,00      0,00     55,49
20:08:24      ens2np1      0,00      0,00      0,00      0,00      0,00      0,00      0,00      0,00

20:08:24        CPU      %usr     %nice      %sys   %iowait    %steal      %irq     %soft    %guest    %gnice     %idle
20:08:26        all      7,13      0,00      0,86      0,00      0,00      0,00     22,70      0,00      0,00     69,31
20:08:26          0      0,58      0,00      0,00      0,00      0,00      0,00     56,65      0,00      0,00     42,77
20:08:26          1      0,00      0,00      0,00      0,00      0,00      0,00    100,00      0,00      0,00      0,00
20:08:26          2      0,00      0,00      0,00      0,00      0,00      0,00    100,00      0,00      0,00      0,00
20:08:26          3      0,00      0,00      0,00      0,00      0,00      0,00    100,00      0,00      0,00      0,00
20:08:26          4      2,02      0,00      0,00      0,00      0,00      0,00      0,00      0,00      0,00     97,98
20:08:26          5     89,05      0,00     10,95      0,00      0,00      0,00      0,00      0,00      0,00      0,00
20:08:26          6      1,82      0,00      0,00      0,00      0,00      0,00      7,27      0,00      0,00     90,91
20:08:26          7      2,01      0,00      0,00      0,00      0,00      0,00      0,00      0,00      0,00     97,99
20:08:26          8      2,02      0,00      0,00      0,00      0,00      0,00      0,00      0,00      0,00     97,98
20:08:26          9      2,50      0,00      0,00      0,00      0,00      0,00      0,00      0,00      0,00     97,50
20:08:26         10      2,50      0,00      0,00      0,00      0,00      0,00      0,00      0,00      0,00     97,50
20:08:26         11      0,50      0,00      1,01      0,00      0,00      0,00      0,00      0,00      0,00     98,49
20:08:26         12      5,03      0,00      0,50      0,00      0,00      0,00      0,00      0,00      0,00     94,47
20:08:26         13      1,50      0,00      0,00      0,00      0,00      0,00      0,00      0,00      0,00     98,50
20:08:26         14      1,52      0,00      0,51      0,00      0,00      0,00      0,00      0,00      0,00     97,98
20:08:26         15      0,51      0,00      0,51      0,00      0,00      0,00      0,00      0,00      0,00     98,99

20:08:24        IFACE   rxpck/s   txpck/s    rxkB/s    txkB/s   rxcmp/s   txcmp/s  rxmcst/s   %ifutil
20:08:26           lo      0,00      0,00      0,00      0,00      0,00      0,00      0,00      0,00
20:08:26         eno1      5,50 240600,50      0,35 120300,08      0,00      0,00      1,00     98,55
20:08:26         eno2      0,00      0,00      0,00      0,00      0,00      0,00      0,00      0,00
20:08:26      docker0      0,00      0,00      0,00      0,00      0,00      0,00      0,00      0,00
20:08:26      ens2np0 1367546,00 101408,50 678431,02  50307,90      0,00      0,00      0,00     55,58
20:08:26      ens2np1      0,00      0,00      0,00      0,00      0,00      0,00      0,00      0,00

20:08:26        CPU      %usr     %nice      %sys   %iowait    %steal      %irq     %soft    %guest    %gnice     %idle
20:08:28        all      6,74      0,00      0,86      0,22      0,00      0,00     23,36      0,00      0,00     68,83
20:08:28          0      0,53      0,00      0,53      0,00      0,00      0,00     59,47      0,00      0,00     39,47
20:08:28          1      0,00      0,00      0,00      0,00      0,00      0,00    100,00      0,00      0,00      0,00
20:08:28          2      0,00      0,00      0,00      0,00      0,00      0,00    100,00      0,00      0,00      0,00
20:08:28          3      0,00      0,00      0,00      0,00      0,00      0,00    100,00      0,00      0,00      0,00
20:08:28          4      2,51      0,00      1,01      0,00      0,00      0,00      0,00      0,00      0,00     96,48
20:08:28          5     90,50      0,00      9,50      0,00      0,00      0,00      0,00      0,00      0,00      0,00
20:08:28          6      1,14      0,00      0,00      0,00      0,00      0,00     12,50      0,00      0,00     86,36
20:08:28          7      4,08      0,00      1,02      0,00      0,00      0,00      0,00      0,00      0,00     94,90
20:08:28          8      0,51      0,00      0,51      3,03      0,00      0,00      0,00      0,00      0,00     95,96
20:08:28          9      0,50      0,00      0,00      0,00      0,00      0,00      0,00      0,00      0,00     99,50
20:08:28         10      0,50      0,00      0,00      0,00      0,00      0,00      0,00      0,00      0,00     99,50
20:08:28         11      0,51      0,00      0,51      0,00      0,00      0,00      0,00      0,00      0,00     98,98
20:08:28         12      1,02      0,00      0,00      0,51      0,00      0,00      0,00      0,00      0,00     98,48
20:08:28         13      0,00      0,00      0,00      0,00      0,00      0,00      0,00      0,00      0,00    100,00
20:08:28         14      0,51      0,00      0,00      0,00      0,00      0,00      0,00      0,00      0,00     99,49
20:08:28         15      4,02      0,00      0,50      0,00      0,00      0,00      0,00      0,00      0,00     95,48

20:08:26        IFACE   rxpck/s   txpck/s    rxkB/s    txkB/s   rxcmp/s   txcmp/s  rxmcst/s   %ifutil
20:08:28           lo      0,00      0,00      0,00      0,00      0,00      0,00      0,00      0,00
20:08:28         eno1      6,00 240480,50      0,41 120240,04      0,00      0,00      1,50     98,50
20:08:28         eno2      0,00      0,00      0,00      0,00      0,00      0,00      0,00      0,00
20:08:28      docker0      0,00      0,00      0,00      0,00      0,00      0,00      0,00      0,00
20:08:28      ens2np0 1370810,50 101540,50 680050,52  50373,15      0,00      0,00      0,00     55,71
20:08:28      ens2np1      0,00      0,00      0,00      0,00      0,00      0,00      0,00      0,00

20:08:28        CPU      %usr     %nice      %sys   %iowait    %steal      %irq     %soft    %guest    %gnice     %idle
20:08:30        all      9,53      0,00      1,62      0,00      0,00      0,00     23,56      0,00      0,00     65,29
20:08:30          0      1,11      0,00      0,56      0,00      0,00      0,00     62,78      0,00      0,00     35,56
20:08:30          1      0,00      0,00      0,00      0,00      0,00      0,00    100,00      0,00      0,00      0,00
20:08:30          2      0,00      0,00      0,00      0,00      0,00      0,00    100,00      0,00      0,00      0,00
20:08:30          3      0,00      0,00      0,00      0,00      0,00      0,00    100,00      0,00      0,00      0,00
20:08:30          4      7,22      0,00      2,06      0,00      0,00      0,00      0,00      0,00      0,00     90,72
20:08:30          5     83,92      0,00      8,54      0,00      0,00      0,00      0,00      0,00      0,00      7,54
20:08:30          6      4,97      0,00      0,55      0,00      0,00      0,00     16,02      0,00      0,00     78,45
20:08:30          7      4,98      0,00      0,00      0,00      0,00      0,00      0,00      0,00      0,00     95,02
20:08:30          8     16,67      0,00      1,01      0,00      0,00      0,00      0,00      0,00      0,00     82,32
20:08:30          9      5,50      0,00      0,50      0,00      0,00      0,00      0,00      0,00      0,00     94,00
20:08:30         10      1,51      0,00      1,51      0,00      0,00      0,00      0,00      0,00      0,00     96,98
20:08:30         11      2,50      0,00      1,00      0,00      0,00      0,00      0,00      0,00      0,00     96,50
20:08:30         12      4,02      0,00      4,02      0,00      0,00      0,00      0,00      0,00      0,00     91,96
20:08:30         13      8,96      0,00      2,49      0,00      0,00      0,00      0,00      0,00      0,00     88,56
20:08:30         14      3,54      0,00      1,01      0,00      0,00      0,00      0,00      0,00      0,00     95,45
20:08:30         15      6,53      0,00      2,51      0,00      0,00      0,00      0,00      0,00      0,00     90,95

20:08:28        IFACE   rxpck/s   txpck/s    rxkB/s    txkB/s   rxcmp/s   txcmp/s  rxmcst/s   %ifutil
20:08:30           lo      0,00      0,00      0,00      0,00      0,00      0,00      0,00      0,00
20:08:30         eno1      6,00 240618,00      0,39 120300,61      0,00      0,00      1,00     98,55
20:08:30         eno2      0,00      0,00      0,00      0,00      0,00      0,00      0,00      0,00
20:08:30      docker0      0,00      0,00      0,00      0,00      0,00      0,00      0,00      0,00
20:08:30      ens2np0 1349741,50 100624,50 669598,32  49918,96      0,00      0,00      0,00     54,85
20:08:30      ens2np1      0,00      0,00      0,00      0,00      0,00      0,00      0,00      0,00

20:08:30        CPU      %usr     %nice      %sys   %iowait    %steal      %irq     %soft    %guest    %gnice     %idle
20:08:32        all      8,06      0,00      1,40      0,48      0,00      0,00     22,84      0,00      0,00     67,22
20:08:32          0      1,78      0,00      0,00      0,00      0,00      0,00     57,99      0,00      0,00     40,24
20:08:32          1      0,00      0,00      0,00      0,00      0,00      0,00    100,00      0,00      0,00      0,00
20:08:32          2      0,00      0,00      0,00      0,00      0,00      0,00    100,00      0,00      0,00      0,00
20:08:32          3      0,00      0,00      0,00      0,00      0,00      0,00    100,00      0,00      0,00      0,00
20:08:32          4      3,00      0,00      0,00      0,00      0,00      0,00      0,00      0,00      0,00     97,00
20:08:32          5     90,50      0,00      9,50      0,00      0,00      0,00      0,00      0,00      0,00      0,00
20:08:32          6      1,73      0,00      1,16      0,00      0,00      0,00     10,98      0,00      0,00     86,13
20:08:32          7      1,99      0,00      0,50      0,00      0,00      0,00      0,00      0,00      0,00     97,51
20:08:32          8     10,55      0,00      1,51      0,00      0,00      0,00      0,00      0,00      0,00     87,94
20:08:32          9      3,50      0,00      0,50      0,00      0,00      0,00      0,00      0,00      0,00     96,00
20:08:32         10      1,49      0,00      0,00      0,00      0,00      0,00      0,00      0,00      0,00     98,51
20:08:32         11      2,01      0,00      5,03      0,00      0,00      0,00      0,00      0,00      0,00     92,96
20:08:32         12      3,50      0,00      1,00      0,00      0,00      0,00      0,00      0,00      0,00     95,50
20:08:32         13      1,51      0,00      0,00      0,00      0,00      0,00      0,00      0,00      0,00     98,49
20:08:32         14      3,02      0,00      3,02      7,54      0,00      0,00      0,00      0,00      0,00     86,43
20:08:32         15      2,51      0,00      0,00      0,00      0,00      0,00      0,00      0,00      0,00     97,49

20:08:30        IFACE   rxpck/s   txpck/s    rxkB/s    txkB/s   rxcmp/s   txcmp/s  rxmcst/s   %ifutil
20:08:32           lo      0,00      0,00      0,00      0,00      0,00      0,00      0,00      0,00
20:08:32         eno1      6,00 240185,50      1,05 120100,07      0,00      0,00      1,00     98,39
20:08:32         eno2      0,00      0,00      0,00      0,00      0,00      0,00      0,00      0,00
20:08:32      docker0      0,00      0,00      0,00      0,00      0,00      0,00      0,00      0,00
20:08:32      ens2np0 1349749,00 101105,00 669602,04  50157,10      0,00      0,00      0,00     54,85
20:08:32      ens2np1      0,00      0,00      0,00      0,00      0,00      0,00      0,00      0,00

20:08:32        CPU      %usr     %nice      %sys   %iowait    %steal      %irq     %soft    %guest    %gnice     %idle
20:08:34        all      7,04      0,00      0,89      0,00      0,00      0,00     23,15      0,00      0,00     68,93
20:08:34          0      0,55      0,00      0,55      0,00      0,00      0,00     58,47      0,00      0,00     40,44
20:08:34          1      0,00      0,00      0,00      0,00      0,00      0,00    100,00      0,00      0,00      0,00
20:08:34          2      0,00      0,00      0,00      0,00      0,00      0,00    100,00      0,00      0,00      0,00
20:08:34          3      0,00      0,00      0,00      0,00      0,00      0,00    100,00      0,00      0,00      0,00
20:08:34          4      2,50      0,00      0,50      0,00      0,00      0,00      0,00      0,00      0,00     97,00
20:08:34          5     54,27      0,00      6,53      0,00      0,00      0,00      0,00      0,00      0,00     39,20
20:08:34          6      0,58      0,00      0,58      0,00      0,00      0,00     11,70      0,00      0,00     87,13
20:08:34          7      2,02      0,00      0,51      0,00      0,00      0,00      0,00      0,00      0,00     97,47
20:08:34          8      1,01      0,00      0,00      0,00      0,00      0,00      0,00      0,00      0,00     98,99
20:08:34          9      7,50      0,00      0,00      0,00      0,00      0,00      0,00      0,00      0,00     92,50
20:08:34         10      0,51      0,00      0,00      0,00      0,00      0,00      0,00      0,00      0,00     99,49
20:08:34         11      0,00      0,00      0,00      0,00      0,00      0,00      0,00      0,00      0,00    100,00
20:08:34         12      1,01      0,00      0,00      0,00      0,00      0,00      0,00      0,00      0,00     98,99
20:08:34         13     35,00      0,00      4,50      0,00      0,00      0,00      0,00      0,00      0,00     60,50
20:08:34         14      0,51      0,00      0,51      0,00      0,00      0,00      0,00      0,00      0,00     98,99
20:08:34         15      5,53      0,00      0,50      0,00      0,00      0,00      0,00      0,00      0,00     93,97

20:08:32        IFACE   rxpck/s   txpck/s    rxkB/s    txkB/s   rxcmp/s   txcmp/s  rxmcst/s   %ifutil
20:08:34           lo      0,00      0,00      0,00      0,00      0,00      0,00      0,00      0,00
20:08:34         eno1      1,50 119677,50      0,10  59838,28      0,00      0,00      0,50     49,02
20:08:34         eno2      0,00      0,00      0,00      0,00      0,00      0,00      0,00      0,00
20:08:34      docker0      0,00      0,00      0,00      0,00      0,00      0,00      0,00      0,00
20:08:34      ens2np0 1362657,00 101456,50 676005,62  50331,71      0,00      0,00      0,00     55,38
20:08:34      ens2np1      0,00      0,00      0,00      0,00      0,00      0,00      0,00      0,00

20:08:34        CPU      %usr     %nice      %sys   %iowait    %steal      %irq     %soft    %guest    %gnice     %idle
20:08:36        all      6,30      0,00      0,86      0,00      0,00      0,00     22,85      0,00      0,00     69,99
20:08:36          0      1,14      0,00      0,00      0,00      0,00      0,00     55,43      0,00      0,00     43,43
20:08:36          1      0,00      0,00      0,00      0,00      0,00      0,00    100,00      0,00      0,00      0,00
20:08:36          2      0,00      0,00      0,00      0,00      0,00      0,00    100,00      0,00      0,00      0,00
20:08:36          3      0,00      0,00      0,00      0,00      0,00      0,00    100,00      0,00      0,00      0,00
20:08:36          4      0,50      0,00      0,00      0,00      0,00      0,00      0,00      0,00      0,00     99,50
20:08:36          5     85,50      0,00     12,50      0,00      0,00      0,00      0,00      0,00      0,00      2,00
20:08:36          6      0,57      0,00      0,00      0,00      0,00      0,00     12,07      0,00      0,00     87,36
20:08:36          7      0,00      0,00      0,00      0,00      0,00      0,00      0,00      0,00      0,00    100,00
20:08:36          8      0,50      0,00      0,00      0,00      0,00      0,00      0,00      0,00      0,00     99,50
20:08:36          9      6,53      0,00      0,00      0,00      0,00      0,00      0,00      0,00      0,00     93,47
20:08:36         10      0,51      0,00      0,00      0,00      0,00      0,00      0,00      0,00      0,00     99,49
20:08:36         11      0,00      0,00      0,00      0,00      0,00      0,00      0,00      0,00      0,00    100,00
20:08:36         12      1,00      0,00      0,00      0,00      0,00      0,00      0,00      0,00      0,00     99,00
20:08:36         13      2,00      0,00      0,00      0,00      0,00      0,00      0,00      0,00      0,00     98,00
20:08:36         14      0,50      0,00      0,50      0,00      0,00      0,00      0,00      0,00      0,00     99,00
20:08:36         15      0,50      0,00      0,50      0,00      0,00      0,00      0,00      0,00      0,00     99,00

20:08:34        IFACE   rxpck/s   txpck/s    rxkB/s    txkB/s   rxcmp/s   txcmp/s  rxmcst/s   %ifutil
20:08:36           lo      0,00      0,00      0,00      0,00      0,00      0,00      0,00      0,00
20:08:36         eno1      5,50 240130,00      0,37 120065,03      0,00      0,00      1,50     98,36
20:08:36         eno2      0,00      0,00      0,00      0,00      0,00      0,00      0,00      0,00
20:08:36      docker0      0,00      0,00      0,00      0,00      0,00      0,00      0,00      0,00
20:08:36      ens2np0 1366596,00 101569,00 677959,73  50387,29      0,00      0,00      0,00     55,54
20:08:36      ens2np1      0,00      0,00      0,00      0,00      0,00      0,00      0,00      0,00

20:08:36        CPU      %usr     %nice      %sys   %iowait    %steal      %irq     %soft    %guest    %gnice     %idle
20:08:38        all      6,17      0,00      0,76      0,00      0,00      0,00     22,81      0,00      0,00     70,25
20:08:38          0      0,00      0,00      0,57      0,00      0,00      0,00     55,68      0,00      0,00     43,75
20:08:38          1      0,00      0,00      0,00      0,00      0,00      0,00    100,00      0,00      0,00      0,00
20:08:38          2      0,00      0,00      0,00      0,00      0,00      0,00    100,00      0,00      0,00      0,00
20:08:38          3      0,00      0,00      0,00      0,00      0,00      0,00    100,00      0,00      0,00      0,00
20:08:38          4      0,50      0,00      0,00      0,00      0,00      0,00      0,00      0,00      0,00     99,50
20:08:38          5     87,50      0,00     10,50      0,00      0,00      0,00      0,00      0,00      0,00      2,00
20:08:38          6      1,16      0,00      0,00      0,00      0,00      0,00     11,05      0,00      0,00     87,79
20:08:38          7      2,00      0,00      0,50      0,00      0,00      0,00      0,00      0,00      0,00     97,50
20:08:38          8      0,50      0,00      0,00      0,00      0,00      0,00      0,00      0,00      0,00     99,50
20:08:38          9      1,51      0,00      0,00      0,00      0,00      0,00      0,00      0,00      0,00     98,49
20:08:38         10      0,00      0,00      0,00      0,00      0,00      0,00      0,00      0,00      0,00    100,00
20:08:38         11      0,00      0,00      0,00      0,00      0,00      0,00      0,00      0,00      0,00    100,00
20:08:38         12      1,00      0,00      0,50      0,00      0,00      0,00      0,00      0,00      0,00     98,50
20:08:38         13      2,00      0,00      0,00      0,00      0,00      0,00      0,00      0,00      0,00     98,00
20:08:38         14      0,50      0,00      0,00      0,00      0,00      0,00      0,00      0,00      0,00     99,50
20:08:38         15      0,50      0,00      0,00      0,00      0,00      0,00      0,00      0,00      0,00     99,50

20:08:36        IFACE   rxpck/s   txpck/s    rxkB/s    txkB/s   rxcmp/s   txcmp/s  rxmcst/s   %ifutil
20:08:38           lo      0,00      0,00      0,00      0,00      0,00      0,00      0,00      0,00
20:08:38         eno1      3,50 240601,00      0,22 120300,28      0,00      0,00      1,00     98,55
20:08:38         eno2      0,00      0,00      0,00      0,00      0,00      0,00      0,00      0,00
20:08:38      docker0      0,00      0,00      0,00      0,00      0,00      0,00      0,00      0,00
20:08:38      ens2np0 1373470,50 101392,50 681370,13  50299,96      0,00      0,00      0,00     55,82
20:08:38      ens2np1      0,00      0,00      0,00      0,00      0,00      0,00      0,00      0,00

20:08:38        CPU      %usr     %nice      %sys   %iowait    %steal      %irq     %soft    %guest    %gnice     %idle
20:08:40        all      5,87      0,00      0,92      0,00      0,00      0,00     22,94      0,00      0,00     70,27
20:08:40          0      0,00      0,00      0,00      0,00      0,00      0,00     58,24      0,00      0,00     41,76
20:08:40          1      0,00      0,00      0,00      0,00      0,00      0,00    100,00      0,00      0,00      0,00
20:08:40          2      0,00      0,00      0,00      0,00      0,00      0,00    100,00      0,00      0,00      0,00
20:08:40          3      0,00      0,00      0,00      0,00      0,00      0,00    100,00      0,00      0,00      0,00
20:08:40          4      0,50      0,00      0,50      0,00      0,00      0,00      0,00      0,00      0,00     99,00
20:08:40          5     88,00      0,00     12,00      0,00      0,00      0,00      0,00      0,00      0,00      0,00
20:08:40          6      0,00      0,00      0,00      0,00      0,00      0,00     10,00      0,00      0,00     90,00
20:08:40          7      0,50      0,00      0,50      0,00      0,00      0,00      0,00      0,00      0,00     99,00
20:08:40          8      0,00      0,00      0,50      0,00      0,00      0,00      0,00      0,00      0,00     99,50
20:08:40          9      3,00      0,00      0,50      0,00      0,00      0,00      0,00      0,00      0,00     96,50
20:08:40         10      0,00      0,00      0,50      0,00      0,00      0,00      0,00      0,00      0,00     99,50
20:08:40         11      0,00      0,00      0,00      0,00      0,00      0,00      0,00      0,00      0,00    100,00
20:08:40         12      0,00      0,00      0,00      0,00      0,00      0,00      0,00      0,00      0,00    100,00
20:08:40         13      0,00      0,00      0,00      0,00      0,00      0,00      0,00      0,00      0,00    100,00
20:08:40         14      0,50      0,00      0,00      0,00      0,00      0,00      0,00      0,00      0,00     99,50
20:08:40         15      0,00      0,00      0,00      0,00      0,00      0,00      0,00      0,00      0,00    100,00

20:08:38        IFACE   rxpck/s   txpck/s    rxkB/s    txkB/s   rxcmp/s   txcmp/s  rxmcst/s   %ifutil
20:08:40           lo      0,00      0,00      0,00      0,00      0,00      0,00      0,00      0,00
20:08:40         eno1      2,00 240599,50      0,13 120299,54      0,00      0,00      1,00     98,55
20:08:40         eno2      0,00      0,00      0,00      0,00      0,00      0,00      0,00      0,00
20:08:40      docker0      0,00      0,00      0,00      0,00      0,00      0,00      0,00      0,00
20:08:40      ens2np0 1371457,50 101608,00 680371,49  50406,64      0,00      0,00      0,00     55,74
20:08:40      ens2np1      0,00      0,00      0,00      0,00      0,00      0,00      0,00      0,00

20:08:40        CPU      %usr     %nice      %sys   %iowait    %steal      %irq     %soft    %guest    %gnice     %idle
20:08:42        all      5,93      0,00      0,63      0,00      0,00      0,00     22,85      0,00      0,00     70,58
20:08:42          0      0,00      0,00      0,00      0,00      0,00      0,00     58,24      0,00      0,00     41,76
20:08:42          1      0,00      0,00      0,00      0,00      0,00      0,00    100,00      0,00      0,00      0,00
20:08:42          2      0,00      0,00      0,00      0,00      0,00      0,00    100,00      0,00      0,00      0,00
20:08:42          3      0,00      0,00      0,00      0,00      0,00      0,00    100,00      0,00      0,00      0,00
20:08:42          4      1,00      0,00      0,00      0,00      0,00      0,00      0,00      0,00      0,00     99,00
20:08:42          5     87,56      0,00      8,96      0,00      0,00      0,00      0,00      0,00      0,00      3,48
20:08:42          6      0,00      0,00      0,60      0,00      0,00      0,00      8,33      0,00      0,00     91,07
20:08:42          7      0,50      0,00      0,00      0,00      0,00      0,00      0,00      0,00      0,00     99,50
20:08:42          8      0,50      0,00      0,00      0,00      0,00      0,00      0,00      0,00      0,00     99,50
20:08:42          9      0,00      0,00      0,00      0,00      0,00      0,00      0,00      0,00      0,00    100,00
20:08:42         10      0,00      0,00      0,00      0,00      0,00      0,00      0,00      0,00      0,00    100,00
20:08:42         11      0,00      0,00      0,00      0,00      0,00      0,00      0,00      0,00      0,00    100,00
20:08:42         12      0,00      0,00      0,50      0,00      0,00      0,00      0,00      0,00      0,00     99,50
20:08:42         13      3,00      0,00      0,00      0,00      0,00      0,00      0,00      0,00      0,00     97,00
20:08:42         14      0,50      0,00      0,00      0,00      0,00      0,00      0,00      0,00      0,00     99,50
20:08:42         15      0,00      0,00      0,00      0,00      0,00      0,00      0,00      0,00      0,00    100,00

20:08:40        IFACE   rxpck/s   txpck/s    rxkB/s    txkB/s   rxcmp/s   txcmp/s  rxmcst/s   %ifutil
20:08:42           lo      0,00      0,00      0,00      0,00      0,00      0,00      0,00      0,00
20:08:42         eno1      5,00 240601,00      0,31 120299,85      0,00      0,00      1,00     98,55
20:08:42         eno2      0,00      0,00      0,00      0,00      0,00      0,00      0,00      0,00
20:08:42      docker0      0,00      0,00      0,00      0,00      0,00      0,00      0,00      0,00
20:08:42      ens2np0 1376519,50 101776,50 682882,72  50490,46      0,00      0,00      0,00     55,94
20:08:42      ens2np1      0,00      0,00      0,00      0,00      0,00      0,00      0,00      0,00

20:08:42        CPU      %usr     %nice      %sys   %iowait    %steal      %irq     %soft    %guest    %gnice     %idle
20:08:44        all      5,94      0,00      0,57      0,00      0,00      0,00     22,85      0,00      0,00     70,64
20:08:44          0      0,00      0,00      0,00      0,00      0,00      0,00     58,15      0,00      0,00     41,85
20:08:44          1      0,00      0,00      0,00      0,00      0,00      0,00    100,00      0,00      0,00      0,00
20:08:44          2      0,00      0,00      0,00      0,00      0,00      0,00    100,00      0,00      0,00      0,00
20:08:44          3      0,00      0,00      0,00      0,00      0,00      0,00    100,00      0,00      0,00      0,00
20:08:44          4      0,50      0,00      0,00      0,00      0,00      0,00      0,00      0,00      0,00     99,50
20:08:44          5     91,00      0,00      9,00      0,00      0,00      0,00      0,00      0,00      0,00      0,00
20:08:44          6      0,00      0,00      0,00      0,00      0,00      0,00      7,27      0,00      0,00     92,73
20:08:44          7      0,00      0,00      0,00      0,00      0,00      0,00      0,00      0,00      0,00    100,00
20:08:44          8      0,00      0,00      0,00      0,00      0,00      0,00      0,00      0,00      0,00    100,00
20:08:44          9      0,51      0,00      0,00      0,00      0,00      0,00      0,00      0,00      0,00     99,49
20:08:44         10      0,50      0,00      0,00      0,00      0,00      0,00      0,00      0,00      0,00     99,50
20:08:44         11      0,00      0,00      0,00      0,00      0,00      0,00      0,00      0,00      0,00    100,00
20:08:44         12      0,00      0,00      0,00      0,00      0,00      0,00      0,00      0,00      0,00    100,00
20:08:44         13      0,00      0,00      0,00      0,00      0,00      0,00      0,00      0,00      0,00    100,00
20:08:44         14      0,50      0,00      0,00      0,00      0,00      0,00      0,00      0,00      0,00     99,50
20:08:44         15      0,50      0,00      0,00      0,00      0,00      0,00      0,00      0,00      0,00     99,50

20:08:42        IFACE   rxpck/s   txpck/s    rxkB/s    txkB/s   rxcmp/s   txcmp/s  rxmcst/s   %ifutil
20:08:44           lo      0,00      0,00      0,00      0,00      0,00      0,00      0,00      0,00
20:08:44         eno1      3,00 240600,00      0,19 120299,39      0,00      0,00      1,50     98,55
20:08:44         eno2      0,00      0,00      0,00      0,00      0,00      0,00      0,00      0,00
20:08:44      docker0      0,00      0,00      0,00      0,00      0,00      0,00      0,00      0,00
20:08:44      ens2np0 1374794,00 101457,00 682026,71  50331,73      0,00      0,00      0,00     55,87
20:08:44      ens2np1      0,00      0,00      0,00      0,00      0,00      0,00      0,00      0,00

20:08:44        CPU      %usr     %nice      %sys   %iowait    %steal      %irq     %soft    %guest    %gnice     %idle
20:08:46        all      5,97      0,00      0,48      0,03      0,00      0,00     22,91      0,00      0,00     70,61
20:08:46          0      0,00      0,00      0,00      0,54      0,00      0,00     58,15      0,00      0,00     41,30
20:08:46          1      0,00      0,00      0,00      0,00      0,00      0,00    100,00      0,00      0,00      0,00
20:08:46          2      0,00      0,00      0,00      0,00      0,00      0,00    100,00      0,00      0,00      0,00
20:08:46          3      0,00      0,00      0,00      0,00      0,00      0,00    100,00      0,00      0,00      0,00
20:08:46          4      0,50      0,00      0,00      0,00      0,00      0,00      0,00      0,00      0,00     99,50
20:08:46          5     88,00      0,00      6,50      0,00      0,00      0,00      0,00      0,00      0,00      5,50
20:08:46          6      0,60      0,00      0,00      0,00      0,00      0,00      8,33      0,00      0,00     91,07
20:08:46          7      0,00      0,00      0,00      0,00      0,00      0,00      0,00      0,00      0,00    100,00
20:08:46          8      0,00      0,00      0,00      0,00      0,00      0,00      0,00      0,00      0,00    100,00
20:08:46          9      0,00      0,00      0,50      0,00      0,00      0,00      0,00      0,00      0,00     99,50
20:08:46         10      0,00      0,00      0,00      0,00      0,00      0,00      0,00      0,00      0,00    100,00
20:08:46         11      0,00      0,00      0,00      0,00      0,00      0,00      0,00      0,00      0,00    100,00
20:08:46         12      0,00      0,00      0,00      0,00      0,00      0,00      0,00      0,00      0,00    100,00
20:08:46         13      4,52      0,00      0,50      0,00      0,00      0,00      0,00      0,00      0,00     94,97
20:08:46         14      0,50      0,00      0,00      0,00      0,00      0,00      0,00      0,00      0,00     99,50
20:08:46         15      0,00      0,00      0,00      0,00      0,00      0,00      0,00      0,00      0,00    100,00

20:08:44        IFACE   rxpck/s   txpck/s    rxkB/s    txkB/s   rxcmp/s   txcmp/s  rxmcst/s   %ifutil
20:08:46           lo      0,00      0,00      0,00      0,00      0,00      0,00      0,00      0,00
20:08:46         eno1      5,50 240600,50      0,36 120300,04      0,00      0,00      1,50     98,55
20:08:46         eno2      0,00      0,00      0,00      0,00      0,00      0,00      0,00      0,00
20:08:46      docker0      0,00      0,00      0,00      0,00      0,00      0,00      0,00      0,00
20:08:46      ens2np0 1372764,50 101472,50 681019,89  50339,65      0,00      0,00      0,00     55,79
20:08:46      ens2np1      0,00      0,00      0,00      0,00      0,00      0,00      0,00      0,00

20:08:46        CPU      %usr     %nice      %sys   %iowait    %steal      %irq     %soft    %guest    %gnice     %idle
20:08:48        all      7,68      0,00      0,83      0,00      0,00      0,00     23,05      0,00      0,00     68,44
20:08:48          0      0,55      0,00      0,00      0,00      0,00      0,00     58,01      0,00      0,00     41,44
20:08:48          1      0,00      0,00      0,00      0,00      0,00      0,00    100,00      0,00      0,00      0,00
20:08:48          2      0,00      0,00      0,00      0,00      0,00      0,00    100,00      0,00      0,00      0,00
20:08:48          3      0,00      0,00      0,00      0,00      0,00      0,00    100,00      0,00      0,00      0,00
20:08:48          4      3,02      0,00      0,50      0,00      0,00      0,00      0,00      0,00      0,00     96,48
20:08:48          5     90,50      0,00      9,50      0,00      0,00      0,00      0,00      0,00      0,00      0,00
20:08:48          6      2,96      0,00      0,00      0,00      0,00      0,00     10,65      0,00      0,00     86,39
20:08:48          7      4,04      0,00      0,51      0,00      0,00      0,00      0,00      0,00      0,00     95,45
20:08:48          8      3,02      0,00      0,00      0,00      0,00      0,00      0,00      0,00      0,00     96,98
20:08:48          9      1,01      0,00      0,51      0,00      0,00      0,00      0,00      0,00      0,00     98,48
20:08:48         10      0,00      0,00      0,00      0,00      0,00      0,00      0,00      0,00      0,00    100,00
20:08:48         11      2,51      0,00      0,00      0,00      0,00      0,00      0,00      0,00      0,00     97,49
20:08:48         12      5,50      0,00      0,00      0,00      0,00      0,00      0,00      0,00      0,00     94,50
20:08:48         13      1,99      0,00      0,50      0,00      0,00      0,00      0,00      0,00      0,00     97,51
20:08:48         14      6,03      0,00      0,50      0,00      0,00      0,00      0,00      0,00      0,00     93,47
20:08:48         15      0,00      0,00      1,01      0,00      0,00      0,00      0,00      0,00      0,00     98,99

20:08:46        IFACE   rxpck/s   txpck/s    rxkB/s    txkB/s   rxcmp/s   txcmp/s  rxmcst/s   %ifutil
20:08:48           lo      0,00      0,00      0,00      0,00      0,00      0,00      0,00      0,00
20:08:48         eno1      5,00 240602,00      0,32 120300,61      0,00      0,00      1,00     98,55
20:08:48         eno2      0,00      0,00      0,00      0,00      0,00      0,00      0,00      0,00
20:08:48      docker0      0,00      0,00      0,00      0,00      0,00      0,00      0,00      0,00
20:08:48      ens2np0 1365528,50 101425,00 677430,15  50315,85      0,00      0,00      0,00     55,50
20:08:48      ens2np1      0,00      0,00      0,00      0,00      0,00      0,00      0,00      0,00

20:08:48        CPU      %usr     %nice      %sys   %iowait    %steal      %irq     %soft    %guest    %gnice     %idle
20:08:50        all      6,42      0,00      0,61      0,00      0,00      0,00     22,57      0,00      0,00     70,40
20:08:50          0      0,58      0,00      0,00      0,00      0,00      0,00     56,07      0,00      0,00     43,35
20:08:50          1      0,00      0,00      0,00      0,00      0,00      0,00    100,00      0,00      0,00      0,00
20:08:50          2      0,00      0,00      0,00      0,00      0,00      0,00    100,00      0,00      0,00      0,00
20:08:50          3      0,00      0,00      0,00      0,00      0,00      0,00    100,00      0,00      0,00      0,00
20:08:50          4      3,00      0,00      0,00      0,00      0,00      0,00      0,00      0,00      0,00     97,00
20:08:50          5     92,50      0,00      7,50      0,00      0,00      0,00      0,00      0,00      0,00      0,00
20:08:50          6      0,00      0,00      0,00      0,00      0,00      0,00      6,10      0,00      0,00     93,90
20:08:50          7      0,00      0,00      0,00      0,00      0,00      0,00      0,00      0,00      0,00    100,00
20:08:50          8      0,50      0,00      1,00      0,00      0,00      0,00      0,00      0,00      0,00     98,50
20:08:50          9      0,00      0,00      0,50      0,00      0,00      0,00      0,00      0,00      0,00     99,50
20:08:50         10      0,00      0,00      0,00      0,00      0,00      0,00      0,00      0,00      0,00    100,00
20:08:50         11      0,00      0,00      0,00      0,00      0,00      0,00      0,00      0,00      0,00    100,00
20:08:50         12      0,00      0,00      0,00      0,00      0,00      0,00      0,00      0,00      0,00    100,00
20:08:50         13      0,00      0,00      0,00      0,00      0,00      0,00      0,00      0,00      0,00    100,00
20:08:50         14      2,51      0,00      0,50      0,00      0,00      0,00      0,00      0,00      0,00     96,98
20:08:50         15      1,50      0,00      0,00      0,00      0,00      0,00      0,00      0,00      0,00     98,50

20:08:48        IFACE   rxpck/s   txpck/s    rxkB/s    txkB/s   rxcmp/s   txcmp/s  rxmcst/s   %ifutil
20:08:50           lo      0,00      0,00      0,00      0,00      0,00      0,00      0,00      0,00
20:08:50         eno1      4,00 240599,50      0,25 120299,53      0,00      0,00      1,00     98,55
20:08:50         eno2      0,00      0,00      0,00      0,00      0,00      0,00      0,00      0,00
20:08:50      docker0      0,00      0,00      0,00      0,00      0,00      0,00      0,00      0,00
20:08:50      ens2np0 1376035,50 101819,00 682642,61  50511,54      0,00      0,00      0,00     55,92
20:08:50      ens2np1      0,00      0,00      0,00      0,00      0,00      0,00      0,00      0,00

Average:        CPU      %usr     %nice      %sys   %iowait    %steal      %irq     %soft    %guest    %gnice     %idle
Average:        all      7,99      0,00      0,97      0,03      0,00      0,00     18,07      0,00      0,00     72,94
Average:          0      1,83      0,00      0,33      0,02      0,00      0,00     44,91      0,00      0,00     52,91
Average:          1      1,14      0,00      0,36      0,00      0,00      0,00     78,42      0,00      0,00     20,08
Average:          2      0,98      0,00      0,22      0,00      0,00      0,00     78,50      0,00      0,00     20,30
Average:          3      0,92      0,00      0,12      0,00      0,00      0,00     78,50      0,00      0,00     20,46
Average:          4      2,78      0,00      0,85      0,00      0,00      0,00      0,02      0,00      0,00     96,36
Average:          5     78,95      0,00      7,02      0,00      0,00      0,00      0,00      0,00      0,00     14,03
Average:          6      2,59      0,00      0,69      0,02      0,00      0,00      9,30      0,00      0,00     87,40
Average:          7      2,75      0,00      0,58      0,02      0,00      0,00      0,00      0,00      0,00     96,64
Average:          8      3,00      0,00      0,97      0,12      0,00      0,00      0,00      0,00      0,00     95,91
Average:          9      2,85      0,00      0,26      0,02      0,00      0,00      0,00      0,00      0,00     96,86
Average:         10      2,63      0,00      0,30      0,00      0,00      0,00      0,00      0,00      0,00     97,07
Average:         11      1,51      0,00      0,52      0,00      0,00      0,00      0,00      0,00      0,00     97,97
Average:         12      3,46      0,00      0,88      0,04      0,00      0,00      0,00      0,00      0,00     95,62
Average:         13     14,84      0,00      0,82      0,00      0,00      0,00      0,00      0,00      0,00     84,34
Average:         14      2,80      0,00      0,89      0,30      0,00      0,00      0,00      0,00      0,00     96,01
Average:         15      3,44      0,00      0,60      0,00      0,00      0,00      0,00      0,00      0,00     95,96

Average:        IFACE   rxpck/s   txpck/s    rxkB/s    txkB/s   rxcmp/s   txcmp/s  rxmcst/s   %ifutil
Average:           lo      0,08      0,08      0,01      0,01      0,00      0,00      0,00      0,00
Average:         eno1      5,72 181313,42      0,75  90655,99      0,00      0,00      1,16     74,27
Average:         eno2      0,00      0,00      0,00      0,00      0,00      0,00      0,00      0,00
Average:      docker0      0,00      0,00      0,00      0,00      0,00      0,00      0,00      0,00
Average:      ens2np0 1070128,88  79467,84 530884,25  39416,09      0,00      0,00      0,00     43,49
Average:      ens2np1      0,00      0,00      0,00      0,00      0,00      0,00      0,00      0,00
