  Time    TX Packets     TX Packet Rate Avg TX Packet Rate    RX Packets     RX Packet Rate Avg RX Packet Rate       Latency mean  Core  Port
 1.000,     16060762,       15859611.07,       16093065.45,            0,              0.00,              0.00,              0.00,    1,    0
 1.500,            0,              0.00,              0.00,      1613240,        1250000.01,        1075545.73,                    0.0038954900,    2,    0
 2.000,     32156323,       16170313.61,       16094478.24,            0,              0.00,              0.00,              0.00,    1,    0
 2.500,            0,              0.00,              0.00,      2699650,         227272.73,        1079889.69,                    0.0038847249,    2,    0
 3.000,     48251884,       15947335.62,       16095166.14,            0,              0.00,              0.00,              0.00,    1,    0
 3.500,            0,              0.00,              0.00,      3787228,         854700.85,        1082087.25,                    0.0038789301,    2,    0
 4.000,     64343351,       16041062.61,       16094133.71,            0,              0.00,              0.00,              0.00,    1,    0
 4.500,            0,              0.00,              0.00,      4872980,         539083.56,        1082902.00,                 -507.1175699331,    2,    0
 5.000,     80443006,       16101628.26,       16095098.24,            0,              0.00,              0.00,              0.00,    1,    0
 5.500,            0,              0.00,              0.00,      5942833,        1724137.94,        1080529.61,                 -415.8234927557,    2,    0
 6.000,     96540614,       15997186.62,       16095727.01,            0,              0.00,              0.00,              0.00,    1,    0
 6.500,            0,              0.00,              0.00,      7027139,         101936.80,        1081110.56,                 -351.6602378716,    2,    0
 7.000,    112640269,       16015961.19,       16096144.15,            0,              0.00,              0.00,              0.00,    1,    0
 7.500,            0,              0.00,              0.00,      8110069,         524475.53,        1081352.58,                 -304.7028539354,    2,    0
 8.000,    128733783,       16161376.91,       16095817.99,            0,              0.00,              0.00,              0.00,    1,    0
 8.500,            0,              0.00,              0.00,      9191395,         369003.69,        1081349.80,                 -268.8554857620,    2,    0
 9.000,    144829344,       16156274.66,       16095911.54,            0,              0.00,              0.00,              0.00,    1,    0
 9.500,            0,              0.00,              0.00,     10275930,        4651162.79,        1081685.28,                 -240.4797195862,    2,    0
10.000,    160926952,       16216430.33,       16096057.88,            0,              0.00,              0.00,              0.00,    1,    0
10.500,            0,              0.00,              0.00,     11360899,         103305.79,        1081997.24,                 -217.5134698551,    2,    0
11.000,    177022513,       16195901.58,       16096013.41,            0,              0.00,              0.00,              0.00,    1,    0
11.500,            0,              0.00,              0.00,     12447619,         102986.61,        1082407.91,                 -198.5234573107,    2,    0
12.000,    193120121,       16123188.41,       16096142.01,            0,              0.00,              0.00,              0.00,    1,    0
12.500,            0,              0.00,              0.00,     13530458,        1492537.33,        1082443.05,                 -182.6353665659,    2,    0
13.000,    209213635,       16067503.93,       16095882.61,            0,              0.00,              0.00,              0.00,    1,    0
13.500,            0,              0.00,              0.00,     14611808,        1098901.10,        1082362.10,                 -169.1191093092,    2,    0
14.000,    225309196,       16170357.66,       16095941.45,            0,              0.00,              0.00,              0.00,    1,    0
14.500,            0,              0.00,              0.00,     15694188,        1818181.79,        1082363.32,                 -157.4552153839,    2,    0
15.000,    241408851,       15997186.62,       16096068.04,            0,              0.00,              0.00,              0.00,    1,    0
15.500,            0,              0.00,              0.00,     16767509,         638344.70,        1081779.85,                 -147.3759489483,    2,    0
16.000,    257506459,       16008446.08,       16096203.98,            0,              0.00,              0.00,              0.00,    1,    0
16.500,            0,              0.00,              0.00,     17849395,         174825.18,        1081786.05,                 -138.4429751249,    2,    0
17.000,    273597926,       16072550.25,       16095931.68,            0,              0.00,              0.00,              0.00,    1,    0
17.500,            0,              0.00,              0.00,     18930462,        1250000.01,        1081745.20,                 -130.5366528134,    2,    0
18.000,    289693487,       16180539.09,       16095925.41,            0,              0.00,              0.00,              0.00,    1,    0
18.500,            0,              0.00,              0.00,     20012390,        1140684.42,        1081755.10,                 -123.4792517660,    2,    0
19.000,    305793142,       16008446.08,       16096150.45,            0,              0.00,              0.00,              0.00,    1,    0
19.500,            0,              0.00,              0.00,     21094394,        3333333.37,        1081767.91,                 -117.1453771492,    2,    0
20.000,    321888703,       16032268.17,       16096071.08,            0,              0.00,              0.00,              0.00,    1,    0
20.500,            0,              0.00,              0.00,     22175038,        1242502.15,        1081713.09,                 -222.8766947616,    2,    0
21.000,    337986311,       16121918.56,       16096118.37,            0,              0.00,              0.00,              0.00,    1,    0
21.500,            0,              0.00,              0.00,     23256375,         641025.64,        1081695.46,                 -212.5135569640,    2,    0
22.000,    354085966,       16072550.25,       16096286.23,            0,              0.00,              0.00,              0.00,    1,    0
22.500,            0,              0.00,              0.00,     24336916,        1840490.78,        1081644.26,                 -203.0779401602,    2,    0
23.000,    370185621,       15912624.38,       16096439.10,            0,              0.00,              0.00,              0.00,    1,    0
23.500,            0,              0.00,              0.00,     25420063,         598802.40,        1081708.22,                 -194.4246388637,    2,    0
24.000,    386281182,       16072550.25,       16096393.46,            0,              0.00,              0.00,              0.00,    1,    0
24.500,            0,              0.00,              0.00,     26502357,         374531.84,        1081732.14,                 -186.4846347888,    2,    0
25.000,    402378790,       16063721.26,       16096449.18,            0,              0.00,              0.00,              0.00,    1,    0
25.500,            0,              0.00,              0.00,     27562526,         386100.38,        1080886.43,                 -179.3115103657,    2,    0
26.000,    418470257,       16119379.48,       16096291.16,            0,              0.00,              0.00,              0.00,    1,    0
26.500,            0,              0.00,              0.00,     28623905,         595238.10,        1080150.37,                 -172.6624640079,    2,    0
27.000,    434567865,       16044834.61,       16096310.34,            0,              0.00,              0.00,              0.00,    1,    0
27.500,            0,              0.00,              0.00,     29684252,        3278688.52,        1079430.23,                 -166.4946708883,    2,    0
28.000,    450667520,       16107963.49,       16096421.59,            0,              0.00,              0.00,              0.00,    1,    0
28.500,            0,              0.00,              0.00,     30746243,        1183431.95,        1078818.36,                 -160.7437229862,    2,    0
29.000,    466765128,       16056161.27,       16096518.30,            0,              0.00,              0.00,              0.00,    1,    0
29.500,            0,              0.00,              0.00,     31798727,        2900000.02,        1077925.65,                 -155.4232460047,    2,    0
30.000,    482864783,       16012202.75,       16096602.82,            0,              0.00,              0.00,              0.00,    1,    0
30.500,            0,              0.00,              0.00,     32857412,         743494.42,        1077294.74,                 -150.4152904600,    2,    0
31.000,    498962391,       16105428.80,       16096657.47,            0,              0.00,              0.00,              0.00,    1,    0
31.500,            0,              0.00,              0.00,     33920189,         645161.29,        1076833.92,                 -145.7024007155,    2,    0
32.000,    515057952,       16015961.19,       16096619.06,            0,              0.00,              0.00,              0.00,    1,    0
32.500,            0,              0.00,              0.00,     34982658,        1676300.56,        1076391.90,                 -141.2771085097,    2,    0
33.000,    531157607,       16086444.01,       16096654.06,            0,              0.00,              0.00,              0.00,    1,    0
33.500,            0,              0.00,              0.00,     36045702,         203052.79,        1075993.40,                 -137.1105096095,    2,    0
34.000,    547249074,       16228000.63,       16096524.07,            0,              0.00,              0.00,              0.00,    1,    0
34.500,            0,              0.00,              0.00,     37106875,        1423487.54,        1075563.91,                 -133.1893448555,    2,    0
35.000,    563346682,       16022229.18,       16096557.88,            0,              0.00,              0.00,              0.00,    1,    0
35.500,            0,              0.00,              0.00,     38157000,         338123.41,        1074847.22,                 -129.5237092147,    2,    0
36.000,    579440196,       16037292.39,       16096489.33,            0,              0.00,              0.00,              0.00,    1,    0
36.500,            0,              0.00,              0.00,     39220037,         103412.62,        1074523.69,                 -126.0129349860,    2,    0
37.000,    595535757,       16119379.48,       16096454.79,            0,              0.00,              0.00,              0.00,    1,    0
37.500,            0,              0.00,              0.00,     40283351,         791628.75,        1074224.82,                 -122.6866099780,    2,    0
38.000,    611633365,       16133354.35,       16096481.02,            0,              0.00,              0.00,              0.00,    1,    0
38.500,            0,              0.00,              0.00,     41343292,         617283.95,        1073853.80,                 -119.5411234593,    2,    0
39.000,    627728926,       15985942.99,       16096465.41,            0,              0.00,              0.00,              0.00,    1,    0
39.500,            0,              0.00,              0.00,     42405664,        1149425.29,        1073563.06,                 -116.5462088616,    2,    0
40.000,    643822440,       16215145.76,       16096362.10,            0,              0.00,              0.00,              0.00,    1,    0
40.500,            0,              0.00,              0.00,     43468821,         279329.61,        1073306.13,                 -113.6956342446,    2,    0
41.000,    659915954,       16183097.48,       16096319.60,            0,              0.00,              0.00,              0.00,    1,    0
41.500,            0,              0.00,              0.00,     44533845,         273224.04,        1073106.59,                 -110.9765162553,    2,    0
42.000,    676015609,       16202311.22,       16096384.00,            0,              0.00,              0.00,              0.00,    1,    0
42.500,            0,              0.00,              0.00,     45593900,        1250000.01,        1072799.50,                 -108.3962278758,    2,    0
43.000,    692107076,       16072550.25,       16096294.71,            0,              0.00,              0.00,              0.00,    1,    0
43.500,            0,              0.00,              0.00,     46654315,        1730310.26,        1072514.76,                 -105.9323789158,    2,    0
44.000,    708204684,       16190777.51,       16096293.73,            0,              0.00,              0.00,              0.00,    1,    0
44.500,            0,              0.00,              0.00,     47715854,         657894.73,        1072268.14,                 -103.5756035122,    2,    0
45.000,    724296151,       15953550.00,       16096207.08,            0,              0.00,              0.00,              0.00,    1,    0
45.500,            0,              0.00,              0.00,     48777229,         636942.68,        1072028.73,                 -101.3217494525,    2,    0
46.000,    740395806,       15990938.21,       16096256.70,            0,              0.00,              0.00,              0.00,    1,    0
46.500,            0,              0.00,              0.00,     49833562,        4651162.79,        1071691.21,                  -99.1739257250,    2,    0
47.000,    756491367,       16019721.40,       16096277.96,            0,              0.00,              0.00,              0.00,    1,    0
47.500,            0,              0.00,              0.00,     50897052,        1273885.35,        1071518.54,                  -97.1016116336,    2,    0
48.000,    772591022,       16128269.77,       16096331.67,            0,              0.00,              0.00,              0.00,    1,    0
48.500,            0,              0.00,              0.00,     51960671,         381679.39,        1071355.65,                  -95.1138905961,    2,    0
49.000,    788688630,       16047350.27,       16096358.66,            0,              0.00,              0.00,              0.00,    1,    0
49.500,            0,              0.00,              0.00,     53022530,        1282051.27,        1071163.82,                  -93.2090071375,    2,    0
50.000,    804784191,       16072593.77,       16096359.46,            0,              0.00,              0.00,              0.00,    1,    0
50.500,            0,              0.00,              0.00,     54085853,        1818181.79,        1071008.56,                  -91.3764487995,    2,    0
51.000,    820883846,       16072550.25,       16096415.45,            0,              0.00,              0.00,              0.00,    1,    0
51.500,            0,              0.00,              0.00,     55150009,        1630434.77,        1070875.49,                  -89.6132034620,    2,    0
52.000,    836975313,       16195901.58,       16096330.45,            0,              0.00,              0.00,              0.00,    1,    0
52.500,            0,              0.00,              0.00,     56215712,         763358.78,        1070776.98,                 -131.8734049059,    2,    0
53.000,    853072921,       15944851.22,       16096352.26,            0,              0.00,              0.00,              0.00,    1,    0
53.500,            0,              0.00,              0.00,     57281238,        1840880.24,        1070678.81,                 -129.4202676021,    2,    0
54.000,    869170529,       16258935.66,       16096373.87,            0,              0.00,              0.00,              0.00,    1,    0
54.500,            0,              0.00,              0.00,     58345780,        1886792.47,        1070566.23,                 -127.0588712764,    2,    0
55.000,    885264043,       16041062.61,       16096322.29,            0,              0.00,              0.00,              0.00,    1,    0
55.500,            0,              0.00,              0.00,     59410471,         606060.61,        1070460.37,                 -124.7817872141,    2,    0
56.000,    901363698,       16151175.64,       16096368.97,            0,              0.00,              0.00,              0.00,    1,    0
56.500,            0,              0.00,              0.00,     60463756,         500417.01,        1070156.30,                 -122.6080058916,    2,    0
57.000,    917459259,       15974715.16,       16096349.94,            0,              0.00,              0.00,              0.00,    1,    0
57.500,            0,              0.00,              0.00,     61527753,         231660.23,        1070049.02,                 -120.4876822327,    2,    0
58.000,    933558914,       16017214.40,       16096397.30,            0,              0.00,              0.00,              0.00,    1,    0
58.500,            0,              0.00,              0.00,     62589318,        2339181.30,        1069904.22,                 -118.4440474701,    2,    0
59.000,    949656522,       16144806.37,       16096440.53,            0,              0.00,              0.00,              0.00,    1,    0
59.500,            0,              0.00,              0.00,     63653927,         636942.68,        1069815.22,                 -116.4630102448,    2,    0
60.000,    965752083,       16057420.77,       16096412.91,            0,              0.00,              0.00,              0.00,    1,    0
